3.22061e-06	2.40629e-08
6.44122e-06	9.62514e-08
9.66184e-06	2.16564e-07
1.28824e-05	3.85e-07
1.61031e-05	6.01555e-07
1.93237e-05	8.66227e-07
2.25443e-05	1.17901e-06
2.57649e-05	1.5399e-06
2.89855e-05	1.9489e-06
3.22061e-05	2.40599e-06
3.54267e-05	2.91116e-06
3.86473e-05	3.46442e-06
4.1868e-05	4.06576e-06
4.50886e-05	4.71516e-06
4.83092e-05	5.41261e-06
5.15298e-05	6.15811e-06
5.47504e-05	6.95164e-06
5.7971e-05	7.7932e-06
6.11916e-05	8.68277e-06
6.44122e-05	9.62034e-06
6.76329e-05	1.06059e-05
7.08535e-05	1.16394e-05
7.40741e-05	1.2721e-05
7.72947e-05	1.38504e-05
8.05153e-05	1.50278e-05
8.37359e-05	1.62531e-05
8.69565e-05	1.75264e-05
9.01771e-05	1.88475e-05
9.33977e-05	2.02166e-05
9.66184e-05	2.16335e-05
9.9839e-05	2.30983e-05
0.00010306	2.46109e-05
0.00010628	2.61714e-05
0.000109501	2.77798e-05
0.000112721	2.94359e-05
0.000115942	3.11399e-05
0.000119163	3.28917e-05
0.000122383	3.46912e-05
0.000125604	3.65386e-05
0.000128824	3.84337e-05
0.000132045	4.03766e-05
0.000135266	4.23672e-05
0.000138486	4.44056e-05
0.000141707	4.64917e-05
0.000144928	4.86256e-05
0.000148148	5.08071e-05
0.000151369	5.30364e-05
0.000154589	5.53133e-05
0.00015781	5.7638e-05
0.000161031	6.00103e-05
0.000164251	6.24302e-05
0.000167472	6.48978e-05
0.000170692	6.74131e-05
0.000173913	6.9976e-05
0.000177134	7.25865e-05
0.000180354	7.52446e-05
0.000183575	7.79503e-05
0.000186795	8.07036e-05
0.000190016	8.35044e-05
0.000193237	8.63529e-05
0.000196457	8.92489e-05
0.000199678	9.21924e-05
0.000202899	9.51835e-05
0.000206119	9.82221e-05
0.00020934	0.000101308
0.00021256	0.000104442
0.000215781	0.000107623
0.000219002	0.000110852
0.000222222	0.000114128
0.000225414	0.000117421
0.000228651	0.000120809
0.000231935	0.000124295
0.000235266	0.000127881
0.000238645	0.000131571
0.000242072	0.000135367
0.000245548	0.000139272
0.000249075	0.00014329
0.000252652	0.000147423
0.00025628	0.000151676
0.000259961	0.000156051
0.000263695	0.000160552
0.000267482	0.000165182
0.000271323	0.000169946
0.00027522	0.000174847
0.000279172	0.00017989
0.000283182	0.000185077
0.000287249	0.000190414
0.000291374	0.000195904
0.000295559	0.000201553
0.000299803	0.000207364
0.000304109	0.000213342
0.000308476	0.000219492
0.000312907	0.00022582
0.0003174	0.000232329
0.000321959	0.000239026
0.000326583	0.000245915
0.000331273	0.000253003
0.000336031	0.000260294
0.000340857	0.000267795
0.000345752	0.000275512
0.000350717	0.000283451
0.000355754	0.000291618
0.000360863	0.00030002
0.000366046	0.000308663
0.000371303	0.000317555
0.000376635	0.000326703
0.000382045	0.000336113
0.000387531	0.000345794
0.000393097	0.000355753
0.000398742	0.000365999
0.000404469	0.000376538
0.000410278	0.000387381
0.00041617	0.000398535
0.000422147	0.000410009
0.00042821	0.000421813
0.000434359	0.000433956
0.000440598	0.000446447
0.000446925	0.000459297
0.000453344	0.000472516
0.000459855	0.000486115
0.000466459	0.000500104
0.000473158	0.000514494
0.000479953	0.000529297
0.000486846	0.000544525
0.000493838	0.00056019
0.00050093	0.000576304
0.000508124	0.00059288
0.000515422	0.000609932
0.000522824	0.000627472
0.000530333	0.000645516
0.000537949	0.000664076
0.000545675	0.000683169
0.000553512	0.000702809
0.000561461	0.000723012
0.000569525	0.000743793
0.000577704	0.00076517
0.000586001	0.000787159
0.000594417	0.000809778
0.000602953	0.000833045
0.000611613	0.000856977
0.000620396	0.000881595
0.000629306	0.000906917
0.000638344	0.000932965
0.000647512	0.000959757
0.000656811	0.000987316
0.000666244	0.00101566
0.000675812	0.00104482
0.000685518	0.00107481
0.000695363	0.00110566
0.00070535	0.00113739
0.00071548	0.00117003
0.000725755	0.0012036
0.000736178	0.00123813
0.000746751	0.00127365
0.000757475	0.00131018
0.000768354	0.00134775
0.000779389	0.00138639
0.000790582	0.00142614
0.000801936	0.00146703
0.000813453	0.00150908
0.000825136	0.00155232
0.000836986	0.00159681
0.000849006	0.00164256
0.0008612	0.00168961
0.000873568	0.00173801
0.000886114	0.00178779
0.00089884	0.00183898
0.000911748	0.00189163
0.000924843	0.00194578
0.000938125	0.00200148
0.000951598	0.00205875
0.000965264	0.00211766
0.000979127	0.00217825
0.000993189	0.00224055
0.00100745	0.00230463
0.00102192	0.00237053
0.0010366	0.00243831
0.00105148	0.00250801
0.00106659	0.00257969
0.0010819	0.0026534
0.00109744	0.00272921
0.0011132	0.00280717
0.00112919	0.00288734
0.00114541	0.00296979
0.00116186	0.00305458
0.00117854	0.00314177
0.00119547	0.00323143
0.00121264	0.00332363
0.00123005	0.00341844
0.00124772	0.00351594
0.00126564	0.0036162
0.00128381	0.00371929
0.00130225	0.0038253
0.00132095	0.00393432
0.00133993	0.00404641
0.00135917	0.00416167
0.00137869	0.00428019
0.00139849	0.00440205
0.00141857	0.00452736
0.00143895	0.0046562
0.00145961	0.00478868
0.00148057	0.0049249
0.00150184	0.00506495
0.00152341	0.00520895
0.00154529	0.00535701
0.00156748	0.00550924
0.00158999	0.00566576
0.00161282	0.00582668
0.00163599	0.00599212
0.00165948	0.00616222
0.00168332	0.00633709
0.00170749	0.00651689
0.00173201	0.00670172
0.00175689	0.00689175
0.00178212	0.00708711
0.00180771	0.00728795
0.00183367	0.00749442
0.00186001	0.00770667
0.00188672	0.00792486
0.00191382	0.00814917
0.0019413	0.00837975
0.00196918	0.00861677
0.00199746	0.00886043
0.00202615	0.00911089
0.00205525	0.00936834
0.00208477	0.00963298
0.00211471	0.009905
0.00214508	0.0101846
0.00217589	0.010472
0.00220713	0.0107674
0.00223883	0.011071
0.00227099	0.0113831
0.0023036	0.0117038
0.00233668	0.0120335
0.00237024	0.0123723
0.00240428	0.0127205
0.00243881	0.0130783
0.00247384	0.0134461
0.00250937	0.0138241
0.0025454	0.0142125
0.00258196	0.0146117
0.00261904	0.0150219
0.00265666	0.0154434
0.00269481	0.0158766
0.00273351	0.0163217
0.00277277	0.0167791
0.00281259	0.0172491
0.00285298	0.0177321
0.00289396	0.0182283
0.00293552	0.0187382
0.00297768	0.0192621
0.00302044	0.0198003
0.00306382	0.0203533
0.00310782	0.0209215
0.00315245	0.0215052
0.00319773	0.0221049
0.00324365	0.022721
0.00329024	0.0233539
0.00333749	0.0240041
0.00338542	0.024672
0.00343404	0.0253581
0.00348336	0.0260629
0.00353339	0.0267868
0.00358413	0.0275304
0.00363561	0.0282942
0.00368782	0.0290788
0.00374078	0.0298845
0.00379451	0.0307121
0.003849	0.031562
0.00390428	0.0324349
0.00396035	0.0333314
0.00401723	0.034252
0.00407492	0.0351974
0.00413344	0.0361682
0.00419281	0.0371651
0.00425302	0.0381888
0.0043141	0.0392399
0.00437606	0.0403191
0.00443891	0.0414273
0.00450266	0.042565
0.00456732	0.043733
0.00463292	0.0449322
0.00469945	0.0461633
0.00476695	0.0474272
0.00483541	0.0487245
0.00490485	0.0500563
0.00497529	0.0514233
0.00504675	0.0528265
0.00511922	0.0542668
0.00519274	0.055745
0.00526732	0.0572621
0.00534297	0.0588191
0.0054197	0.060417
0.00549754	0.0620568
0.00557649	0.0637396
0.00565658	0.0654663
0.00573782	0.067238
0.00582022	0.069056
0.00590381	0.0709212
0.0059886	0.0728348
0.0060746	0.0747981
0.00616184	0.0768122
0.00625034	0.0788784
0.0063401	0.0809978
0.00643116	0.0831718
0.00652352	0.0854017
0.00661721	0.0876888
0.00671224	0.0900345
0.00680864	0.0924402
0.00690642	0.0949072
0.00700561	0.097437
0.00710622	0.100031
0.00720828	0.102691
0.0073118	0.105418
0.00741681	0.108214
0.00752333	0.111081
0.00763137	0.11402
0.00774097	0.117032
0.00785214	0.12012
0.00796491	0.123285
0.0080793	0.126528
0.00819533	0.129853
0.00831303	0.13326
0.00843242	0.136751
0.00855352	0.140328
0.00867637	0.143994
0.00880097	0.147749
0.00892737	0.151597
0.00905558	0.155538
0.00918563	0.159575
0.00931755	0.163711
0.00945137	0.167947
0.00958711	0.172285
0.00972479	0.176727
0.00986446	0.181276
0.0100061	0.185934
0.0101498	0.190704
0.0102956	0.195586
0.0104435	0.200585
0.0105934	0.205702
0.0107456	0.210939
0.0108999	0.2163
0.0110564	0.221785
0.0112152	0.227399
0.0113763	0.233144
0.0115397	0.239021
0.0117054	0.245034
0.0118735	0.251185
0.012044	0.257477
0.012217	0.263912
0.0123925	0.270494
0.0125704	0.277225
0.012751	0.284107
0.0129341	0.291144
0.0131199	0.298338
0.0133083	0.305692
0.0134994	0.313208
0.0136933	0.320891
0.0138899	0.328742
0.0140894	0.336765
0.0142918	0.344961
0.014497	0.353336
0.0147052	0.36189
0.0149164	0.370627
0.0151306	0.379551
0.0153479	0.388663
0.0155684	0.397967
0.0157919	0.407466
0.0160187	0.417163
0.0162488	0.427061
0.0164822	0.437162
0.0167189	0.44747
0.016959	0.457988
0.0172025	0.468717
0.0174496	0.479663
0.0177002	0.490826
0.0179544	0.50221
0.0182123	0.513818
0.0184738	0.525652
0.0187391	0.537715
0.0190082	0.550011
0.0192812	0.562541
0.0195581	0.575308
0.019839	0.588314
0.020124	0.601563
0.020413	0.615056
0.0207061	0.628797
0.0210035	0.642786
0.0213051	0.657027
0.0216111	0.671521
0.0219215	0.68627
0.0222363	0.701277
0.0225557	0.716544
0.0228796	0.732071
0.0232082	0.74786
0.0235415	0.763914
0.0238796	0.780233
0.0242225	0.796818
0.0245704	0.813671
0.0249233	0.830793
0.0252812	0.848184
0.0256443	0.865844
0.0260126	0.883776
0.0263862	0.901977
0.0267651	0.92045
0.0271495	0.939193
0.0275394	0.958206
0.0279349	0.977488
0.0283361	0.99704
0.0287431	1.01686
0.0291559	1.03695
0.0295746	1.0573
0.0299993	1.07791
0.0304302	1.09879
0.0308672	1.11992
0.0313105	1.14132
0.0317602	1.16296
0.0322163	1.18486
0.032679	1.20701
0.0331483	1.22939
0.0336244	1.25202
0.0341073	1.27488
0.0345971	1.29798
0.035094	1.3213
0.035598	1.34483
0.0361092	1.36859
0.0366278	1.39255
0.0371538	1.41671
0.0376874	1.44106
0.0382287	1.46561
0.0387777	1.49033
0.0393346	1.51522
0.0398995	1.54027
0.0404726	1.56548
0.0410538	1.59083
0.0416434	1.61631
0.0422415	1.64192
0.0428481	1.66764
0.0434635	1.69346
0.0440877	1.71937
0.0447209	1.74536
0.0453631	1.77141
0.0460146	1.79751
0.0466755	1.82365
0.0473458	1.84981
0.0480258	1.87598
0.0487155	1.90214
0.0494151	1.92828
0.0501248	1.95438
0.0508447	1.98043
0.0515749	2.00641
0.0523156	2.03229
0.0530669	2.05807
0.053829	2.08372
0.0546021	2.10923
0.0553863	2.13458
0.0561817	2.15974
0.0569886	2.1847
0.057807	2.20943
0.0586372	2.23392
0.0594794	2.25814
0.0603336	2.28207
0.0612001	2.3057
0.062079	2.32899
0.0629706	2.35192
0.0638749	2.37448
0.0647923	2.39664
0.0657228	2.41838
0.0666667	2.43966
0.0676241	2.46048
0.0685953	2.4808
0.0695804	2.5006
0.0705797	2.51985
0.0715934	2.53854
0.0726216	2.55664
0.0736645	2.57412
0.0747225	2.59096
0.0757956	2.60714
0.0768841	2.62262
0.0779883	2.6374
0.0791084	2.65144
0.0802445	2.66472
0.0813969	2.67723
0.0825659	2.68892
0.0837517	2.69979
0.0849545	2.70982
0.0861746	2.71897
0.0874122	2.72723
0.0886676	2.73458
0.089941	2.741
0.0912327	2.74648
0.0925429	2.75098
0.093872	2.7545
0.0952201	2.75702
0.0965877	2.75853
0.0979748	2.759
0.0993819	2.75843
0.100809	2.7568
0.102257	2.7541
0.103726	2.75031
0.105215	2.74544
0.106726	2.73948
0.108259	2.7324
0.109814	2.72422
0.111391	2.71492
0.112991	2.70451
0.114613	2.69297
0.116259	2.68032
0.117929	2.66655
0.119623	2.65166
0.121341	2.63567
0.123083	2.61857
0.124851	2.60037
0.126644	2.58109
0.128463	2.56072
0.130308	2.5393
0.132179	2.51682
0.134078	2.49331
0.136003	2.46879
0.137956	2.44326
0.139938	2.41676
0.141947	2.3893
0.143986	2.36091
0.146054	2.33161
0.148151	2.30143
0.150279	2.2704
0.152437	2.23854
0.154627	2.2059
0.156847	2.17249
0.1591	2.13837
0.161385	2.10355
0.163703	2.06807
0.166054	2.03199
0.168438	1.99532
0.170857	1.95811
0.173311	1.92041
0.1758	1.88225
0.178325	1.84367
0.180886	1.80472
0.183484	1.76544
0.186119	1.72588
0.188792	1.68608
0.191503	1.64607
0.194254	1.60592
0.197043	1.56565
0.199873	1.52533
0.202744	1.48498
0.205655	1.44466
0.208609	1.40441
0.211605	1.36427
0.214644	1.32428
0.217727	1.2845
0.220853	1.24495
0.224025	1.20568
0.227243	1.16674
0.230506	1.12815
0.233817	1.08996
0.237175	1.0522
0.240581	1.01491
0.244036	0.978119
0.247541	0.941865
0.251096	0.906176
0.254702	0.871082
0.25836	0.83661
0.26207	0.802786
0.265834	0.769635
0.269652	0.737179
0.273525	0.705439
0.277453	0.674433
0.281437	0.644179
0.285479	0.614691
0.289579	0.585984
0.293738	0.558067
0.297957	0.530951
0.302236	0.504644
0.306576	0.47915
0.310979	0.454474
0.315445	0.430617
0.319976	0.407581
0.324571	0.385363
0.329232	0.36396
0.333961	0.343368
0.338757	0.323581
0.343622	0.30459
0.348557	0.286386
0.353563	0.268959
0.358641	0.252297
0.363791	0.236387
0.369016	0.221214
0.374316	0.206764
0.379691	0.19302
0.385144	0.179965
0.390676	0.167581
0.396286	0.15585
0.401978	0.144752
0.407751	0.134269
0.413607	0.124379
0.419547	0.115063
0.425572	0.1063
0.431684	0.0980688
0.437884	0.0903485
0.444172	0.0831182
0.450551	0.0763568
0.457022	0.0700436
0.463586	0.0641578
0.470243	0.058679
0.476997	0.053587
0.483847	0.048862
0.490796	0.0444845
0.497845	0.0404357
0.504995	0.0366968
0.512247	0.03325
0.519604	0.0300778
0.527066	0.0271631
0.534636	0.0244898
0.542314	0.022042
0.550102	0.0198048
0.558003	0.0177636
0.566017	0.0159046
0.574146	0.0142147
0.582391	0.0126812
0.590755	0.0112924
0.599239	0.010037
0.607846	0.00890427
0.616575	0.00788428
0.62543	0.00696761
0.634412	0.00614541
0.643524	0.00540945
0.652766	0.00475202
0.66214	0.00416596
0.67165	0.00364461
0.681296	0.00318182
0.69108	0.00277188
0.701005	0.00240955
0.711073	0.00209001
0.721285	0.00180883
0.731644	0.00156196
0.742151	0.00134572
0.75281	0.00115675
0.763621	0.000991984
0.774588	0.000848675
0.785713	0.000724327
0.796997	0.000616694
0.808443	0.000523761
0.820053	0.00044372
0.831831	0.000374959
0.843777	0.00031604
0.855895	0.000265686
0.868187	0.000222766
0.880656	0.00018628
0.893303	0.000155348
0.906133	0.000129196
0.919146	0.000107148
0.932346	8.86112e-05
0.945736	7.30721e-05
0.959319	6.00833e-05
0.973096	4.92581e-05
0.987071	4.02631e-05
1.00125	3.28114e-05
1.01563	2.6657e-05
1.03021	2.15899e-05
1.04501	1.7431e-05
1.06002	1.40284e-05
1.07524	1.12536e-05
1.09068	8.99813e-06
1.10635	7.17085e-06
1.12223	5.69544e-06
1.13835	4.5082e-06
1.1547	3.55613e-06
1.17128	2.79531e-06
1.18811	2.18948e-06
1.20517	1.70879e-06
1.22248	1.32878e-06
1.24003	1.02946e-06
1.25784	7.94585e-07
1.27591	6.10972e-07
1.29423	4.67983e-07
1.31282	3.57063e-07
1.33167	2.71358e-07
1.3508	2.05399e-07
1.3702	1.54843e-07
1.38988	1.16251e-07
1.40984	8.69134e-08
1.43008	6.47055e-08
1.45062	4.7966e-08
1.47146	3.54029e-08
1.49259	2.60154e-08
1.51402	1.9032e-08
1.53577	1.38603e-08
1.55782	1.00477e-08
1.5802	7.25008e-09
1.60289	5.20682e-09
1.62591	3.72158e-09
1.64926	2.64716e-09
1.67295	1.87371e-09
1.69697	1.31966e-09
1.72134	9.24769e-10
1.74607	6.4474e-10
1.77114	4.47184e-10
1.79658	3.08536e-10
1.82238	2.11746e-10
1.84855	1.44538e-10
1.8751	9.81252e-11
1.90203	6.62465e-11
1.92935	4.4474e-11
1.95706	2.96879e-11
1.98516	1.97045e-11
2.01367	1.30012e-11
2.04259	8.52751e-12
2.07193	5.56063e-12
2.10168	3.60247e-12
2.13187	2.32051e-12
2.16248	1.48502e-12
2.19354	9.4459e-13
2.22504	5.9636e-13
2.257	3.75109e-13
2.28941	2.33596e-13
2.32229	1.44957e-13
2.35564	8.90725e-14
2.38947	5.4669e-14
2.42379	3.30452e-14
2.4586	2.0657e-14
2.49391	1.18306e-14
2.52973	6.19277e-15
2.56606	3.12488e-15
2.60291	2.99936e-15
2.64029	1.6803e-15
2.67821	3.5615e-16
2.71667	1.06859e-15
2.75569	-2.20634e-16
2.79527	2.7603e-16
2.83541	-2.84839e-16
2.87613	4.4078e-16
2.91744	-2.04688e-17
2.95934	2.03079e-16
3.00184	3.08272e-17
3.04495	1.58392e-16
3.08868	2.08066e-16
3.13304	1.37284e-15
3.17803	-3.12676e-16
3.22367	-8.31559e-16
3.26997	-6.15037e-16
3.31693	1.00108e-15
3.36457	2.87209e-16
3.41289	2.06416e-16
3.46191	-7.28093e-17
3.51162	1.90054e-16
3.56206	1.02657e-16
3.61321	-5.62785e-16
3.66511	-3.59542e-16
3.71774	6.99545e-16
3.77113	6.81932e-16
3.82529	-3.86194e-16
3.88023	-3.35519e-16
3.93596	1.9397e-16
3.99248	1.01399e-15
4.04982	5.01375e-16
4.10798	-4.04681e-16
4.16698	-4.29741e-16
4.22683	6.78245e-16
4.28753	1.1766e-15
4.34911	1.58175e-16
4.41157	-3.90262e-16
4.47492	-8.45381e-16
4.53919	1.16907e-15
4.60438	4.97149e-16
4.67051	-4.37365e-16
4.73758	-1.65294e-16
4.80562	2.72797e-16
4.87464	2.86707e-16
4.94465	2.63254e-17
5.01566	-1.00607e-15
5.08769	2.39665e-16
5.16076	5.72822e-16
5.23488	-2.22708e-16
5.31006	5.03798e-17
5.38632	-1.39061e-16
5.46368	-1.02442e-16
5.54214	4.8675e-16
5.62174	-1.24105e-15
5.70247	7.56925e-16
5.78437	5.99274e-16
5.86744	-7.66537e-16
5.95171	2.29398e-16
6.03719	-8.9984e-17
6.12389	-4.21787e-16
6.21184	-4.87938e-16
6.30105	1.31234e-15
6.39154	-2.12545e-16
6.48334	1.32278e-16
6.57645	-7.81535e-17
6.6709	-7.54237e-17
6.7667	-2.19321e-16
6.86388	-1.47848e-16
6.96246	-6.57206e-16
7.06245	4.40752e-19
7.16388	-6.79367e-17
7.26676	4.17321e-16
7.37113	-3.8368e-16
7.47699	2.82483e-17
7.58437	-3.43004e-17
7.69329	6.77919e-17
7.80378	-1.83296e-17
7.91585	3.95026e-18
8.02954	-2.22621e-18
8.14486	1.66299e-18
8.26183	-3.91245e-19
8.38048	1.34893e-19
8.50084	-5.79585e-20
8.62293	9.1816e-21
8.74676	-2.76826e-21
8.87238	1.24881e-21
8.9998	-1.81046e-22
9.12905	6.45941e-23
9.26016	-1.7767e-23
9.39315	2.90544e-24
9.52805	-3.25888e-25
9.66489	1.67363e-25
9.8037	-5.04098e-26
9.94449	-1.22877e-28
10.0873	-1.42079e-27
10.2322	4.08458e-29
10.3791	-6.11877e-29
10.5282	3.94624e-30
10.6794	-7.0935e-31
10.8328	1.34942e-31
10.9883	-1.20186e-32
11.1462	4.07979e-34
11.3062	-3.56074e-34
11.4686	2.13112e-35
11.6333	-2.08308e-36
11.8004	4.25771e-37
11.9699	-4.28871e-38
12.1418	1.63126e-39
12.3161	-4.2156e-40
12.493	4.5202e-41
12.6724	-5.89533e-42
12.8544	5.60788e-43
13.039	-5.3777e-44
13.2263	4.22905e-45
13.4163	-2.43915e-46
13.6089	1.50679e-47
13.8044	-2.84742e-48
14.0026	4.64291e-49
14.2037	-3.93584e-50
14.4077	1.66371e-51
14.6146	-1.47402e-52
14.8245	8.78816e-54
15.0374	-1.27983e-54
15.2534	3.67986e-56
15.4725	-2.2364e-57
15.6947	1.10317e-58
15.9201	-7.16696e-60
16.1487	6.05363e-61
16.3806	-2.82747e-62
16.6159	1.39104e-63
16.8545	-7.19066e-65
17.0966	5.43392e-66
17.3421	-9.25201e-68
17.5912	7.12716e-69
17.8438	-3.6833e-70
18.1001	1.9668e-71
18.36	-3.28432e-74
18.6237	2.23282e-74
18.8912	-6.00574e-76
19.1625	1.97416e-77
19.4377	-2.04595e-78
19.7168	9.32321e-80
