1.98413e-05	-159075
3.96825e-05	-136613
5.95238e-05	-100790
7.93651e-05	-75590.5
9.92063e-05	-60470.5
0.000119048	-50390.5
0.000138889	-43190.5
0.00015873	-37790.5
0.000178571	-33590.5
0.000198413	-30230.5
0.000218254	-27481.4
0.000238095	-25190.5
0.000257937	-23252
0.000277778	-21590.5
0.000297619	-20150.5
0.00031746	-18890.5
0.000337302	-17778.7
0.000357143	-16790.5
0.000376984	-15906.3
0.000396825	-15110.5
0.000416667	-14390.5
0.000436508	-13735.9
0.000456349	-13138.3
0.00047619	-12590.5
0.000496032	-12086.5
0.000515873	-11621.2
0.000535714	-11190.5
0.000555556	-10790.5
0.000575397	-10418.1
0.000595238	-10070.5
0.000615079	-9745.3
0.000634921	-9440.46
0.000654762	-9154.1
0.000674603	-8884.58
0.000694444	-8630.46
0.000714286	-8390.46
0.000734127	-8163.43
0.000753968	-7948.36
0.00077381	-7744.31
0.000793651	-7550.46
0.000813492	-7366.07
0.000833333	-7190.46
0.000853175	-7023.02
0.000873016	-6863.19
0.000892857	-6710.46
0.000912698	-6564.37
0.00093254	-6424.5
0.000952381	-6290.46
0.000972222	-6161.88
0.000992063	-6038.46
0.0010119	-5919.87
0.00103175	-5805.84
0.00105159	-5696.11
0.00107143	-5590.45
0.00109127	-5488.64
0.00111111	-5390.45
0.00113095	-5295.72
0.00115079	-5204.25
0.00117063	-5115.88
0.00119048	-5030.45
0.00121032	-4947.83
0.00123016	-4867.87
0.00125	-4790.45
0.00126984	-4715.45
0.00128968	-4642.76
0.00130952	-4572.27
0.00132937	-4503.88
0.00134921	-4437.51
0.00136905	-4373.06
0.00138889	-4310.45
0.00140873	-4249.6
0.00142857	-4190.45
0.00144841	-4132.91
0.00146825	-4076.93
0.0014881	-4022.45
0.00150794	-3969.39
0.00152778	-3917.72
0.00154762	-3867.37
0.00156746	-3818.29
0.0015873	-3770.44
0.00160714	-3723.78
0.00162698	-3678.25
0.00164683	-3633.82
0.00166667	-3590.44
0.00168635	-3548.42
0.00170627	-3506.89
0.00172642	-3465.85
0.00174681	-3425.28
0.00176744	-3385.19
0.00178831	-3345.57
0.00180943	-3306.4
0.0018308	-3267.7
0.00185242	-3229.45
0.0018743	-3191.64
0.00189643	-3154.27
0.00191883	-3117.34
0.00194149	-3080.85
0.00196442	-3044.77
0.00198762	-3009.12
0.00201109	-2973.89
0.00203485	-2939.06
0.00205888	-2904.65
0.00208319	-2870.63
0.00210779	-2837.01
0.00213269	-2803.79
0.00215787	-2770.95
0.00218336	-2738.49
0.00220914	-2706.42
0.00223523	-2674.71
0.00226163	-2643.38
0.00228834	-2612.42
0.00231537	-2581.81
0.00234271	-2551.56
0.00237038	-2521.67
0.00239837	-2492.12
0.0024267	-2462.92
0.00245536	-2434.06
0.00248436	-2405.54
0.0025137	-2377.35
0.00254338	-2349.49
0.00257342	-2321.95
0.00260381	-2294.74
0.00263456	-2267.84
0.00266568	-2241.26
0.00269716	-2214.99
0.00272901	-2189.02
0.00276124	-2163.36
0.00279385	-2137.99
0.00282685	-2112.93
0.00286023	-2088.15
0.00289401	-2063.67
0.00292819	-2039.47
0.00296277	-2015.55
0.00299776	-1991.91
0.00303317	-1968.55
0.00306899	-1945.46
0.00310524	-1922.64
0.00314191	-1900.08
0.00317901	-1877.79
0.00321656	-1855.76
0.00325455	-1833.99
0.00329298	-1812.47
0.00333187	-1791.2
0.00337122	-1770.18
0.00341104	-1749.41
0.00345132	-1728.88
0.00349208	-1708.58
0.00353332	-1688.53
0.00357505	-1668.71
0.00361727	-1649.12
0.00365999	-1629.75
0.00370322	-1610.62
0.00374695	-1591.71
0.0037912	-1573.01
0.00383598	-1554.54
0.00388128	-1536.28
0.00392712	-1518.24
0.0039735	-1500.41
0.00402043	-1482.78
0.00406791	-1465.36
0.00411595	-1448.14
0.00416456	-1431.13
0.00421374	-1414.31
0.00426351	-1397.69
0.00431386	-1381.26
0.0043648	-1365.03
0.00441635	-1348.98
0.00446851	-1333.12
0.00452128	-1317.45
0.00457468	-1301.96
0.00462871	-1286.65
0.00468337	-1271.52
0.00473868	-1256.56
0.00479465	-1241.78
0.00485127	-1227.17
0.00490857	-1212.74
0.00496654	-1198.47
0.00502519	-1184.37
0.00508454	-1170.43
0.00514459	-1156.66
0.00520534	-1143.04
0.00526682	-1129.59
0.00532902	-1116.29
0.00539196	-1103.15
0.00545564	-1090.16
0.00552007	-1077.32
0.00558526	-1064.63
0.00565122	-1052.09
0.00571796	-1039.7
0.00578549	-1027.45
0.00585382	-1015.34
0.00592295	-1003.38
0.0059929	-991.551
0.00606368	-979.864
0.00613529	-968.313
0.00620775	-956.897
0.00628106	-945.614
0.00635524	-934.463
0.0064303	-923.442
0.00650624	-912.55
0.00658308	-901.785
0.00666082	-891.145
0.00673949	-880.63
0.00681908	-870.237
0.00689962	-859.966
0.0069811	-849.814
0.00706355	-839.781
0.00714697	-829.865
0.00723137	-820.065
0.00731678	-810.379
0.00740319	-800.806
0.00749062	-791.345
0.00757908	-781.994
0.00766859	-772.752
0.00775916	-763.618
0.0078508	-754.591
0.00794351	-745.669
0.00803733	-736.851
0.00813225	-728.136
0.00822829	-719.523
0.00832547	-711.01
0.00842379	-702.597
0.00852327	-694.282
0.00862393	-686.064
0.00872578	-677.941
0.00882884	-669.914
0.0089331	-661.98
0.0090386	-654.139
0.00914535	-646.389
0.00925336	-638.729
0.00936264	-631.159
0.00947321	-623.678
0.00958509	-616.283
0.00969829	-608.975
0.00981283	-601.753
0.00992872	-594.614
0.010046	-587.559
0.0101646	-580.586
0.0102847	-573.694
0.0104061	-566.883
0.010529	-560.151
0.0106534	-553.498
0.0107792	-546.923
0.0109065	-540.424
0.0110353	-534.001
0.0111656	-527.653
0.0112975	-521.379
0.0114309	-515.178
0.0115659	-509.05
0.0117025	-502.993
0.0118407	-497.006
0.0119806	-491.09
0.012122	-485.242
0.0122652	-479.463
0.0124101	-473.751
0.0125566	-468.106
0.0127049	-462.527
0.012855	-457.013
0.0130068	-451.563
0.0131604	-446.177
0.0133158	-440.853
0.0134731	-435.592
0.0136322	-430.392
0.0137932	-425.252
0.0139561	-420.173
0.0141209	-415.153
0.0142877	-410.191
0.0144564	-405.288
0.0146271	-400.441
0.0147999	-395.651
0.0149747	-390.917
0.0151515	-386.238
0.0153305	-381.614
0.0155115	-377.044
0.0156947	-372.527
0.0158801	-368.063
0.0160676	-363.65
0.0162574	-359.29
0.0164494	-354.98
0.0166436	-350.72
0.0168402	-346.51
0.0170391	-342.349
0.0172403	-338.237
0.0174439	-334.173
0.0176499	-330.156
0.0178584	-326.186
0.0180693	-322.262
0.0182827	-318.384
0.0184986	-314.551
0.0187171	-310.763
0.0189381	-307.019
0.0191618	-303.319
0.0193881	-299.662
0.0196171	-296.047
0.0198487	-292.475
0.0200831	-288.945
0.0203203	-285.455
0.0205603	-282.007
0.0208031	-278.598
0.0210488	-275.23
0.0212974	-271.9
0.0215489	-268.61
0.0218034	-265.357
0.0220609	-262.143
0.0223215	-258.966
0.0225851	-255.827
0.0228518	-252.724
0.0231217	-249.657
0.0233948	-246.626
0.023671	-243.63
0.0239506	-240.669
0.0242335	-237.743
0.0245197	-234.851
0.0248092	-231.992
0.0251022	-229.167
0.0253987	-226.375
0.0256986	-223.616
0.0260022	-220.889
0.0263092	-218.193
0.0266199	-215.529
0.0269343	-212.896
0.0272524	-210.294
0.0275743	-207.722
0.0278999	-205.18
0.0282294	-202.668
0.0285628	-200.185
0.0289001	-197.731
0.0292415	-195.306
0.0295868	-192.909
0.0299362	-190.54
0.0302898	-188.199
0.0306475	-185.885
0.0310094	-183.598
0.0313757	-181.338
0.0317462	-179.104
0.0321211	-176.896
0.0325005	-174.714
0.0328843	-172.557
0.0332727	-170.426
0.0336656	-168.32
0.0340632	-166.238
0.0344655	-164.18
0.0348725	-162.147
0.0352844	-160.137
0.0357011	-158.151
0.0361227	-156.188
0.0365493	-154.247
0.036981	-152.33
0.0374177	-150.435
0.0378596	-148.562
0.0383068	-146.711
0.0387592	-144.882
0.0392169	-143.074
0.0396801	-141.287
0.0401487	-139.521
0.0406228	-137.776
0.0411026	-136.051
0.041588	-134.346
0.0420792	-132.662
0.0425761	-130.997
0.043079	-129.351
0.0435877	-127.725
0.0441025	-126.118
0.0446234	-124.53
0.0451504	-122.96
0.0456836	-121.409
0.0462231	-119.875
0.046769	-118.36
0.0473213	-116.863
0.0478802	-115.383
0.0484457	-113.921
0.0490178	-112.475
0.0495967	-111.047
0.0501825	-109.635
0.0507751	-108.24
0.0513748	-106.862
0.0519815	-105.499
0.0525954	-104.153
0.0532166	-102.822
0.0538451	-101.507
0.054481	-100.208
0.0551244	-98.9237
0.0557754	-97.6547
0.0564341	-96.4006
0.0571006	-95.1613
0.057775	-93.9366
0.0584573	-92.7263
0.0591477	-91.5303
0.0598462	-90.3484
0.060553	-89.1805
0.0612681	-88.0264
0.0619917	-86.8859
0.0627238	-85.7589
0.0634646	-84.6452
0.0642141	-83.5447
0.0649725	-82.4572
0.0657398	-81.3826
0.0665162	-80.3208
0.0673018	-79.2715
0.0680966	-78.2347
0.0689008	-77.2102
0.0697145	-76.1978
0.0705379	-75.1975
0.0713709	-74.2091
0.0722138	-73.2325
0.0730667	-72.2675
0.0739296	-71.314
0.0748027	-70.3718
0.0756861	-69.4409
0.07658	-68.5212
0.0774844	-67.6124
0.0783995	-66.7145
0.0793254	-65.8273
0.0802622	-64.9507
0.0812101	-64.0847
0.0821692	-63.2291
0.0831396	-62.3837
0.0841215	-61.5485
0.085115	-60.7233
0.0861202	-59.9081
0.0871372	-59.1027
0.0881663	-58.307
0.0892076	-57.5209
0.0902611	-56.7443
0.0913271	-55.9771
0.0924057	-55.2192
0.093497	-54.4705
0.0946012	-53.7309
0.0957185	-53.0003
0.0968489	-52.2785
0.0979927	-51.5655
0.09915	-50.8613
0.100321	-50.1656
0.101506	-49.4784
0.102705	-48.7996
0.103917	-48.1291
0.105145	-47.4669
0.106386	-46.8128
0.107643	-46.1667
0.108914	-45.5285
0.1102	-44.8983
0.111502	-44.2758
0.112819	-43.661
0.114151	-43.0538
0.115499	-42.4541
0.116863	-41.8619
0.118243	-41.277
0.11964	-40.6994
0.121053	-40.129
0.122483	-39.5657
0.123929	-39.0095
0.125393	-38.4602
0.126874	-37.9178
0.128372	-37.3822
0.129888	-36.8533
0.131422	-36.3311
0.132974	-35.8155
0.134545	-35.3064
0.136133	-34.8037
0.137741	-34.3074
0.139368	-33.8174
0.141014	-33.3336
0.142679	-32.856
0.144364	-32.3845
0.146069	-31.919
0.147794	-31.4594
0.14954	-31.0058
0.151306	-30.5579
0.153093	-30.1158
0.154901	-29.6794
0.15673	-29.2487
0.158581	-28.8235
0.160454	-28.4038
0.162349	-27.9895
0.164266	-27.5806
0.166206	-27.1771
0.168169	-26.7788
0.170155	-26.3857
0.172165	-25.9977
0.174198	-25.6148
0.176255	-25.2369
0.178337	-24.864
0.180443	-24.496
0.182574	-24.1328
0.18473	-23.7745
0.186912	-23.4208
0.189119	-23.0719
0.191353	-22.7276
0.193613	-22.3878
0.195899	-22.0526
0.198213	-21.7218
0.200554	-21.3954
0.202922	-21.0734
0.205319	-20.7557
0.207744	-20.4423
0.210197	-20.1331
0.21268	-19.828
0.215191	-19.527
0.217733	-19.2301
0.220304	-18.9371
0.222906	-18.6482
0.225539	-18.3631
0.228202	-18.0819
0.230897	-17.8045
0.233624	-17.5309
0.236383	-17.2609
0.239175	-16.9947
0.242	-16.7321
0.244858	-16.473
0.247749	-16.2175
0.250675	-15.9655
0.253636	-15.7169
0.256631	-15.4717
0.259662	-15.2299
0.262729	-14.9913
0.265832	-14.7561
0.268971	-14.5241
0.272148	-14.2952
0.275362	-14.0695
0.278614	-13.8469
0.281904	-13.6274
0.285233	-13.4109
0.288602	-13.1974
0.29201	-12.9869
0.295459	-12.7792
0.298949	-12.5744
0.302479	-12.3724
0.306051	-12.1733
0.309666	-11.9769
0.313323	-11.7832
0.317023	-11.5922
0.320767	-11.4039
0.324556	-11.2181
0.328389	-11.035
0.332267	-10.8544
0.336191	-10.6763
0.340161	-10.5007
0.344179	-10.3276
0.348244	-10.1569
0.352356	-9.98856
0.356518	-9.8226
0.360728	-9.65897
0.364988	-9.49765
0.369299	-9.3386
0.37366	-9.1818
0.378073	-9.02722
0.382538	-8.87483
0.387056	-8.72461
0.391627	-8.57654
0.396252	-8.43058
0.400932	-8.28672
0.405667	-8.14493
0.410458	-8.00519
0.415306	-7.86747
0.42021	-7.73176
0.425173	-7.59804
0.430194	-7.46627
0.435275	-7.33645
0.440416	-7.20855
0.445617	-7.08256
0.45088	-6.95845
0.456204	-6.83621
0.461592	-6.71581
0.467044	-6.59725
0.472559	-6.48051
0.47814	-6.36556
0.483787	-6.25239
0.489501	-6.14099
0.495282	-6.03134
0.501131	-5.92341
0.507049	-5.8172
0.513038	-5.71269
0.519097	-5.60986
0.525227	-5.5087
0.53143	-5.40918
0.537706	-5.31129
0.544057	-5.21501
0.550482	-5.12033
0.556983	-5.02722
0.563561	-4.93567
0.570217	-4.84565
0.576951	-4.75714
0.583765	-4.67013
0.590659	-4.58459
0.597635	-4.5005
0.604693	-4.41784
0.611834	-4.33659
0.61906	-4.25672
0.626371	-4.17821
0.633769	-4.10104
0.641254	-4.02517
0.648827	-3.9506
0.65649	-3.87729
0.664243	-3.80521
0.672087	-3.73436
0.680025	-3.66469
0.688056	-3.5962
0.696182	-3.52885
0.704404	-3.46262
0.712723	-3.39749
0.72114	-3.33344
0.729657	-3.27044
0.738274	-3.20848
0.746993	-3.14753
0.755815	-3.08757
0.764741	-3.02859
0.773773	-2.97057
0.782911	-2.91348
0.792157	-2.85732
0.801513	-2.80206
0.810979	-2.74768
0.820556	-2.69418
0.830247	-2.64154
0.840052	-2.58974
0.849973	-2.53876
0.860012	-2.48861
0.870168	-2.43926
0.880445	-2.3907
0.890843	-2.34292
0.901364	-2.2959
0.912009	-2.24965
0.92278	-2.20414
0.933678	-2.15937
0.944705	-2.11533
0.955862	-2.07201
0.96715	-2.0294
0.978573	-1.98749
0.990129	-1.94627
1.00182	-1.90574
1.01365	-1.86589
1.02563	-1.82671
1.03774	-1.78819
1.04999	-1.75032
1.06239	-1.71311
1.07494	-1.67653
1.08764	-1.64059
1.10048	-1.60528
1.11348	-1.57059
1.12663	-1.53651
1.13993	-1.50304
1.1534	-1.47017
1.16702	-1.4379
1.1808	-1.40622
1.19475	-1.37512
1.20886	-1.3446
1.22313	-1.31464
1.23758	-1.28525
1.25219	-1.25642
1.26698	-1.22814
1.28195	-1.20041
1.29709	-1.17321
1.3124	-1.14655
1.3279	-1.12041
1.34359	-1.09479
1.35945	-1.06968
1.37551	-1.04508
1.39175	-1.02098
1.40819	-0.997376
1.42482	-0.974257
1.44165	-0.951617
1.45867	-0.929452
1.4759	-0.907753
1.49333	-0.886514
1.51097	-0.865729
1.52881	-0.845391
1.54687	-0.825492
1.56514	-0.806026
1.58362	-0.786987
1.60232	-0.768367
1.62125	-0.750159
1.64039	-0.732358
1.65977	-0.714954
1.67937	-0.697943
1.6992	-0.681317
1.71927	-0.665069
1.73957	-0.649192
1.76012	-0.633679
1.78091	-0.618524
1.80194	-0.60372
1.82322	-0.58926
1.84475	-0.575136
1.86654	-0.561344
1.88858	-0.547875
1.91089	-0.534723
1.93345	-0.521882
1.95629	-0.509344
1.97939	-0.497105
2.00277	-0.485156
2.02642	-0.473492
2.05035	-0.462106
2.07457	-0.450992
2.09907	-0.440144
2.12386	-0.429556
2.14894	-0.419222
2.17432	-0.409135
2.2	-0.399291
2.22598	-0.389682
2.25227	-0.380304
2.27887	-0.371151
2.30578	-0.362218
2.33301	-0.353498
2.36057	-0.344987
2.38844	-0.336679
2.41665	-0.32857
2.44519	-0.320654
2.47407	-0.312926
2.50329	-0.305382
2.53285	-0.298017
2.56277	-0.290825
2.59303	-0.283804
2.62366	-0.276947
2.65464	-0.270252
2.68599	-0.263713
2.71772	-0.257327
2.74981	-0.251089
2.78229	-0.244997
2.81515	-0.239045
2.84839	-0.23323
2.88203	-0.227549
2.91607	-0.221998
2.95051	-0.216574
2.98535	-0.211273
3.02061	-0.206093
3.05628	-0.201029
3.09238	-0.19608
3.1289	-0.191242
3.16585	-0.186512
3.20324	-0.181888
3.24107	-0.177366
3.27935	-0.172945
3.31808	-0.168622
3.35726	-0.164393
3.39691	-0.160258
3.43703	-0.156214
3.47762	-0.152258
3.51869	-0.148388
3.56025	-0.144603
3.6023	-0.1409
3.64484	-0.137277
3.68789	-0.133733
3.73144	-0.130266
3.77551	-0.126874
3.8201	-0.123554
3.86521	-0.120307
3.91086	-0.117129
3.95705	-0.114021
4.00378	-0.110979
4.05106	-0.108003
4.09891	-0.105091
4.14732	-0.102242
4.1963	-0.0994541
4.24585	-0.096727
4.296	-0.094059
4.34673	-0.091449
4.39807	-0.0888958
4.45001	-0.0863984
4.50256	-0.0839556
4.55574	-0.0815664
4.60954	-0.0792297
4.66398	-0.0769447
4.71906	-0.0747103
4.7748	-0.0725257
4.83119	-0.0703899
4.88824	-0.068302
4.94597	-0.0662612
5.00439	-0.0642667
5.06349	-0.0623176
5.12329	-0.0604132
5.18379	-0.0585527
5.24501	-0.0567353
5.30696	-0.0549604
5.36963	-0.0532271
5.43305	-0.0515347
5.49721	-0.0498827
5.56214	-0.0482703
5.62782	-0.0466969
5.69429	-0.0451617
5.76154	-0.0436642
5.82958	-0.0422038
5.89843	-0.0407798
5.96809	-0.0393917
6.03857	-0.0380387
6.10989	-0.0367205
6.18205	-0.0354363
6.25506	-0.0341856
6.32893	-0.0329678
6.40367	-0.0317825
6.4793	-0.0306289
6.55582	-0.0295067
6.63325	-0.0284153
6.71159	-0.0273541
6.79085	-0.0263226
6.87105	-0.0253204
6.9522	-0.0243468
7.0343	-0.0234014
7.11738	-0.0224836
7.20143	-0.021593
7.28648	-0.0207291
7.37254	-0.0198914
7.45961	-0.0190793
7.54771	-0.0182925
7.63684	-0.0175303
7.72704	-0.0167923
7.81829	-0.0160781
7.91063	-0.0153872
8.00405	-0.014719
8.09858	-0.0140732
8.19422	-0.0134492
8.291	-0.0128465
8.38891	-0.0122648
8.48799	-0.0117035
8.58823	-0.0111622
8.68966	-0.0106404
8.79228	-0.0101377
8.89612	-0.00965354
9.00118	-0.00918756
9.10749	-0.0087393
9.21505	-0.00830829
9.32388	-0.0078941
9.43399	-0.00749629
9.54541	-0.00711442
9.65814	-0.00674806
9.7722	-0.00639677
9.88761	-0.00606014
10.0044	-0.00573774
10.1225	-0.00542915
10.2421	-0.00513396
10.363	-0.00485176
10.4854	-0.00458215
10.6093	-0.00432473
10.7346	-0.00407911
10.8613	-0.00384489
10.9896	-0.0036217
11.1194	-0.00340915
11.2507	-0.00320688
11.3836	-0.00301452
11.518	-0.00283171
11.6541	-0.0026581
11.7917	-0.00249335
11.931	-0.00233711
12.0719	-0.00218905
12.2144	-0.00204885
12.3587	-0.00191619
12.5046	-0.00179076
12.6523	-0.00167225
12.8017	-0.00156037
12.9529	-0.00145483
13.1059	-0.00135535
13.2607	-0.00126166
13.4173	-0.00117349
13.5757	-0.00109057
13.7361	-0.00101267
13.8983	-0.000939541
14.0624	-0.000870942
14.2285	-0.00080665
14.3966	-0.000746443
14.5666	-0.000690109
14.7386	-0.000637443
14.9127	-0.000588246
15.0888	-0.000542329
15.267	-0.000499506
15.4473	-0.0004596
15.6297	-0.000422441
15.8143	-0.000387864
16.0011	-0.000355712
16.1901	-0.00032583
16.3813	-0.000298072
16.5747	-0.000272295
16.7705	-0.000248361
16.9685	-0.000226136
17.1689	-0.000205489
17.3717	-0.000186289
17.5769	-0.000168409
17.7844	-0.000151719
17.9945	-0.000136086
18.207	-0.000121372
18.422	-0.000107429
18.6396	-9.40893e-05
18.8597	-8.11588e-05
19.0824	-6.83908e-05
19.3078	-5.54418e-05
19.5358	-4.17533e-05
19.7666	-2.61198e-05
