2.77469e-06	4.57594e-30
5.54939e-06	1.00671e-28
8.32408e-06	7.00117e-28
1.10988e-05	2.85537e-27
1.38735e-05	8.57981e-27
1.66482e-05	2.1168e-26
1.94229e-05	4.5516e-26
2.21976e-05	8.84414e-26
2.49723e-05	1.59004e-25
2.77469e-05	2.68825e-25
3.05216e-05	4.32408e-25
3.32963e-05	6.67459e-25
3.6071e-05	9.95205e-25
3.88457e-05	1.44072e-24
4.16204e-05	2.03322e-24
4.43951e-05	2.80644e-24
4.71698e-05	3.79888e-24
4.99445e-05	5.05419e-24
5.27192e-05	6.62142e-24
5.54939e-05	8.55543e-24
5.82686e-05	1.09171e-23
6.10433e-05	1.37738e-23
6.3818e-05	1.71995e-23
6.65927e-05	2.12754e-23
6.93674e-05	2.60897e-23
7.21421e-05	3.17387e-23
7.49168e-05	3.83263e-23
7.76915e-05	4.59651e-23
8.04661e-05	5.47761e-23
8.32408e-05	6.48892e-23
8.60155e-05	7.64437e-23
8.87902e-05	8.95884e-23
9.15649e-05	1.04482e-22
9.43396e-05	1.21294e-22
9.71143e-05	1.40203e-22
9.9889e-05	1.614e-22
0.000102664	1.85087e-22
0.000105438	2.11476e-22
0.000108213	2.40792e-22
0.000110988	2.73273e-22
0.000113762	3.09168e-22
0.000116537	3.48739e-22
0.000119312	3.92262e-22
0.000122087	4.40024e-22
0.000124861	4.9233e-22
0.000127636	5.49495e-22
0.000130411	6.1185e-22
0.000133185	6.7974e-22
0.00013596	7.53528e-22
0.000138735	8.33587e-22
0.000141509	9.2031e-22
0.000144284	1.0141e-21
0.000147059	1.11539e-21
0.000149834	1.22462e-21
0.000152608	1.34224e-21
0.000155383	1.46872e-21
0.000158158	1.60457e-21
0.000160932	1.75028e-21
0.000163707	1.90639e-21
0.000166482	2.07344e-21
0.000169256	2.252e-21
0.000172031	2.44266e-21
0.000174806	2.64601e-21
0.00017758	2.86269e-21
0.000180355	3.09333e-21
0.00018313	3.3386e-21
0.000185905	3.59918e-21
0.000188679	3.87578e-21
0.000191428	4.16632e-21
0.000194217	4.47864e-21
0.000197047	4.81437e-21
0.000199917	5.17525e-21
0.00020283	5.56318e-21
0.000205785	5.98019e-21
0.000208783	6.42845e-21
0.000211825	6.91031e-21
0.000214911	7.42827e-21
0.000218042	7.98506e-21
0.000221219	8.58357e-21
0.000224442	9.22694e-21
0.000227712	9.91852e-21
0.000231029	1.06619e-20
0.000234395	1.14611e-20
0.00023781	1.23201e-20
0.000241275	1.32435e-20
0.00024479	1.4236e-20
0.000248356	1.5303e-20
0.000251975	1.64499e-20
0.000255646	1.76828e-20
0.00025937	1.90081e-20
0.000263149	2.04327e-20
0.000266983	2.1964e-20
0.000270873	2.36101e-20
0.000274819	2.53795e-20
0.000278823	2.72815e-20
0.000282885	2.9326e-20
0.000287006	3.15238e-20
0.000291188	3.38862e-20
0.00029543	3.64257e-20
0.000299734	3.91554e-20
0.000304101	4.20896e-20
0.000308532	4.52438e-20
0.000313027	4.86342e-20
0.000317587	5.22787e-20
0.000322214	5.61962e-20
0.000326908	6.04073e-20
0.000331671	6.49339e-20
0.000336503	6.97996e-20
0.000341406	7.50299e-20
0.00034638	8.0652e-20
0.000351426	8.66954e-20
0.000356546	9.31915e-20
0.000361741	1.00174e-19
0.000367011	1.0768e-19
0.000372358	1.15748e-19
0.000377783	1.24421e-19
0.000383287	1.33743e-19
0.000388871	1.43764e-19
0.000394537	1.54535e-19
0.000400285	1.66114e-19
0.000406117	1.78559e-19
0.000412033	1.91937e-19
0.000418036	2.06317e-19
0.000424127	2.21774e-19
0.000430306	2.38389e-19
0.000436575	2.56249e-19
0.000442935	2.75446e-19
0.000449389	2.96081e-19
0.000455936	3.18261e-19
0.000462578	3.42103e-19
0.000469318	3.67731e-19
0.000476155	3.95278e-19
0.000483092	4.24888e-19
0.000490131	4.56716e-19
0.000497271	4.90927e-19
0.000504516	5.277e-19
0.000511867	5.67228e-19
0.000519324	6.09715e-19
0.00052689	6.55384e-19
0.000534566	7.04473e-19
0.000542355	7.57238e-19
0.000550256	8.13954e-19
0.000558273	8.74917e-19
0.000566406	9.40445e-19
0.000574658	1.01088e-18
0.000583031	1.08659e-18
0.000591525	1.16796e-18
0.000600143	1.25543e-18
0.000608887	1.34945e-18
0.000617757	1.45051e-18
0.000626758	1.55913e-18
0.000635889	1.67589e-18
0.000645153	1.80138e-18
0.000654553	1.93627e-18
0.000664089	2.08126e-18
0.000673764	2.2371e-18
0.00068358	2.40461e-18
0.000693539	2.58466e-18
0.000703643	2.77818e-18
0.000713895	2.98619e-18
0.000724296	3.20976e-18
0.000734848	3.45007e-18
0.000745554	3.70837e-18
0.000756416	3.986e-18
0.000767437	4.2844e-18
0.000778617	4.60514e-18
0.000789961	4.94988e-18
0.00080147	5.32041e-18
0.000813147	5.71868e-18
0.000824994	6.14674e-18
0.000837013	6.60684e-18
0.000849208	7.10136e-18
0.00086158	7.63288e-18
0.000874132	8.20417e-18
0.000886868	8.81821e-18
0.000899788	9.47818e-18
0.000912898	1.01875e-17
0.000926198	1.09499e-17
0.000939692	1.17694e-17
0.000953382	1.26501e-17
0.000967272	1.35967e-17
0.000981364	1.46141e-17
0.000995662	1.57077e-17
0.00101017	1.6883e-17
0.00102488	1.81462e-17
0.00103982	1.95039e-17
0.00105497	2.09631e-17
0.00107034	2.25314e-17
0.00108593	2.4217e-17
0.00110175	2.60287e-17
0.0011178	2.79758e-17
0.00113409	3.00685e-17
0.00115061	3.23176e-17
0.00116737	3.47349e-17
0.00118438	3.7333e-17
0.00120164	4.01252e-17
0.00121914	4.31261e-17
0.0012369	4.63514e-17
0.00125493	4.98178e-17
0.00127321	5.35432e-17
0.00129176	5.75471e-17
0.00131058	6.18502e-17
0.00132967	6.64748e-17
0.00134904	7.14451e-17
0.0013687	7.67867e-17
0.00138864	8.25275e-17
0.00140887	8.86972e-17
0.0014294	9.53278e-17
0.00145022	1.02454e-16
0.00147135	1.10112e-16
0.00149279	1.18343e-16
0.00151453	1.27188e-16
0.0015366	1.36694e-16
0.00155899	1.46909e-16
0.0015817	1.57888e-16
0.00160474	1.69687e-16
0.00162812	1.82366e-16
0.00165184	1.95993e-16
0.00167591	2.10636e-16
0.00170033	2.26374e-16
0.0017251	2.43285e-16
0.00175023	2.6146e-16
0.00177573	2.80991e-16
0.0018016	3.0198e-16
0.00182785	3.24535e-16
0.00185448	3.48774e-16
0.0018815	3.74821e-16
0.00190891	4.02812e-16
0.00193672	4.32892e-16
0.00196494	4.65216e-16
0.00199356	4.99951e-16
0.00202261	5.37277e-16
0.00205208	5.77388e-16
0.00208197	6.2049e-16
0.00211231	6.66807e-16
0.00214308	7.16578e-16
0.0021743	7.7006e-16
0.00220598	8.2753e-16
0.00223812	8.89285e-16
0.00227073	9.55644e-16
0.00230381	1.02695e-15
0.00233737	1.10357e-15
0.00237143	1.1859e-15
0.00240598	1.27437e-15
0.00244103	1.36942e-15
0.00247659	1.47157e-15
0.00251267	1.58132e-15
0.00254928	1.69925e-15
0.00258642	1.82596e-15
0.00262411	1.96211e-15
0.00266234	2.1084e-15
0.00270112	2.26558e-15
0.00274048	2.43447e-15
0.0027804	2.61593e-15
0.00282091	2.8109e-15
0.00286201	3.02038e-15
0.00290371	3.24546e-15
0.00294601	3.48728e-15
0.00298893	3.7471e-15
0.00303248	4.02625e-15
0.00307666	4.32617e-15
0.00312148	4.6484e-15
0.00316696	4.9946e-15
0.0032131	5.36654e-15
0.00325991	5.76614e-15
0.0033074	6.19546e-15
0.00335559	6.65669e-15
0.00340448	7.1522e-15
0.00345408	7.68455e-15
0.0035044	8.25645e-15
0.00355546	8.87085e-15
0.00360726	9.5309e-15
0.00365981	1.024e-14
0.00371313	1.10017e-14
0.00376723	1.182e-14
0.00382211	1.26991e-14
0.0038778	1.36435e-14
0.00393429	1.46579e-14
0.00399161	1.57477e-14
0.00404977	1.69183e-14
0.00410877	1.81758e-14
0.00416863	1.95266e-14
0.00422936	2.09775e-14
0.00429098	2.25361e-14
0.0043535	2.42103e-14
0.00441692	2.60086e-14
0.00448128	2.79402e-14
0.00454656	3.00149e-14
0.0046128	3.22434e-14
0.00468001	3.46371e-14
0.00474819	3.7208e-14
0.00481737	3.99694e-14
0.00488755	4.29353e-14
0.00495876	4.61208e-14
0.005031	4.9542e-14
0.0051043	5.32166e-14
0.00517867	5.7163e-14
0.00525411	6.14014e-14
0.00533066	6.59533e-14
0.00540833	7.08419e-14
0.00548712	7.60919e-14
0.00556706	8.17301e-14
0.00564817	8.7785e-14
0.00573046	9.42873e-14
0.00581395	1.0127e-13
0.00589865	1.08769e-13
0.00598459	1.16821e-13
0.00607178	1.25468e-13
0.00616024	1.34753e-13
0.00624999	1.44723e-13
0.00634104	1.55429e-13
0.00643343	1.66925e-13
0.00652716	1.79268e-13
0.00662225	1.92522e-13
0.00671873	2.06753e-13
0.00681662	2.22032e-13
0.00691593	2.38437e-13
0.00701669	2.56051e-13
0.00711892	2.74962e-13
0.00722263	2.95264e-13
0.00732786	3.17062e-13
0.00743462	3.40463e-13
0.00754294	3.65585e-13
0.00765283	3.92555e-13
0.00776432	4.21508e-13
0.00787744	4.52589e-13
0.00799221	4.85954e-13
0.00810865	5.2177e-13
0.00822679	5.60216e-13
0.00834664	6.01485e-13
0.00846825	6.45782e-13
0.00859162	6.9333e-13
0.00871679	7.44365e-13
0.00884379	7.99142e-13
0.00897263	8.57935e-13
0.00910336	9.21036e-13
0.00923599	9.88759e-13
0.00937055	1.06144e-12
0.00950707	1.13945e-12
0.00964558	1.22316e-12
0.0097861	1.31299e-12
0.00992868	1.4094e-12
0.0100733	1.51285e-12
0.0102201	1.62386e-12
0.010369	1.74299e-12
0.0105201	1.87081e-12
0.0106733	2.00796e-12
0.0108288	2.15512e-12
0.0109866	2.31301e-12
0.0111467	2.48242e-12
0.011309	2.66417e-12
0.0114738	2.85916e-12
0.011641	3.06836e-12
0.0118106	3.29278e-12
0.0119826	3.53353e-12
0.0121572	3.79179e-12
0.0123343	4.06883e-12
0.012514	4.366e-12
0.0126964	4.68476e-12
0.0128813	5.02666e-12
0.013069	5.39337e-12
0.0132594	5.78668e-12
0.0134526	6.20851e-12
0.0136486	6.6609e-12
0.0138474	7.14607e-12
0.0140492	7.66637e-12
0.0142539	8.22431e-12
0.0144615	8.82262e-12
0.0146722	9.46417e-12
0.014886	1.01521e-11
0.0151028	1.08897e-11
0.0153229	1.16805e-11
0.0155461	1.25284e-11
0.0157726	1.34374e-11
0.0160024	1.44119e-11
0.0162355	1.54566e-11
0.0164721	1.65765e-11
0.0167121	1.7777e-11
0.0169555	1.90638e-11
0.0172026	2.0443e-11
0.0174532	2.19213e-11
0.0177075	2.35058e-11
0.0179655	2.52038e-11
0.0182272	2.70236e-11
0.0184928	2.89737e-11
0.0187622	3.10635e-11
0.0190355	3.33028e-11
0.0193129	3.57022e-11
0.0195942	3.8273e-11
0.0198797	4.10275e-11
0.0201693	4.39784e-11
0.0204632	4.71398e-11
0.0207613	5.05265e-11
0.0210638	5.41544e-11
0.0213707	5.80404e-11
0.021682	6.22027e-11
0.0219979	6.66608e-11
0.0223184	7.14355e-11
0.0226435	7.65489e-11
0.0229734	8.20248e-11
0.0233081	8.78887e-11
0.0236477	9.41676e-11
0.0239922	1.00891e-10
0.0243418	1.08089e-10
0.0246964	1.15795e-10
0.0250562	1.24046e-10
0.0254213	1.32878e-10
0.0257916	1.42332e-10
0.0261674	1.52451e-10
0.0265486	1.63282e-10
0.0269354	1.74874e-10
0.0273279	1.8728e-10
0.027726	2.00556e-10
0.0281299	2.14762e-10
0.0285398	2.29963e-10
0.0289556	2.46227e-10
0.0293774	2.63627e-10
0.0298054	2.82242e-10
0.0302397	3.02155e-10
0.0306802	3.23455e-10
0.0311272	3.46238e-10
0.0315807	3.70606e-10
0.0320408	3.96666e-10
0.0325076	4.24534e-10
0.0329812	4.54334e-10
0.0334617	4.86198e-10
0.0339492	5.20265e-10
0.0344439	5.56687e-10
0.0349457	5.95623e-10
0.0354548	6.37243e-10
0.0359713	6.8173e-10
0.0364954	7.29277e-10
0.0370271	7.80091e-10
0.0375666	8.34392e-10
0.0381139	8.92416e-10
0.0386692	9.54413e-10
0.0392325	1.02065e-09
0.0398041	1.09141e-09
0.040384	1.167e-09
0.0409724	1.24774e-09
0.0415693	1.33397e-09
0.042175	1.42606e-09
0.0427894	1.52441e-09
0.0434128	1.62942e-09
0.0440453	1.74154e-09
0.044687	1.86124e-09
0.045338	1.98902e-09
0.0459986	2.12541e-09
0.0466687	2.27099e-09
0.0473487	2.42636e-09
0.0480385	2.59216e-09
0.0487384	2.76907e-09
0.0494484	2.95783e-09
0.0501689	3.1592e-09
0.0508998	3.37401e-09
0.0516413	3.60315e-09
0.0523937	3.84753e-09
0.053157	4.10814e-09
0.0539315	4.38605e-09
0.0547172	4.68237e-09
0.0555144	4.99828e-09
0.0563232	5.33504e-09
0.0571438	5.69401e-09
0.0579763	6.0766e-09
0.058821	6.48433e-09
0.0596779	6.9188e-09
0.0605474	7.38172e-09
0.0614295	7.8749e-09
0.0623245	8.40027e-09
0.0632325	8.95985e-09
0.0641537	9.55582e-09
0.0650884	1.01905e-08
0.0660367	1.08663e-08
0.0669988	1.15857e-08
0.0679749	1.23517e-08
0.0689652	1.3167e-08
0.06997	1.40347e-08
0.0709894	1.49581e-08
0.0720236	1.59407e-08
0.073073	1.69861e-08
0.0741376	1.80983e-08
0.0752177	1.92812e-08
0.0763135	2.05394e-08
0.0774254	2.18774e-08
0.0785534	2.33001e-08
0.0796978	2.48128e-08
0.0808589	2.64207e-08
0.082037	2.81299e-08
0.0832322	2.99464e-08
0.0844448	3.18766e-08
0.0856751	3.39276e-08
0.0869233	3.61065e-08
0.0881897	3.84211e-08
0.0894745	4.08794e-08
0.0907781	4.349e-08
0.0921007	4.62621e-08
0.0934425	4.92052e-08
0.0948039	5.23294e-08
0.0961851	5.56456e-08
0.0975864	5.91648e-08
0.0990081	6.28993e-08
0.100451	6.68614e-08
0.101914	7.10646e-08
0.103399	7.55228e-08
0.104905	8.0251e-08
0.106434	8.52648e-08
0.107984	9.05806e-08
0.109558	9.62158e-08
0.111154	1.02189e-07
0.112773	1.08519e-07
0.114416	1.15227e-07
0.116083	1.22334e-07
0.117774	1.29863e-07
0.11949	1.37837e-07
0.121231	1.46282e-07
0.122997	1.55225e-07
0.124789	1.64692e-07
0.126607	1.74714e-07
0.128452	1.85322e-07
0.130323	1.96547e-07
0.132222	2.08425e-07
0.134148	2.20991e-07
0.136103	2.34283e-07
0.138086	2.48341e-07
0.140097	2.63207e-07
0.142139	2.78925e-07
0.144209	2.95541e-07
0.14631	3.13104e-07
0.148442	3.31665e-07
0.150605	3.51279e-07
0.152799	3.72001e-07
0.155025	3.9389e-07
0.157283	4.1701e-07
0.159575	4.41425e-07
0.1619	4.67204e-07
0.164259	4.94419e-07
0.166652	5.23146e-07
0.16908	5.53464e-07
0.171543	5.85456e-07
0.174042	6.1921e-07
0.176578	6.54818e-07
0.17915	6.92375e-07
0.18176	7.31981e-07
0.184409	7.73744e-07
0.187095	8.17773e-07
0.189821	8.64184e-07
0.192587	9.13099e-07
0.195392	9.64645e-07
0.198239	1.01896e-06
0.201127	1.07617e-06
0.204057	1.13644e-06
0.20703	1.1999e-06
0.210047	1.26674e-06
0.213107	1.3371e-06
0.216212	1.41118e-06
0.219362	1.48914e-06
0.222558	1.57119e-06
0.2258	1.65753e-06
0.22909	1.74836e-06
0.232427	1.84391e-06
0.235814	1.94441e-06
0.239249	2.0501e-06
0.242735	2.16123e-06
0.246271	2.27806e-06
0.249859	2.40088e-06
0.253499	2.52997e-06
0.257193	2.66562e-06
0.26094	2.80816e-06
0.264741	2.95792e-06
0.268598	3.11524e-06
0.272512	3.28047e-06
0.276482	3.454e-06
0.28051	3.63621e-06
0.284597	3.82752e-06
0.288743	4.02835e-06
0.29295	4.23916e-06
0.297218	4.46039e-06
0.301548	4.69255e-06
0.305941	4.93614e-06
0.310399	5.19169e-06
0.314921	5.45976e-06
0.319509	5.74092e-06
0.324164	6.03579e-06
0.328887	6.34498e-06
0.333678	6.66915e-06
0.33854	7.009e-06
0.343472	7.36525e-06
0.348476	7.73863e-06
0.353553	8.12994e-06
0.358704	8.53998e-06
0.36393	8.96962e-06
0.369232	9.41973e-06
0.374611	9.89126e-06
0.380069	1.03852e-05
0.385607	1.09025e-05
0.391224	1.14442e-05
0.396924	1.20116e-05
0.402707	1.26056e-05
0.408574	1.32276e-05
0.414527	1.38788e-05
0.420566	1.45605e-05
0.426693	1.52741e-05
0.43291	1.6021e-05
0.439217	1.68028e-05
0.445616	1.7621e-05
0.452108	1.84773e-05
0.458695	1.93735e-05
0.465378	2.03112e-05
0.472158	2.12925e-05
0.479037	2.23193e-05
0.486016	2.33937e-05
0.493097	2.45179e-05
0.500281	2.56941e-05
0.507569	2.69247e-05
0.514964	2.82122e-05
0.522467	2.95593e-05
0.530079	3.09686e-05
0.537801	3.24431e-05
0.545637	3.39858e-05
0.553586	3.55999e-05
0.561651	3.72886e-05
0.569834	3.90555e-05
0.578136	4.09043e-05
0.586559	4.28388e-05
0.595105	4.4863e-05
0.603775	4.69812e-05
0.612571	4.9198e-05
0.621496	5.1518e-05
0.63055	5.39463e-05
0.639737	5.64879e-05
0.649057	5.91486e-05
0.658514	6.1934e-05
0.668108	6.48503e-05
0.677841	6.79039e-05
0.687717	7.11017e-05
0.697736	7.44508e-05
0.707902	7.79588e-05
0.718215	8.16336e-05
0.728679	8.54837e-05
0.739295	8.9518e-05
0.750066	9.37457e-05
0.760994	9.81768e-05
0.772081	0.000102822
0.783329	0.000107691
0.794742	0.000112798
0.80632	0.000118152
0.818068	0.000123769
0.829986	0.00012966
0.842078	0.000135842
0.854347	0.000142328
0.866794	0.000149135
0.879422	0.000156279
0.892235	0.00016378
0.905234	0.000171655
0.918422	0.000179924
0.931803	0.000188609
0.945378	0.000197732
0.959151	0.000207316
0.973125	0.000217386
0.987303	0.000227968
1.00169	0.00023909
1.01628	0.000250781
1.03109	0.000263072
1.04611	0.000275995
1.06135	0.000289586
1.07681	0.000303879
1.0925	0.000318914
1.10842	0.000334732
1.12457	0.000351374
1.14095	0.000368888
1.15757	0.00038732
1.17444	0.000406722
1.19155	0.000427147
1.20891	0.000448651
1.22652	0.000471296
1.24439	0.000495144
1.26252	0.000520262
1.28091	0.000546721
1.29958	0.000574597
1.31851	0.000603968
1.33772	0.000634919
1.35721	0.000667538
1.37698	0.000701918
1.39704	0.000738159
1.4174	0.000776367
1.43805	0.00081665
1.459	0.000859127
1.48025	0.000903922
1.50182	0.000951165
1.5237	0.00100099
1.5459	0.00105356
1.56842	0.00110901
1.59127	0.00116751
1.61446	0.00122923
1.63798	0.00129436
1.66184	0.0013631
1.68605	0.00143563
1.71062	0.00151219
1.73554	0.00159299
1.76082	0.00167828
1.78648	0.00176832
1.8125	0.00186337
1.83891	0.00196371
1.8657	0.00206966
1.89288	0.00218153
1.92046	0.00229965
1.94844	0.00242438
1.97683	0.0025561
2.00563	0.00269521
2.03485	0.00284212
2.06449	0.00299728
2.09457	0.00316115
2.12509	0.00333425
2.15605	0.00351707
2.18746	0.00371019
2.21933	0.00391418
2.25166	0.00412966
2.28447	0.00435728
2.31775	0.00459773
2.35152	0.00485172
2.38578	0.00512003
2.42054	0.00540346
2.4558	0.00570286
2.49158	0.00601911
2.52788	0.00635317
2.56471	0.00670603
2.60208	0.00707872
2.63999	0.00747236
2.67845	0.00788809
2.71747	0.00832713
2.75706	0.00879077
2.79723	0.00928034
2.83798	0.00979725
2.87933	0.010343
2.92128	0.0109191
2.96384	0.0115272
3.00702	0.0121691
3.05083	0.0128465
3.09528	0.0135612
3.14037	0.0143153
3.18612	0.0151108
3.23254	0.0159498
3.27964	0.0168347
3.32742	0.0177677
3.3759	0.0187512
3.42508	0.0197879
3.47498	0.0208803
3.52561	0.0220313
3.57697	0.0232437
3.62909	0.0245205
3.68196	0.0258649
3.7356	0.0272799
3.79003	0.028769
3.84524	0.0303357
3.90127	0.0319834
3.9581	0.0337159
4.01577	0.035537
4.07428	0.0374507
4.13363	0.039461
4.19386	0.0415719
4.25496	0.0437879
4.31695	0.0461133
4.37984	0.0485525
4.44365	0.0511101
4.50839	0.0537908
4.57408	0.0565992
4.64072	0.0595402
4.70833	0.0626186
4.77692	0.0658393
4.84652	0.0692072
4.91713	0.0727271
4.98877	0.076404
5.06145	0.0802426
5.13519	0.0842478
5.21001	0.0884242
5.28591	0.0927763
5.36292	0.0973086
5.44105	0.102025
5.52033	0.10693
5.60075	0.112026
5.68235	0.117318
5.76514	0.122807
5.84913	0.128497
5.93435	0.134389
6.0208	0.140484
6.10852	0.146782
6.19752	0.153284
6.28781	0.159989
6.37942	0.166894
6.47236	0.173996
6.56666	0.18129
6.66233	0.188771
6.75939	0.196432
6.85787	0.204264
6.95778	0.212257
7.05915	0.220398
7.162	0.228673
7.26634	0.237066
7.3722	0.245558
7.47961	0.254127
7.58858	0.262751
7.69914	0.271402
7.81131	0.28005
7.92511	0.288664
8.04058	0.297207
8.15772	0.305641
8.27657	0.313921
8.39715	0.322003
8.51949	0.329835
8.64361	0.337364
8.76954	0.344533
8.89731	0.35128
9.02693	0.35754
9.15845	0.363243
9.29188	0.368319
9.42725	0.372691
9.5646	0.37628
9.70395	0.379005
9.84532	0.380783
9.98876	0.381529
10.1343	0.381155
10.2819	0.379576
10.4317	0.376706
10.5837	0.372459
10.7379	0.366754
10.8944	0.359513
11.0531	0.350662
11.2141	0.340136
11.3775	0.327875
11.5432	0.313833
11.7114	0.297973
11.882	0.280273
12.0552	0.260727
12.2308	0.239348
12.409	0.216166
12.5898	0.191237
12.7732	0.16464
12.9593	0.136481
13.1481	0.106894
13.3396	0.076043
13.534	0.0441243
13.7312	0.0113662
13.9312	-0.0219697
14.1342	-0.0555886
14.3401	-0.0891631
14.549	-0.122334
14.761	-0.154714
14.9761	-0.185888
15.1942	-0.215419
15.4156	-0.242855
15.6402	-0.267729
15.8681	-0.289574
16.0992	-0.307926
16.3338	-0.322339
16.5718	-0.332388
16.8132	-0.337691
17.0582	-0.337913
17.3067	-0.332783
17.5588	-0.322112
17.8146	-0.305798
18.0742	-0.283848
18.3375	-0.256386
18.6047	-0.223664
18.8757	-0.186074
19.1507	-0.144155
19.4297	-0.09859
19.7128	-0.0502135
