6.75676e-06	3.42158e-05
1.35135e-05	6.84304e-05
2.02703e-05	0.000102643
2.7027e-05	0.000136852
3.37838e-05	0.000171056
4.05405e-05	0.000205255
4.72973e-05	0.000239448
5.40541e-05	0.000273633
6.08108e-05	0.00030781
6.75676e-05	0.000341979
7.43243e-05	0.00037614
8.10811e-05	0.00041029
8.78378e-05	0.000444432
9.45946e-05	0.000478565
0.000101351	0.000512688
0.000108108	0.000546802
0.000114865	0.000580907
0.000121622	0.000615002
0.000128378	0.000649089
0.000135135	0.000683166
0.000141892	0.000717234
0.000148649	0.000751292
0.000155405	0.000785342
0.000162162	0.000819382
0.000168919	0.000853413
0.000175676	0.000887435
0.000182432	0.000921447
0.000189189	0.00095545
0.000195946	0.000989445
0.000202703	0.00102343
0.000209459	0.00105741
0.000216216	0.00109137
0.000222973	0.00112533
0.00022973	0.00115928
0.000236486	0.00119322
0.000243243	0.00122715
0.00025	0.00126107
0.000256757	0.00129498
0.000263514	0.00132888
0.00027027	0.00136277
0.000277027	0.00139666
0.000283784	0.00143053
0.000290541	0.00146439
0.000297297	0.00149825
0.000304054	0.0015321
0.000310811	0.00156594
0.000317568	0.00159976
0.000324324	0.00163358
0.000331081	0.00166739
0.000337838	0.00170119
0.000344595	0.00173499
0.000351351	0.00176877
0.000358108	0.00180254
0.000364865	0.00183631
0.000371622	0.00187006
0.000378378	0.00190381
0.000385135	0.00193754
0.000391892	0.00197127
0.000398649	0.00200499
0.000405405	0.0020387
0.000412162	0.0020724
0.000418919	0.00210609
0.000425676	0.00213977
0.000432432	0.00217344
0.000439189	0.00220711
0.000445946	0.00224076
0.000452703	0.0022744
0.000459459	0.00230804
0.000466216	0.00234167
0.000472973	0.00237528
0.00047973	0.00240889
0.000486486	0.00244249
0.000493243	0.00247608
0.0005	0.00250966
0.000506667	0.00254279
0.000513423	0.00257635
0.000520269	0.00261034
0.000527206	0.00264478
0.000534236	0.00267967
0.000541359	0.00271502
0.000548578	0.00275082
0.000555892	0.00278709
0.000563304	0.00282384
0.000570815	0.00286106
0.000578427	0.00289877
0.000586139	0.00293697
0.000593955	0.00297567
0.000601875	0.00301487
0.0006099	0.00305458
0.000618032	0.0030948
0.000626273	0.00313555
0.000634624	0.00317683
0.000643086	0.00321865
0.000651661	0.003261
0.00066035	0.00330391
0.000669155	0.00334738
0.000678077	0.0033914
0.000687119	0.003436
0.000696281	0.00348118
0.000705565	0.00352694
0.000714973	0.0035733
0.000724506	0.00362025
0.000734167	0.00366782
0.000743956	0.00371599
0.000753876	0.0037648
0.000763928	0.00381423
0.000774114	0.0038643
0.000784436	0.00391501
0.000794896	0.00396639
0.000805495	0.00401842
0.000816235	0.00407112
0.000827119	0.00412451
0.000838147	0.00417858
0.000849323	0.00423335
0.000860648	0.00428882
0.000872124	0.00434501
0.000883753	0.00440192
0.000895537	0.00445956
0.000907478	0.00451794
0.000919578	0.00457707
0.000931839	0.00463696
0.000944264	0.00469762
0.000956855	0.00475906
0.000969614	0.00482128
0.000982542	0.0048843
0.000995644	0.00494813
0.00100892	0.00501277
0.00102237	0.00507824
0.001036	0.00514454
0.00104982	0.00521169
0.00106382	0.0052797
0.001078	0.00534858
0.00109238	0.00541833
0.00110694	0.00548897
0.0011217	0.00556051
0.00113666	0.00563297
0.00115181	0.00570634
0.00116717	0.00578064
0.00118273	0.00585589
0.00119851	0.00593209
0.00121449	0.00600926
0.00123068	0.0060874
0.00124709	0.00616654
0.00126372	0.00624668
0.00128057	0.00632782
0.00129764	0.00641
0.00131495	0.00649321
0.00133248	0.00657747
0.00135025	0.00666279
0.00136825	0.00674919
0.00138649	0.00683667
0.00140498	0.00692526
0.00142372	0.00701495
0.0014427	0.00710578
0.00146194	0.00719774
0.00148143	0.00729085
0.00150118	0.00738513
0.0015212	0.00748059
0.00154148	0.00757724
0.00156204	0.0076751
0.00158287	0.00777417
0.00160397	0.00787449
0.00162536	0.00797605
0.00164703	0.00807887
0.00166899	0.00818298
0.00169125	0.00828837
0.0017138	0.00839507
0.00173665	0.00850309
0.00175981	0.00861245
0.00178327	0.00872316
0.00180705	0.00883524
0.00183114	0.0089487
0.00185556	0.00906356
0.0018803	0.00917983
0.00190537	0.00929753
0.00193078	0.00941668
0.00195652	0.00953728
0.00198261	0.00965937
0.00200905	0.00978294
0.00203584	0.00990803
0.00206298	0.0100346
0.00209049	0.0101628
0.00211836	0.0102925
0.00214661	0.0104238
0.00217523	0.0105567
0.00220424	0.0106912
0.00223363	0.0108273
0.00226341	0.0109651
0.00229359	0.0111045
0.00232417	0.0112456
0.00235516	0.0113884
0.00238657	0.011533
0.00241839	0.0116792
0.00245064	0.0118273
0.00248331	0.011977
0.00251643	0.0121286
0.00254998	0.012282
0.00258398	0.0124372
0.00261844	0.0125942
0.00265335	0.0127532
0.00268873	0.012914
0.00272458	0.0130767
0.00276091	0.0132413
0.00279772	0.0134078
0.00283503	0.0135763
0.00287283	0.0137468
0.00291114	0.0139193
0.00294995	0.0140938
0.00298929	0.0142704
0.00302915	0.014449
0.00306954	0.0146296
0.00311047	0.0148124
0.00315194	0.0149973
0.00319397	0.0151843
0.00323656	0.0153735
0.00327971	0.0155648
0.00332344	0.0157583
0.00336776	0.0159541
0.00341266	0.0161521
0.00345817	0.0163523
0.00350428	0.0165548
0.003551	0.0167597
0.00359835	0.0169668
0.00364633	0.0171762
0.00369495	0.0173881
0.00374422	0.0176023
0.00379415	0.0178188
0.00384474	0.0180379
0.003896	0.0182593
0.00394795	0.0184832
0.00400059	0.0187096
0.00405394	0.0189384
0.00410799	0.0191698
0.00416277	0.0194038
0.00421827	0.0196402
0.00427452	0.0198793
0.00433151	0.0201209
0.00438927	0.0203652
0.0044478	0.0206121
0.0045071	0.0208617
0.0045672	0.0211139
0.0046281	0.0213688
0.00468981	0.0216264
0.00475234	0.0218868
0.00481571	0.0221499
0.00487992	0.0224158
0.00494499	0.0226844
0.00501093	0.0229559
0.00507774	0.0232302
0.00514545	0.0235073
0.00521406	0.0237873
0.00528358	0.0240701
0.00535403	0.0243558
0.00542542	0.0246445
0.00549776	0.024936
0.00557107	0.0252305
0.00564535	0.025528
0.00572063	0.0258284
0.00579691	0.0261318
0.0058742	0.0264381
0.00595253	0.0267475
0.0060319	0.02706
0.00611233	0.0273754
0.00619383	0.0276939
0.00627642	0.0280155
0.00636011	0.0283401
0.00644491	0.0286678
0.00653085	0.0289986
0.00661793	0.0293325
0.00670617	0.0296695
0.00679559	0.0300096
0.0068862	0.0303529
0.00697802	0.0306993
0.00707107	0.0310488
0.00716535	0.0314015
0.00726089	0.0317573
0.00735771	0.0321162
0.00745582	0.0324784
0.00755523	0.0328437
0.00765597	0.0332121
0.00775806	0.0335837
0.0078615	0.0339585
0.00796633	0.0343364
0.00807255	0.0347175
0.00818019	0.0351017
0.00828926	0.0354891
0.00839979	0.0358796
0.00851179	0.0362733
0.00862529	0.0366701
0.0087403	0.03707
0.00885684	0.037473
0.00897494	0.0378791
0.00909461	0.0382883
0.00921587	0.0387005
0.00933876	0.0391158
0.00946328	0.0395342
0.00958946	0.0399555
0.00971733	0.0403799
0.0098469	0.0408072
0.00997819	0.0412375
0.0101112	0.0416707
0.0102461	0.0421068
0.0103827	0.0425457
0.0105211	0.0429875
0.0106614	0.0434321
0.0108036	0.0438795
0.0109476	0.0443296
0.0110936	0.0447824
0.0112415	0.0452378
0.0113914	0.0456959
0.0115433	0.0461565
0.0116972	0.0466197
0.0118532	0.0470853
0.0120112	0.0475533
0.0121714	0.0480237
0.0123337	0.0484963
0.0124981	0.0489713
0.0126648	0.0494484
0.0128337	0.0499276
0.0130048	0.0504089
0.0131782	0.0508921
0.0133539	0.0513773
0.013532	0.0518643
0.0137124	0.052353
0.0138952	0.0528434
0.0140805	0.0533354
0.0142683	0.0538289
0.0144585	0.0543238
0.0146513	0.05482
0.0148467	0.0553174
0.0150446	0.0558159
0.0152452	0.0563154
0.0154485	0.0568158
0.0156545	0.057317
0.0158632	0.0578189
0.0160748	0.0583212
0.0162891	0.058824
0.0165063	0.0593271
0.0167264	0.0598304
0.0169494	0.0603336
0.0171754	0.0608368
0.0174044	0.0613397
0.0176365	0.0618421
0.0178717	0.062344
0.01811	0.0628452
0.0183515	0.0633454
0.0185961	0.0638446
0.0188441	0.0643426
0.0190954	0.0648392
0.01935	0.0653341
0.019608	0.0658273
0.0198695	0.0663185
0.0201344	0.0668076
0.0204029	0.0672943
0.0206749	0.0677784
0.0209506	0.0682597
0.0212299	0.068738
0.021513	0.069213
0.0217999	0.0696846
0.0220905	0.0701525
0.0223851	0.0706165
0.0226836	0.0710763
0.022986	0.0715316
0.0232925	0.0719823
0.0236031	0.0724279
0.0239178	0.0728684
0.0242368	0.0733034
0.0245599	0.0737325
0.0248874	0.0741556
0.0252193	0.0745723
0.0255555	0.0749824
0.0258963	0.0753855
0.0262416	0.0757813
0.0265915	0.0761695
0.026946	0.0765497
0.0273053	0.0769217
0.0276694	0.0772851
0.0280384	0.0776396
0.0284122	0.0779847
0.0287911	0.0783203
0.029175	0.0786458
0.029564	0.0789609
0.0299582	0.0792652
0.0303577	0.0795585
0.0307624	0.0798402
0.0311726	0.0801099
0.0315883	0.0803674
0.0320095	0.0806121
0.0324363	0.0808437
0.0328688	0.0810617
0.0333071	0.0812658
0.0337512	0.0814554
0.0342012	0.0816302
0.0346572	0.0817897
0.0351194	0.0819334
0.0355876	0.082061
0.0360622	0.0821719
0.036543	0.0822657
0.0370303	0.0823418
0.037524	0.0824
0.0380244	0.0824396
0.0385314	0.0824602
0.0390452	0.0824612
0.0395658	0.0824423
0.0400933	0.0824029
0.0406279	0.0823425
0.0411697	0.0822606
0.0417186	0.0821567
0.0422749	0.0820303
0.0428386	0.0818808
0.0434098	0.0817078
0.0439886	0.0815108
0.0445752	0.0812892
0.0451695	0.0810425
0.0457718	0.0807702
0.0463821	0.0804718
0.0470006	0.0801467
0.0476273	0.0797944
0.0482623	0.0794145
0.0489059	0.0790063
0.049558	0.0785694
0.0502188	0.0781032
0.0508884	0.0776073
0.0515669	0.0770811
0.0522545	0.0765241
0.0529513	0.0759359
0.0536573	0.0753158
0.0543728	0.0746635
0.0550978	0.0739784
0.0558325	0.07326
0.0565769	0.072508
0.0573313	0.0717217
0.0580958	0.0709008
0.0588704	0.0700448
0.0596554	0.0691532
0.0604508	0.0682257
0.0612569	0.0672619
0.0620737	0.0662612
0.0629013	0.0652233
0.0637401	0.0641479
0.06459	0.0630346
0.0654512	0.061883
0.0663239	0.0606929
0.0672083	0.0594638
0.0681044	0.0581955
0.0690125	0.0568877
0.0699327	0.0555402
0.0708652	0.0541528
0.0718101	0.0527251
0.0727676	0.0512571
0.0737379	0.0497486
0.0747211	0.0481994
0.0757174	0.0466094
0.076727	0.0449786
0.0777501	0.0433068
0.0787868	0.0415941
0.0798374	0.0398405
0.0809019	0.0380459
0.0819807	0.0362106
0.0830738	0.0343345
0.0841815	0.0324178
0.0853039	0.0304607
0.0864414	0.0284635
0.087594	0.0264263
0.0887619	0.0243494
0.0899455	0.0222333
0.0911448	0.0200782
0.0923601	0.0178846
0.0935917	0.015653
0.0948396	0.0133839
0.0961042	0.0110778
0.0973856	0.00873537
0.0986842	0.00635723
0.1	0.00394409
0.101333	0.00149672
0.102685	-0.000984068
0.104054	-0.00349741
0.105441	-0.0060424
0.106847	-0.00861804
0.108272	-0.0112233
0.109716	-0.0138571
0.111178	-0.0165183
0.112661	-0.0192058
0.114163	-0.0219181
0.115685	-0.024654
0.117228	-0.0274122
0.118791	-0.0301911
0.120375	-0.0329893
0.12198	-0.0358051
0.123606	-0.0386371
0.125255	-0.0414833
0.126925	-0.0443422
0.128617	-0.0472118
0.130332	-0.0500903
0.13207	-0.0529758
0.133831	-0.0558661
0.135615	-0.0587592
0.137424	-0.0616531
0.139256	-0.0645453
0.141113	-0.0674338
0.142995	-0.0703162
0.144901	-0.07319
0.146833	-0.0760528
0.148791	-0.078902
0.150775	-0.0817352
0.152786	-0.0845497
0.154823	-0.0873428
0.156887	-0.0901116
0.158979	-0.0928536
0.161099	-0.0955657
0.163247	-0.0982451
0.165424	-0.100889
0.167629	-0.103494
0.169865	-0.106057
0.17213	-0.108576
0.174425	-0.111046
0.176751	-0.113466
0.179107	-0.115831
0.181496	-0.118139
0.183916	-0.120386
0.186368	-0.122568
0.188853	-0.124684
0.191371	-0.126729
0.193923	-0.1287
0.196508	-0.130593
0.199129	-0.132406
0.201784	-0.134135
0.204474	-0.135776
0.207201	-0.137327
0.209964	-0.138783
0.212763	-0.140143
0.2156	-0.141401
0.218475	-0.142556
0.221388	-0.143603
0.22434	-0.14454
0.227332	-0.145363
0.230363	-0.14607
0.233434	-0.146656
0.236547	-0.147121
0.239701	-0.147459
0.242897	-0.147669
0.246136	-0.147747
0.249418	-0.147691
0.252744	-0.147499
0.256114	-0.147167
0.259529	-0.146694
0.262989	-0.146076
0.266496	-0.145312
0.270049	-0.1444
0.27365	-0.143337
0.277299	-0.142122
0.280996	-0.140753
0.284743	-0.139229
0.28854	-0.137548
0.292387	-0.135708
0.296286	-0.133709
0.300237	-0.13155
0.30424	-0.12923
0.308297	-0.126749
0.312407	-0.124105
0.316573	-0.121299
0.320794	-0.118331
0.325072	-0.1152
0.329406	-0.111909
0.333798	-0.108456
0.338249	-0.104843
0.342759	-0.10107
0.34733	-0.0971404
0.351961	-0.093054
0.356654	-0.0888129
0.36141	-0.0844193
0.366229	-0.0798753
0.371112	-0.0751834
0.37606	-0.0703463
0.381075	-0.0653671
0.386156	-0.0602489
0.391305	-0.0549952
0.396522	-0.0496098
0.40181	-0.0440967
0.407167	-0.0384602
0.412596	-0.0327048
0.418098	-0.0268352
0.423673	-0.0208566
0.429322	-0.0147742
0.435047	-0.00859356
0.440848	-0.00232052
0.446726	0.00403888
0.452682	0.0104783
0.458718	0.0169913
0.464835	0.023571
0.471033	0.0302104
0.477314	0.0369022
0.483678	0.0436391
0.490127	0.0504133
0.496663	0.057217
0.503285	0.064042
0.509996	0.0708801
0.516796	0.0777229
0.523687	0.0845618
0.53067	0.0913878
0.537746	0.0981922
0.544916	0.104966
0.552182	0.1117
0.559545	0.118384
0.567006	0.12501
0.574566	0.131567
0.582227	0.138047
0.589991	0.144439
0.597857	0.150734
0.605829	0.156922
0.613907	0.162993
0.622093	0.168937
0.630388	0.174745
0.638794	0.180407
0.647311	0.185913
0.655942	0.191254
0.664689	0.196419
0.673551	0.201399
0.682533	0.206185
0.691633	0.210767
0.700856	0.215136
0.710201	0.219284
0.71967	0.2232
0.729266	0.226878
0.73899	0.230307
0.748844	0.233479
0.758829	0.236388
0.768947	0.239024
0.7792	0.241381
0.78959	0.243451
0.800118	0.245228
0.810787	0.246704
0.821598	0.247874
0.832553	0.248731
0.843654	0.249271
0.854904	0.249488
0.866303	0.249377
0.877854	0.248935
0.889559	0.248158
0.901421	0.247041
0.91344	0.245582
0.92562	0.24378
0.937962	0.24163
0.950469	0.239133
0.963142	0.236287
0.975984	0.233091
0.988998	0.229546
1.00219	0.225652
1.01555	0.221409
1.02909	0.216819
1.04281	0.211884
1.05672	0.206607
1.07081	0.20099
1.08508	0.195036
1.09955	0.18875
1.11421	0.182135
1.12907	0.175197
1.14413	0.167941
1.15938	0.160372
1.17484	0.152496
1.19051	0.144321
1.20638	0.135853
1.22247	0.1271
1.23877	0.118069
1.25528	0.108769
1.27202	0.0992084
1.28898	0.0893961
1.30617	0.0793414
1.32359	0.069054
1.34123	0.0585441
1.35912	0.0478219
1.37724	0.0368981
1.3956	0.0257835
1.41421	0.0144893
1.43307	0.00302707
1.45218	-0.0085917
1.47154	-0.0203551
1.49116	-0.032251
1.51105	-0.0442673
1.53119	-0.0563914
1.55161	-0.068611
1.5723	-0.0809133
1.59327	-0.0932855
1.61451	-0.105715
1.63604	-0.118188
1.65785	-0.130693
1.67996	-0.143216
1.70236	-0.155745
1.72506	-0.168266
1.74806	-0.180766
1.77137	-0.193233
1.79499	-0.205653
1.81892	-0.218015
1.84317	-0.230306
1.86775	-0.242512
1.89266	-0.254623
1.91789	-0.266625
1.94347	-0.278507
1.96938	-0.290257
1.99564	-0.301863
2.02225	-0.313315
2.04921	-0.324602
2.07654	-0.335712
2.10423	-0.346635
2.13228	-0.357361
2.16071	-0.367879
2.18953	-0.378182
2.21872	-0.388258
2.2483	-0.398098
2.27828	-0.407696
2.30866	-0.417041
2.33945	-0.426125
2.37064	-0.434941
2.40225	-0.443482
2.43428	-0.45174
2.46674	-0.459708
2.49963	-0.46738
2.53296	-0.47475
2.56673	-0.481811
2.60096	-0.488557
2.63564	-0.494984
2.67078	-0.501087
2.70639	-0.506861
2.74248	-0.5123
2.77905	-0.517402
2.81611	-0.522162
2.85366	-0.526578
2.89171	-0.530645
2.93026	-0.534361
2.96933	-0.537724
3.00893	-0.540731
3.04905	-0.543381
3.0897	-0.545673
3.1309	-0.547605
3.17265	-0.549178
3.21495	-0.55039
3.25782	-0.551242
3.30126	-0.551734
3.34528	-0.551869
3.38988	-0.551647
3.43509	-0.55107
3.48089	-0.55014
3.5273	-0.548861
3.57433	-0.547235
3.62199	-0.545267
3.67029	-0.54296
3.71923	-0.540319
3.76882	-0.537348
3.81907	-0.534054
3.87	-0.530443
3.9216	-0.526519
3.97389	-0.522291
4.02688	-0.517765
4.08057	-0.512949
4.13498	-0.50785
4.19012	-0.502478
4.24599	-0.496839
4.3026	-0.490945
4.35997	-0.484803
4.41811	-0.478423
4.47702	-0.471816
4.53672	-0.464991
4.59721	-0.457959
4.65851	-0.450731
4.72062	-0.443318
4.78357	-0.43573
4.84735	-0.427979
4.91199	-0.420077
4.97748	-0.412036
5.04385	-0.403866
5.1111	-0.39558
5.17926	-0.387189
5.24832	-0.378707
5.3183	-0.370143
5.38921	-0.361512
5.46107	-0.352824
5.53389	-0.344091
5.60767	-0.335325
5.68245	-0.326538
5.75822	-0.317741
5.835	-0.308946
5.9128	-0.300163
5.99164	-0.291405
6.07153	-0.282681
6.15249	-0.274002
6.23453	-0.265378
6.31766	-0.25682
6.40189	-0.248336
6.48726	-0.239937
6.57376	-0.231631
6.66141	-0.223426
6.75023	-0.215332
6.84024	-0.207355
6.93145	-0.199503
7.02387	-0.191783
7.11753	-0.184202
7.21243	-0.176765
7.3086	-0.169478
7.40605	-0.162347
7.50481	-0.155375
7.60487	-0.148568
7.70628	-0.141929
7.80903	-0.135461
7.91316	-0.129167
8.01867	-0.12305
8.12559	-0.117111
8.23394	-0.111352
8.34373	-0.105774
8.45498	-0.100378
8.56772	-0.0951629
8.68196	-0.0901295
8.79772	-0.085277
8.91503	-0.0806044
9.0339	-0.0761103
9.15436	-0.071793
9.27643	-0.0676505
9.40012	-0.0636805
9.52546	-0.0598804
9.65247	-0.0562473
9.78117	-0.052778
9.91159	-0.0494692
10.0438	-0.0463174
10.1777	-0.0433187
10.3134	-0.0404692
10.4509	-0.0377649
10.5903	-0.0352016
10.7315	-0.0327749
10.8746	-0.0304805
11.0196	-0.0283139
11.1665	-0.0262705
11.3154	-0.0243459
11.4663	-0.0225354
11.6192	-0.0208344
11.7741	-0.0192385
11.9311	-0.0177431
12.0902	-0.0163437
12.2514	-0.0150358
12.4147	-0.0138151
12.5803	-0.0126773
12.748	-0.0116182
12.918	-0.0106337
13.0902	-0.00971973
13.2648	-0.00887242
13.4417	-0.00808798
13.6209	-0.00736273
13.8025	-0.00669312
13.9865	-0.00607575
14.173	-0.0055073
14.362	-0.00498462
14.5535	-0.00450468
14.7476	-0.00406457
14.9442	-0.00366154
15.1435	-0.00329292
15.3454	-0.00295621
15.55	-0.00264903
15.7574	-0.00236909
15.9675	-0.00211426
16.1804	-0.00188249
16.3961	-0.00167187
16.6148	-0.00148056
16.8363	-0.00130685
17.0608	-0.0011491
17.2883	-0.00100577
17.5188	-0.000875404
17.7524	-0.000756596
17.9891	-0.000648019
18.229	-0.000548394
18.472	-0.000456487
18.7183	-0.000371091
18.9679	-0.000291022
19.2208	-0.000215094
19.4771	-0.000142111
19.7368	-7.08425e-05
