1.15075e-05	6.35215e-10
2.3015e-05	2.54082e-09
3.45224e-05	5.71667e-09
4.60299e-05	1.01625e-08
5.75374e-05	1.58782e-08
6.90449e-05	2.28633e-08
8.05524e-05	3.11176e-08
9.20598e-05	4.06409e-08
0.000103567	5.14329e-08
0.000115075	6.34935e-08
0.000126582	7.68223e-08
0.00013809	9.14191e-08
0.000149597	1.07284e-07
0.000161105	1.24416e-07
0.000172612	1.42815e-07
0.00018412	1.62482e-07
0.000195627	1.83415e-07
0.000207135	2.05615e-07
0.000218642	2.29081e-07
0.00023015	2.53814e-07
0.000241657	2.79812e-07
0.000253165	3.07076e-07
0.000264672	3.35605e-07
0.00027618	3.65399e-07
0.000287687	3.96458e-07
0.000299194	4.28782e-07
0.000310702	4.62371e-07
0.000322209	4.97223e-07
0.000333717	5.33339e-07
0.000345224	5.7072e-07
0.000356732	6.09363e-07
0.000368239	6.4927e-07
0.000379747	6.9044e-07
0.000391254	7.32872e-07
0.000402762	7.76567e-07
0.000414269	8.21524e-07
0.000425777	8.67744e-07
0.000437284	9.15225e-07
0.000448792	9.63967e-07
0.000460299	1.01397e-06
0.000471807	1.06524e-06
0.000483314	1.11776e-06
0.000494822	1.17155e-06
0.000506329	1.22659e-06
0.000517837	1.2829e-06
0.000529344	1.34047e-06
0.000540852	1.39929e-06
0.000552359	1.45938e-06
0.000563867	1.52072e-06
0.000575374	1.58333e-06
0.000586881	1.64719e-06
0.000598389	1.71231e-06
0.000609896	1.77869e-06
0.000621404	1.84633e-06
0.000632911	1.91522e-06
0.000644419	1.98537e-06
0.000655926	2.05678e-06
0.000667434	2.12945e-06
0.000678941	2.20337e-06
0.000690449	2.27855e-06
0.000701956	2.35499e-06
0.000713464	2.43268e-06
0.000724971	2.51162e-06
0.000736479	2.59183e-06
0.000747986	2.67329e-06
0.000759494	2.756e-06
0.000771001	2.83997e-06
0.000782509	2.92519e-06
0.000794016	3.01167e-06
0.000805524	3.0994e-06
0.000817031	3.18838e-06
0.000828539	3.27862e-06
0.000840046	3.37011e-06
0.000851554	3.46286e-06
0.000863061	3.55686e-06
0.000874568	3.65211e-06
0.000886076	3.74861e-06
0.000897583	3.84637e-06
0.000909091	3.94537e-06
0.000920524	4.04499e-06
0.000932102	4.14711e-06
0.000943825	4.25181e-06
0.000955695	4.35914e-06
0.000967715	4.46919e-06
0.000979886	4.58201e-06
0.00099221	4.69767e-06
0.00100469	4.81624e-06
0.00101732	4.93781e-06
0.00103012	5.06244e-06
0.00104308	5.19021e-06
0.00105619	5.3212e-06
0.00106948	5.4555e-06
0.00108293	5.59317e-06
0.00109655	5.73432e-06
0.00111034	5.87902e-06
0.0011243	6.02737e-06
0.00113844	6.17945e-06
0.00115276	6.33537e-06
0.00116726	6.49521e-06
0.00118194	6.65908e-06
0.00119681	6.82708e-06
0.00121186	6.99931e-06
0.0012271	7.17587e-06
0.00124253	7.35688e-06
0.00125816	7.54245e-06
0.00127398	7.7327e-06
0.00129001	7.92773e-06
0.00130623	8.12767e-06
0.00132266	8.33265e-06
0.00133929	8.54278e-06
0.00135614	8.75821e-06
0.0013732	8.97906e-06
0.00139047	9.20546e-06
0.00140795	9.43756e-06
0.00142566	9.6755e-06
0.00144359	9.91943e-06
0.00146175	1.01695e-05
0.00148013	1.04259e-05
0.00149875	1.06887e-05
0.0015176	1.09581e-05
0.00153668	1.12343e-05
0.00155601	1.15174e-05
0.00157558	1.18077e-05
0.0015954	1.21052e-05
0.00161546	1.24103e-05
0.00163578	1.2723e-05
0.00165635	1.30436e-05
0.00167718	1.33722e-05
0.00169828	1.37091e-05
0.00171964	1.40544e-05
0.00174126	1.44085e-05
0.00176316	1.47714e-05
0.00178534	1.51434e-05
0.00180779	1.55248e-05
0.00183053	1.59158e-05
0.00185355	1.63166e-05
0.00187686	1.67275e-05
0.00190047	1.71487e-05
0.00192437	1.75804e-05
0.00194857	1.8023e-05
0.00197308	1.84767e-05
0.0019979	1.89418e-05
0.00202302	1.94186e-05
0.00204847	1.99074e-05
0.00207423	2.04084e-05
0.00210032	2.0922e-05
0.00212673	2.14484e-05
0.00215348	2.19881e-05
0.00218057	2.25413e-05
0.00220799	2.31084e-05
0.00223576	2.36897e-05
0.00226388	2.42856e-05
0.00229235	2.48964e-05
0.00232118	2.55226e-05
0.00235038	2.61644e-05
0.00237994	2.68223e-05
0.00240987	2.74967e-05
0.00244018	2.8188e-05
0.00247087	2.88967e-05
0.00250194	2.9623e-05
0.00253341	3.03676e-05
0.00256527	3.11308e-05
0.00259754	3.19132e-05
0.00263021	3.27151e-05
0.00266329	3.35371e-05
0.00269678	3.43797e-05
0.0027307	3.52433e-05
0.00276504	3.61286e-05
0.00279982	3.7036e-05
0.00283503	3.79661e-05
0.00287069	3.89195e-05
0.00290679	3.98967e-05
0.00294335	4.08984e-05
0.00298037	4.19251e-05
0.00301785	4.29775e-05
0.00305581	4.40562e-05
0.00309424	4.51618e-05
0.00313316	4.6295e-05
0.00317256	4.74566e-05
0.00321246	4.86472e-05
0.00325287	4.98675e-05
0.00329378	5.11183e-05
0.0033352	5.24003e-05
0.00337715	5.37142e-05
0.00341962	5.5061e-05
0.00346263	5.64414e-05
0.00350618	5.78563e-05
0.00355028	5.93064e-05
0.00359493	6.07927e-05
0.00364014	6.2316e-05
0.00368592	6.38773e-05
0.00373228	6.54775e-05
0.00377922	6.71176e-05
0.00382675	6.87986e-05
0.00387488	7.05214e-05
0.00392362	7.22871e-05
0.00397296	7.40968e-05
0.00402293	7.59515e-05
0.00407353	7.78524e-05
0.00412476	7.98006e-05
0.00417664	8.17973e-05
0.00422917	8.38436e-05
0.00428236	8.59408e-05
0.00433622	8.80901e-05
0.00439075	9.02929e-05
0.00444597	9.25503e-05
0.00450189	9.48639e-05
0.00455851	9.72349e-05
0.00461584	9.96648e-05
0.0046739	0.000102155
0.00473268	0.000104707
0.0047922	0.000107322
0.00485247	0.000110003
0.0049135	0.000112749
0.0049753	0.000115564
0.00503787	0.000118449
0.00510123	0.000121405
0.00516539	0.000124434
0.00523036	0.000127538
0.00529614	0.000130719
0.00536275	0.000133979
0.00543019	0.00013732
0.00549849	0.000140743
0.00556764	0.000144251
0.00563767	0.000147846
0.00570857	0.000151529
0.00578037	0.000155304
0.00585307	0.000159171
0.00592668	0.000163134
0.00600122	0.000167195
0.0060767	0.000171357
0.00615312	0.000175621
0.00623051	0.00017999
0.00630887	0.000184467
0.00638822	0.000189054
0.00646856	0.000193754
0.00654992	0.00019857
0.00663229	0.000203504
0.00671571	0.00020856
0.00680017	0.000213741
0.0068857	0.000219048
0.0069723	0.000224487
0.00705999	0.000230058
0.00714878	0.000235767
0.00723869	0.000241616
0.00732973	0.000247609
0.00742192	0.000253748
0.00751526	0.000260038
0.00760978	0.000266483
0.00770549	0.000273085
0.0078024	0.000279849
0.00790053	0.000286779
0.00799989	0.000293878
0.00810051	0.000301151
0.00820239	0.000308602
0.00830555	0.000316236
0.00841001	0.000324055
0.00851578	0.000332066
0.00862288	0.000340272
0.00873133	0.000348679
0.00884114	0.00035729
0.00895234	0.000366111
0.00906493	0.000375148
0.00917894	0.000384404
0.00929438	0.000393886
0.00941128	0.000403599
0.00952964	0.000413547
0.0096495	0.000423738
0.00977086	0.000434176
0.00989375	0.000444868
0.0100182	0.000455819
0.0101442	0.000467036
0.0102718	0.000478524
0.0104009	0.000490291
0.0105318	0.000502343
0.0106642	0.000514687
0.0107983	0.000527329
0.0109341	0.000540277
0.0110717	0.000553537
0.0112109	0.000567118
0.0113519	0.000581026
0.0114947	0.00059527
0.0116393	0.000609857
0.0117856	0.000624796
0.0119339	0.000640094
0.012084	0.00065576
0.0122359	0.000671803
0.0123898	0.000688231
0.0125457	0.000705053
0.0127034	0.000722279
0.0128632	0.000739918
0.013025	0.000757979
0.0131888	0.000776473
0.0133547	0.00079541
0.0135226	0.000814799
0.0136927	0.000834651
0.0138649	0.000854977
0.0140393	0.000875788
0.0142159	0.000897095
0.0143947	0.000918909
0.0145757	0.000941243
0.014759	0.000964107
0.0149446	0.000987515
0.0151326	0.00101148
0.0153229	0.00103601
0.0155156	0.00106112
0.0157108	0.00108683
0.0159084	0.00111315
0.0161085	0.00114008
0.016311	0.00116766
0.0165162	0.00119588
0.0167239	0.00122477
0.0169342	0.00125434
0.0171472	0.00128461
0.0173629	0.00131559
0.0175813	0.00134729
0.0178024	0.00137974
0.0180263	0.00141295
0.018253	0.00144694
0.0184826	0.00148172
0.018715	0.00151732
0.0189504	0.00155375
0.0191887	0.00159102
0.0194301	0.00162917
0.0196744	0.0016682
0.0199219	0.00170814
0.0201724	0.00174901
0.0204261	0.00179082
0.020683	0.0018336
0.0209432	0.00187738
0.0212066	0.00192216
0.0214733	0.00196798
0.0217434	0.00201486
0.0220168	0.00206281
0.0222937	0.00211187
0.0225741	0.00216205
0.022858	0.00221339
0.0231455	0.0022659
0.0234366	0.00231961
0.0237314	0.00237456
0.0240298	0.00243075
0.0243321	0.00248823
0.0246381	0.00254701
0.0249479	0.00260713
0.0252617	0.00266862
0.0255794	0.00273149
0.0259011	0.0027958
0.0262269	0.00286155
0.0265568	0.00292879
0.0268908	0.00299754
0.027229	0.00306784
0.0275714	0.00313972
0.0279182	0.00321321
0.0282693	0.00328834
0.0286248	0.00336515
0.0289849	0.00344368
0.0293494	0.00352396
0.0297185	0.00360602
0.0300923	0.00368991
0.0304708	0.00377565
0.030854	0.00386329
0.031242	0.00395287
0.031635	0.00404442
0.0320328	0.00413798
0.0324357	0.0042336
0.0328437	0.00433132
0.0332567	0.00443117
0.033675	0.00453321
0.0340985	0.00463747
0.0345274	0.00474399
0.0349616	0.00485283
0.0354013	0.00496402
0.0358466	0.00507762
0.0362974	0.00519367
0.0367539	0.00531222
0.0372162	0.00543331
0.0376842	0.00555699
0.0381582	0.00568332
0.0386381	0.00581235
0.0391241	0.00594412
0.0396161	0.00607869
0.0401144	0.00621611
0.0406189	0.00635643
0.0411297	0.00649971
0.041647	0.006646
0.0421708	0.00679536
0.0427012	0.00694785
0.0432382	0.00710352
0.0437821	0.00726242
0.0443327	0.00742462
0.0448903	0.00759018
0.0454548	0.00775916
0.0460265	0.00793162
0.0466054	0.00810761
0.0471916	0.00828721
0.0477851	0.00847047
0.0483861	0.00865745
0.0489946	0.00884823
0.0496108	0.00904287
0.0502348	0.00924143
0.0508666	0.00944398
0.0515063	0.00965059
0.0521541	0.00986132
0.05281	0.0100762
0.0534742	0.0102954
0.0541468	0.0105189
0.0548278	0.0107469
0.0555173	0.0109792
0.0562156	0.0112162
0.0569226	0.0114577
0.0576385	0.011704
0.0583634	0.011955
0.0590975	0.0122108
0.0598407	0.0124715
0.0605933	0.0127373
0.0613554	0.013008
0.0621271	0.013284
0.0629084	0.0135651
0.0636996	0.0138515
0.0645008	0.0141432
0.065312	0.0144404
0.0661334	0.0147432
0.0669652	0.0150515
0.0678074	0.0153654
0.0686602	0.0156852
0.0695237	0.0160107
0.0703981	0.0163421
0.0712835	0.0166795
0.0721801	0.017023
0.0730879	0.0173726
0.0740071	0.0177284
0.0749379	0.0180905
0.0758804	0.0184589
0.0768347	0.0188338
0.077801	0.0192152
0.0787795	0.0196032
0.0797703	0.0199978
0.0807736	0.0203992
0.0817895	0.0208074
0.0828182	0.0212225
0.0838598	0.0216445
0.0849145	0.0220736
0.0859824	0.0225097
0.0870638	0.0229531
0.0881588	0.0234036
0.0892676	0.0238615
0.0903903	0.0243267
0.0915271	0.0247994
0.0926782	0.0252795
0.0938439	0.0257672
0.0950241	0.0262626
0.0962192	0.0267656
0.0974294	0.0272763
0.0986547	0.0277948
0.0998955	0.0283212
0.101152	0.0288555
0.102424	0.0293976
0.103712	0.0299478
0.105017	0.030506
0.106337	0.0310723
0.107675	0.0316467
0.109029	0.0322292
0.1104	0.0328199
0.111789	0.0334188
0.113195	0.0340259
0.114618	0.0346412
0.11606	0.0352649
0.11752	0.0358968
0.118998	0.036537
0.120494	0.0371856
0.12201	0.0378424
0.123544	0.0385075
0.125098	0.039181
0.126671	0.0398627
0.128265	0.0405528
0.129878	0.041251
0.131511	0.0419576
0.133165	0.0426723
0.13484	0.0433952
0.136536	0.0441263
0.138253	0.0448654
0.139992	0.0456126
0.141753	0.0463678
0.143535	0.0471308
0.145341	0.0479018
0.147168	0.0486805
0.149019	0.0494669
0.150894	0.050261
0.152791	0.0510625
0.154713	0.0518715
0.156659	0.0526877
0.158629	0.0535112
0.160624	0.0543417
0.162644	0.0551791
0.16469	0.0560233
0.166761	0.0568742
0.168859	0.0577315
0.170982	0.0585952
0.173133	0.0594651
0.17531	0.0603409
0.177515	0.0612224
0.179748	0.0621096
0.182008	0.0630021
0.184297	0.0638998
0.186615	0.0648025
0.188962	0.0657098
0.191339	0.0666216
0.193745	0.0675376
0.196182	0.0684575
0.19865	0.0693811
0.201148	0.0703081
0.203678	0.0712381
0.206239	0.072171
0.208833	0.0731063
0.21146	0.0740437
0.214119	0.074983
0.216812	0.0759238
0.219539	0.0768656
0.2223	0.0778082
0.225096	0.0787512
0.227927	0.0796941
0.230794	0.0806366
0.233696	0.0815783
0.236636	0.0825188
0.239612	0.0834576
0.242625	0.0843943
0.245677	0.0853284
0.248767	0.0862595
0.251895	0.0871872
0.255063	0.0881108
0.258271	0.08903
0.26152	0.0899442
0.264809	0.0908529
0.268139	0.0917556
0.271512	0.0926517
0.274926	0.0935408
0.278384	0.0944222
0.281885	0.0952955
0.28543	0.0961599
0.28902	0.097015
0.292655	0.0978602
0.296336	0.0986948
0.300063	0.0995182
0.303837	0.10033
0.307658	0.101129
0.311528	0.101915
0.315446	0.102688
0.319413	0.103446
0.32343	0.10419
0.327498	0.104917
0.331617	0.105629
0.335788	0.106323
0.340011	0.107
0.344287	0.107659
0.348617	0.108298
0.353002	0.108918
0.357441	0.109518
0.361937	0.110096
0.366489	0.110653
0.371098	0.111188
0.375766	0.111699
0.380492	0.112186
0.385277	0.112649
0.390123	0.113087
0.395029	0.113498
0.399997	0.113883
0.405028	0.114241
0.410122	0.114571
0.41528	0.114872
0.420503	0.115144
0.425792	0.115386
0.431147	0.115597
0.436569	0.115777
0.44206	0.115924
0.44762	0.116039
0.45325	0.116121
0.45895	0.116169
0.464722	0.116183
0.470567	0.116161
0.476485	0.116103
0.482478	0.116009
0.488546	0.115878
0.494691	0.11571
0.500912	0.115504
0.507212	0.115259
0.513591	0.114974
0.520051	0.114651
0.526591	0.114287
0.533214	0.113882
0.53992	0.113436
0.546711	0.112949
0.553587	0.112419
0.560549	0.111847
0.567599	0.111232
0.574738	0.110574
0.581966	0.109872
0.589286	0.109126
0.596697	0.108335
0.604202	0.1075
0.611801	0.10662
0.619495	0.105694
0.627287	0.104723
0.635176	0.103705
0.643165	0.102642
0.651254	0.101532
0.659445	0.100375
0.667738	0.0991712
0.676136	0.0979205
0.68464	0.0966225
0.693251	0.0952772
0.70197	0.0938842
0.710798	0.0924437
0.719738	0.0909553
0.72879	0.0894191
0.737956	0.0878349
0.747237	0.0862027
0.756635	0.0845225
0.766151	0.0827942
0.775787	0.0810179
0.785544	0.0791934
0.795424	0.0773209
0.805428	0.0754004
0.815558	0.0734319
0.825815	0.0714154
0.836201	0.0693512
0.846718	0.0672392
0.857367	0.0650796
0.86815	0.0628724
0.879069	0.0606179
0.890125	0.0583161
0.90132	0.0559673
0.912656	0.0535715
0.924134	0.0511291
0.935757	0.0486402
0.947526	0.0461049
0.959443	0.0435237
0.97151	0.0408966
0.983728	0.038224
0.996101	0.0355061
1.00863	0.0327432
1.02131	0.0299356
1.03416	0.0270837
1.04717	0.0241877
1.06034	0.0212479
1.07367	0.0182648
1.08717	0.0152387
1.10085	0.01217
1.11469	0.00905902
1.12871	0.00590622
1.14291	0.00271202
1.15728	-0.000523166
1.17184	-0.00379889
1.18658	-0.00711468
1.2015	-0.0104701
1.21661	-0.0138646
1.23191	-0.0172977
1.24741	-0.020769
1.26309	-0.0242778
1.27898	-0.0278237
1.29507	-0.031406
1.31135	-0.0350243
1.32785	-0.038678
1.34455	-0.0423664
1.36146	-0.046089
1.37858	-0.0498451
1.39592	-0.0536342
1.41347	-0.0574556
1.43125	-0.0613086
1.44925	-0.0651926
1.46748	-0.0691069
1.48594	-0.0730508
1.50462	-0.0770237
1.52355	-0.0810249
1.54271	-0.0850536
1.56211	-0.0891091
1.58176	-0.0931907
1.60165	-0.0972977
1.6218	-0.101429
1.64219	-0.105585
1.66285	-0.109763
1.68376	-0.113964
1.70494	-0.118187
1.72638	-0.12243
1.74809	-0.126693
1.77008	-0.130976
1.79234	-0.135277
1.81488	-0.139595
1.83771	-0.14393
1.86082	-0.148281
1.88422	-0.152647
1.90792	-0.157028
1.93192	-0.161422
1.95622	-0.165828
1.98082	-0.170246
2.00573	-0.174674
2.03096	-0.179112
2.0565	-0.183559
2.08237	-0.188014
2.10855	-0.192475
2.13507	-0.196942
2.16193	-0.201414
2.18912	-0.20589
2.21665	-0.210368
2.24453	-0.214847
2.27276	-0.219326
2.30134	-0.223804
2.33029	-0.228279
2.35959	-0.23275
2.38927	-0.237216
2.41932	-0.241676
2.44975	-0.246127
2.48056	-0.250568
2.51176	-0.254997
2.54335	-0.259414
2.57533	-0.263815
2.60772	-0.268199
2.64052	-0.272565
2.67373	-0.27691
2.70736	-0.281232
2.74141	-0.285529
2.77589	-0.2898
2.8108	-0.294041
2.84615	-0.298251
2.88194	-0.302426
2.91819	-0.306566
2.95489	-0.310667
2.99206	-0.314726
3.02969	-0.318742
3.06779	-0.322711
3.10637	-0.326632
3.14544	-0.3305
3.185	-0.334313
3.22506	-0.33807
3.26562	-0.341765
3.30669	-0.345398
3.34828	-0.348964
3.39039	-0.352462
3.43303	-0.355887
3.47621	-0.359237
3.51993	-0.362509
3.5642	-0.3657
3.60903	-0.368807
3.65442	-0.371826
3.70038	-0.374755
3.74692	-0.377591
3.79404	-0.38033
3.84176	-0.382971
3.89008	-0.385508
3.939	-0.387941
3.98854	-0.390265
4.03871	-0.392477
4.0895	-0.394576
4.14094	-0.396558
4.19302	-0.39842
4.24575	-0.40016
4.29915	-0.401774
4.35322	-0.403261
4.40797	-0.404618
4.46341	-0.405843
4.51954	-0.406932
4.57639	-0.407885
4.63394	-0.408698
4.69222	-0.40937
4.75124	-0.409898
4.81099	-0.410282
4.8715	-0.410519
4.93277	-0.410608
4.99481	-0.410547
5.05763	-0.410335
5.12124	-0.409971
5.18565	-0.409454
5.25087	-0.408783
5.31691	-0.407957
5.38378	-0.406977
5.45149	-0.405841
5.52005	-0.40455
5.58948	-0.403103
5.65977	-0.401502
5.73096	-0.399745
5.80303	-0.397835
5.87602	-0.395771
5.94992	-0.393555
6.02475	-0.391188
6.10053	-0.388671
6.17725	-0.386005
6.25494	-0.383194
6.33361	-0.380238
6.41327	-0.377141
6.49393	-0.373903
6.5756	-0.370528
6.6583	-0.36702
6.74204	-0.363379
6.82684	-0.359611
6.9127	-0.355718
6.99964	-0.351703
7.08767	-0.347571
7.17681	-0.343326
7.26708	-0.338971
7.35847	-0.33451
7.45102	-0.329949
7.54473	-0.32529
7.63962	-0.32054
7.7357	-0.315703
7.833	-0.310784
7.93151	-0.305787
8.03126	-0.300718
8.13227	-0.295582
8.23455	-0.290384
8.33812	-0.285129
8.44299	-0.279823
8.54917	-0.274471
8.65669	-0.269078
8.76557	-0.26365
8.87581	-0.258193
8.98744	-0.252711
9.10048	-0.24721
9.21493	-0.241696
9.33083	-0.236173
9.44818	-0.230647
9.56701	-0.225123
9.68734	-0.219606
9.80917	-0.214102
9.93254	-0.208614
10.0575	-0.203149
10.184	-0.19771
10.312	-0.192301
10.4417	-0.186929
10.5731	-0.181596
10.706	-0.176306
10.8407	-0.171064
10.977	-0.165874
11.1151	-0.160739
11.2549	-0.155661
11.3964	-0.150646
11.5398	-0.145695
11.6849	-0.140811
11.8319	-0.135997
11.9807	-0.131256
12.1313	-0.126589
12.2839	-0.121999
12.4384	-0.117487
12.5948	-0.113054
12.7533	-0.108703
12.9136	-0.104434
13.0761	-0.100248
13.2405	-0.0961466
13.407	-0.0921292
13.5757	-0.0881965
13.7464	-0.0843485
13.9193	-0.0805851
14.0944	-0.076906
14.2716	-0.0733105
14.4511	-0.0697979
14.6329	-0.0663673
14.8169	-0.0630174
15.0032	-0.059747
15.1919	-0.0565543
15.383	-0.0534377
15.5765	-0.050395
15.7724	-0.0474243
15.9708	-0.0445229
16.1716	-0.0416883
16.375	-0.0389177
16.581	-0.036208
16.7895	-0.033556
17.0007	-0.030958
17.2145	-0.0284105
17.431	-0.0259093
17.6502	-0.0234501
17.8722	-0.0210285
18.097	-0.0186395
18.3246	-0.016278
18.555	-0.0139384
18.7884	-0.0116148
19.0247	-0.00930093
19.264	-0.00699004
19.5063	-0.00467488
19.7516	-0.00234766
