5.70776e-06 1.23545e+08 0.0505787
1.14155e-05 1.12656e+08 0.184482
1.71233e-05 9.52679e+07 0.351019
2.28311e-05 7.26191e+07 0.475678
2.85388e-05 5.20833e+07 0.533065
3.42466e-05 3.96198e+07 0.583924
3.99543e-05 3.14396e+07 0.630688
4.56621e-05 2.57321e+07 0.674211
5.13699e-05 2.15641e+07 0.715085
5.70776e-05 1.84111e+07 0.75374
6.27854e-05 1.59579e+07 0.790503
6.84932e-05 1.40049e+07 0.825626
7.42009e-05 1.242e+07 0.85931
7.99087e-05 1.1113e+07 0.891718
8.56164e-05 1.00201e+07 0.922985
9.13242e-05 9.09521e+06 0.953222
9.7032e-05 8.30433e+06 0.982526
0.00010274 7.62175e+06 1.01098
0.000108447 7.02779e+06 1.03865
0.000114155 6.50713e+06 1.06559
0.000119863 6.04771e+06 1.09187
0.000125571 5.6399e+06 1.11753
0.000131279 5.27593e+06 1.14261
0.000136986 4.94948e+06 1.16714
0.000142694 4.65534e+06 1.19117
0.000148402 4.38922e+06 1.21472
0.00015411 4.14751e+06 1.23782
0.000159817 3.92718e+06 1.26049
0.000165525 3.72569e+06 1.28276
0.000171233 3.54085e+06 1.30464
0.000176941 3.3708e+06 1.32616
0.000182648 3.21392e+06 1.34734
0.000188356 3.06885e+06 1.36818
0.000194064 2.93436e+06 1.38871
0.000199772 2.80941e+06 1.40894
0.000205479 2.69308e+06 1.42888
0.000211187 2.58455e+06 1.44854
0.000216895 2.48312e+06 1.46794
0.000222603 2.38816e+06 1.48708
0.000228311 2.29909e+06 1.50597
0.000234018 2.21541e+06 1.52463
0.000239726 2.13669e+06 1.54306
0.000245434 2.06252e+06 1.56127
0.000251142 1.99255e+06 1.57927
0.000256849 1.92643e+06 1.59706
0.000262557 1.8639e+06 1.61465
0.000268265 1.80467e+06 1.63206
0.000273973 1.74851e+06 1.64927
0.00027968 1.6952e+06 1.66631
0.000285388 1.64455e+06 1.68317
0.000291096 1.59636e+06 1.69986
0.000296804 1.55048e+06 1.71639
0.000302511 1.50676e+06 1.73276
0.000308219 1.46505e+06 1.74897
0.000313927 1.42523e+06 1.76503
0.000319635 1.38718e+06 1.78095
0.000325342 1.35079e+06 1.79672
0.00033105 1.31597e+06 1.81235
0.000336758 1.28261e+06 1.82785
0.000342466 1.25064e+06 1.84321
0.000348174 1.21997e+06 1.85845
0.000353881 1.19053e+06 1.87356
0.000359589 1.16226e+06 1.88854
0.000365297 1.13509e+06 1.90341
0.000371005 1.10896e+06 1.91816
0.000376712 1.08382e+06 1.93279
0.00038242 1.05961e+06 1.94732
0.000388128 1.03629e+06 1.96173
0.000393836 1.01381e+06 1.97604
0.000399543 992128 1.99024
0.000405251 971210 2.00434
0.000410959 951016 2.01834
0.000416667 931511 2.03224
0.000422319 912844 2.04591
0.000428047 894550 2.05967
0.000433854 876623 2.07353
0.000439739 859055 2.08747
0.000445704 841838 2.10151
0.00045175 824966 2.11564
0.000457878 808432 2.12987
0.000464089 792229 2.14419
0.000470384 776351 2.1586
0.000476765 760790 2.17312
0.000483232 745540 2.18772
0.000489787 730596 2.20243
0.000496431 715952 2.21723
0.000503165 701600 2.23213
0.00050999 687536 2.24714
0.000516908 673753 2.26224
0.00052392 660246 2.27744
0.000531027 647010 2.29274
0.00053823 634039 2.30814
0.000545531 621327 2.32364
0.000552932 608870 2.33925
0.000560432 596662 2.35496
0.000568034 584699 2.37078
0.000575739 572975 2.3867
0.000583549 561486 2.40273
0.000591465 550227 2.41886
0.000599488 539194 2.4351
0.00060762 528381 2.45144
0.000615862 517785 2.4679
0.000624217 507402 2.48446
0.000632684 497226 2.50113
0.000641266 487253 2.51792
0.000649965 477481 2.53481
0.000658782 467904 2.55182
0.000667718 458519 2.56894
0.000676775 449322 2.58617
0.000685956 440309 2.60351
0.000695261 431477 2.62097
0.000704692 422821 2.63855
0.000714251 414339 2.65624
0.00072394 406027 2.67405
0.00073376 397881 2.69197
0.000743713 389898 2.71002
0.000753802 382075 2.72818
0.000764027 374409 2.74646
0.000774391 366897 2.76486
0.000784895 359534 2.78339
0.000795542 352320 2.80203
0.000806334 345249 2.8208
0.000817271 338321 2.83969
0.000828358 331531 2.85871
0.000839594 324877 2.87785
0.000850983 318357 2.89711
0.000862527 311967 2.91651
0.000874227 305705 2.93603
0.000886086 299568 2.95568
0.000898105 293555 2.97545
0.000910288 287661 2.99536
0.000922636 281886 3.0154
0.000935151 276227 3.03557
0.000947836 270681 3.05587
0.000960694 265246 3.0763
0.000973725 259920 3.09687
0.000986934 254701 3.11757
0.00100032 249586 3.1384
0.00101389 244573 3.15938
0.00102764 239662 3.18049
0.00104158 234848 3.20174
0.00105571 230131 3.22312
0.00107003 225508 3.24465
0.00108455 220979 3.26631
0.00109926 216539 3.28812
0.00111417 212189 3.31007
0.00112929 207926 3.33216
0.0011446 203749 3.3544
0.00116013 199655 3.37678
0.00117587 195643 3.3993
0.00119182 191711 3.42198
0.00120798 187859 3.4448
0.00122437 184083 3.46776
0.00124098 180383 3.49088
0.00125781 176757 3.51414
0.00127487 173204 3.53756
0.00129217 169723 3.56113
0.0013097 166311 3.58485
0.00132746 162967 3.60872
0.00134547 159690 3.63275
0.00136372 156479 3.65694
0.00138222 153333 3.68128
0.00140097 150249 3.70577
0.00141997 147227 3.73043
0.00143923 144266 3.75524
0.00145876 141365 3.78021
0.00147855 138521 3.80535
0.0014986 135734 3.83064
0.00151893 133004 3.8561
0.00153953 130328 3.88172
0.00156042 127705 3.90751
0.00158158 125135 3.93346
0.00160304 122617 3.95958
0.00162478 120149 3.98586
0.00164682 117731 4.01232
0.00166916 115361 4.03894
0.0016918 113039 4.06573
0.00171475 110763 4.09269
0.00173801 108533 4.11983
0.00176159 106348 4.14714
0.00178549 104206 4.17462
0.00180971 102108 4.20227
0.00183425 100051 4.23011
0.00185914 98036 4.25812
0.00188435 96061.2 4.2863
0.00190992 94126 4.31467
0.00193582 92229.6 4.34322
0.00196208 90371.2 4.37194
0.0019887 88550.2 4.40085
0.00201567 86765.6 4.42994
0.00204302 85016.9 4.45922
0.00207073 83303.2 4.48868
0.00209882 81623.9 4.51832
0.00212729 79978.3 4.54815
0.00215615 78365.7 4.57817
0.00218539 76785.5 4.60838
0.00221504 75237 4.63878
0.00224508 73719.6 4.66937
0.00227554 72232.6 4.70015
0.00230641 70775.4 4.73112
0.00233769 69347.5 4.76229
0.0023694 67948.3 4.79365
0.00240154 66577.1 4.82521
0.00243412 65233.5 4.85696
0.00246714 63916.8 4.88891
0.00250061 62626.6 4.92106
0.00253453 61362.2 4.95341
0.00256891 60123.3 4.98596
0.00260375 58909.2 5.01872
0.00263907 57719.5 5.05167
0.00267487 56553.7 5.08483
0.00271116 55411.3 5.11819
0.00274793 54291.8 5.15176
0.00278521 53194.8 5.18554
0.00282299 52119.8 5.21952
0.00286128 51066.4 5.25372
0.00290009 50034.2 5.28812
0.00293943 49022.7 5.32273
0.00297931 48031.5 5.35756
0.00301972 47060.3 5.3926
0.00306068 46108.5 5.42785
0.0031022 45175.9 5.46332
0.00314428 44262 5.499
0.00318693 43366.5 5.5349
0.00323016 42488.9 5.57102
0.00327398 41629 5.60736
0.00331839 40786.4 5.64391
0.00336341 39960.7 5.68069
0.00340903 39151.6 5.71769
0.00345527 38358.7 5.75491
0.00350214 37581.8 5.79236
0.00354965 36820.5 5.83003
0.0035978 36074.6 5.86793
0.0036466 35343.6 5.90605
0.00369607 34627.3 5.94441
0.00374621 33925.4 5.98299
0.00379702 33237.6 6.0218
0.00384853 32563.7 6.06084
0.00390073 31903.3 6.10011
0.00395365 31256.2 6.13962
0.00400728 30622.1 6.17936
0.00406164 30000.7 6.21933
0.00411673 29391.9 6.25954
0.00417257 28795.3 6.29999
0.00422917 28210.7 6.34067
0.00428654 27637.9 6.38159
0.00434469 27076.6 6.42275
0.00440362 26526.6 6.46415
0.00446336 25987.6 6.50579
0.0045239 25459.5 6.54768
0.00458527 24942.1 6.5898
0.00464747 24435 6.63217
0.00471051 23938.2 6.67479
0.00477441 23451.4 6.71764
0.00483917 22974.3 6.76075
0.00490482 22506.9 6.8041
0.00497135 22048.9 6.8477
0.00503878 21600.1 6.89155
0.00510714 21160.4 6.93565
0.00517641 20729.5 6.98
0.00524663 20307.3 7.02461
0.0053178 19893.5 7.06946
0.00538994 19488.2 7.11456
0.00546305 19091 7.15992
0.00553715 18701.8 7.20554
0.00561227 18320.4 7.25141
0.0056884 17946.8 7.29753
0.00576556 17580.7 7.34391
0.00584377 17221.9 7.39055
0.00592304 16870.4 7.43745
0.00600338 16526 7.4846
0.00608482 16188.5 7.53202
0.00616736 15857.8 7.57969
0.00625102 15533.8 7.62763
0.00633581 15216.4 7.67582
0.00642175 14905.3 7.72428
0.00650887 14600.5 7.773
0.00659716 14301.9 7.82199
0.00668665 14009.3 7.87123
0.00677735 13722.6 7.92074
0.00686928 13441.7 7.97052
0.00696247 13166.5 8.02056
0.00705691 12896.8 8.07087
0.00715264 12632.5 8.12144
0.00724966 12373.7 8.17228
0.007348 12120 8.22338
0.00744768 11871.5 8.27476
0.0075487 11627.9 8.3264
0.0076511 11389.3 8.37831
0.00775489 11155.6 8.43049
0.00786008 10926.5 8.48293
0.0079667 10702.1 8.53565
0.00807477 10482.2 8.58863
0.0081843 10266.8 8.64189
0.00829532 10055.7 8.69541
0.00840785 9848.94 8.74921
0.0085219 9646.32 8.80327
0.0086375 9447.8 8.85761
0.00875466 9253.3 8.91221
0.00887342 9062.74 8.96709
0.00899379 8876.04 9.02223
0.00911578 8693.12 9.07765
0.00923944 8513.9 9.13334
0.00936477 8338.31 9.1893
0.0094918 8166.28 9.24553
0.00962056 7997.74 9.30203
0.00975106 7832.61 9.35879
0.00988333 7670.83 9.41583
0.0100174 7512.33 9.47314
0.0101533 7357.04 9.53072
0.010291 7204.9 9.58857
0.0104306 7055.85 9.64669
0.0105721 6909.82 9.70508
0.0107155 6766.76 9.76373
0.0108609 6626.6 9.82265
0.0110082 6489.28 9.88184
0.0111575 6354.75 9.9413
0.0113089 6222.96 10.001
0.0114623 6093.84 10.061
0.0116177 5967.35 10.1213
0.0117753 5843.42 10.1818
0.0119351 5722.02 10.2426
0.012097 5603.08 10.3036
0.0122611 5486.56 10.3649
0.0124274 5372.41 10.4265
0.012596 5260.59 10.4883
0.0127668 5151.04 10.5504
0.01294 5043.72 10.6128
0.0131155 4938.58 10.6754
0.0132934 4835.58 10.7383
0.0134738 4734.69 10.8014
0.0136565 4635.84 10.8648
0.0138418 4539.02 10.9284
0.0140295 4444.16 10.9923
0.0142199 4351.24 11.0564
0.0144127 4260.22 11.1208
0.0146083 4171.05 11.1854
0.0148064 4083.7 11.2503
0.0150073 3998.13 11.3154
0.0152108 3914.31 11.3808
0.0154172 3832.2 11.4464
0.0156263 3751.77 11.5122
0.0158383 3672.98 11.5783
0.0160531 3595.81 11.6446
0.0162709 3520.21 11.7112
0.0164916 3446.15 11.7779
0.0167153 3373.61 11.8449
0.016942 3302.56 11.9122
0.0171718 3232.96 11.9797
0.0174048 3164.78 12.0473
0.0176409 3098.01 12.1152
0.0178802 3032.6 12.1834
0.0181227 2968.53 12.2517
0.0183685 2905.77 12.3203
0.0186177 2844.3 12.389
0.0188703 2784.09 12.458
0.0191262 2725.12 12.5272
0.0193857 2667.35 12.5966
0.0196486 2610.78 12.6662
0.0199152 2555.36 12.7359
0.0201853 2501.09 12.8059
0.0204591 2447.93 12.8761
0.0207367 2395.86 12.9464
0.0210179 2344.87 13.0169
0.0213031 2294.92 13.0877
0.021592 2246.01 13.1585
0.0218849 2198.1 13.2296
0.0221818 2151.18 13.3008
0.0224827 2105.22 13.3722
0.0227877 2060.21 13.4438
0.0230968 2016.13 13.5155
0.0234101 1972.96 13.5873
0.0237276 1930.69 13.6594
0.0240495 1889.28 13.7315
0.0243757 1848.73 13.8038
0.0247064 1809.02 13.8762
0.0250415 1770.13 13.9488
0.0253812 1732.05 14.0215
0.0257255 1694.75 14.0943
0.0260744 1658.23 14.1672
0.0264281 1622.46 14.2403
0.0267866 1587.44 14.3134
0.02715 1553.14 14.3867
0.0275183 1519.55 14.46
0.0278916 1486.66 14.5334
0.0282699 1454.46 14.607
0.0286534 1422.92 14.6806
0.0290421 1392.04 14.7542
0.029436 1361.8 14.828
0.0298353 1332.19 14.9018
0.03024 1303.2 14.9756
0.0306502 1274.81 15.0495
0.031066 1247.01 15.1235
0.0314874 1219.8 15.1975
0.0319145 1193.15 15.2715
0.0323474 1167.06 15.3455
0.0327862 1141.51 15.4196
0.033231 1116.5 15.4937
0.0336817 1092.01 15.5677
0.0341386 1068.03 15.6418
0.0346017 1044.56 15.7159
0.0350711 1021.58 15.7899
0.0355468 999.076 15.8639
0.036029 977.048 15.9379
0.0365177 955.482 16.0118
0.0370131 934.37 16.0857
0.0375152 913.701 16.1595
0.0380241 893.468 16.2333
0.0385399 873.66 16.3069
0.0390626 854.27 16.3805
0.0395925 835.289 16.4541
0.0401296 816.708 16.5275
0.0406739 798.519 16.6008
0.0412257 780.715 16.6739
0.0417849 763.287 16.747
0.0423517 746.229 16.8199
0.0429262 729.531 16.8927
0.0435085 713.187 16.9653
0.0440987 697.19 17.0377
0.0446969 681.532 17.11
0.0453032 666.207 17.1821
0.0459177 651.208 17.254
0.0465406 636.528 17.3257
0.0471719 622.16 17.3972
0.0478118 608.099 17.4684
0.0484603 594.337 17.5394
0.0491177 580.869 17.6102
0.049784 567.689 17.6807
0.0504593 554.791 17.751
0.0511438 542.169 17.8209
0.0518375 529.817 17.8906
0.0525407 517.731 17.96
0.0532534 505.903 18.029
0.0539758 494.33 18.0977
0.0547079 483.005 18.1661
0.0554501 471.924 18.2342
0.0562022 461.082 18.3018
0.0569646 450.473 18.3692
0.0577373 440.094 18.4361
0.0585205 429.939 18.5026
0.0593143 420.003 18.5687
0.0601189 410.282 18.6344
0.0609344 400.773 18.6997
0.061761 391.469 18.7645
0.0625988 382.367 18.8288
0.0634479 373.464 18.8927
0.0643086 364.754 18.956
0.0651809 356.233 19.0189
0.0660651 347.899 19.0813
0.0669613 339.747 19.1431
0.0678696 331.772 19.2044
0.0687902 323.973 19.2651
0.0697234 316.344 19.3253
0.0706692 308.882 19.3849
0.0716278 301.585 19.4439
0.0725994 294.448 19.5022
0.0735842 287.468 19.56
0.0745824 280.641 19.6171
0.0755941 273.966 19.6735
0.0766195 267.438 19.7293
0.0776588 261.054 19.7844
0.0787122 254.812 19.8387
0.07978 248.708 19.8924
0.0808622 242.74 19.9454
0.0819591 236.904 19.9976
0.0830708 231.199 20.049
0.0841977 225.621 20.0997
0.0853398 220.167 20.1495
0.0864974 214.835 20.1986
0.0876708 209.623 20.2468
0.08886 204.527 20.2943
0.0900654 199.546 20.3408
0.0912871 194.677 20.3865
0.0925254 189.917 20.4313
0.0937805 185.265 20.4752
0.0950526 180.718 20.5182
0.096342 176.274 20.5603
0.0976489 171.931 20.6014
0.0989734 167.686 20.6416
0.100316 163.537 20.6808
0.101677 159.483 20.719
0.103056 155.522 20.7562
0.104454 151.651 20.7924
0.105871 147.868 20.8275
0.107307 144.172 20.8616
0.108763 140.561 20.8946
0.110238 137.033 20.9266
0.111733 133.586 20.9574
0.113249 130.219 20.9871
0.114785 126.93 21.0157
0.116342 123.716 21.0432
0.11792 120.577 21.0694
0.11952 117.511 21.0946
0.121141 114.517 21.1185
0.122784 111.592 21.1412
0.12445 108.735 21.1627
0.126138 105.946 21.183
0.127849 103.221 21.202
0.129584 100.561 21.2197
0.131341 97.9635 21.2362
0.133123 95.4271 21.2514
0.134929 92.9505 21.2652
0.136759 90.5326 21.2778
0.138614 88.172 21.289
0.140494 85.8676 21.2989
0.1424 83.6179 21.3074
0.144332 81.422 21.3145
0.14629 79.2786 21.3203
0.148274 77.1865 21.3246
0.150285 75.1446 21.3276
0.152324 73.1519 21.3291
0.15439 71.2072 21.3292
0.156485 69.3095 21.3278
0.158607 67.4578 21.3249
0.160759 65.6509 21.3206
0.162939 63.8881 21.3148
0.16515 62.1682 21.3075
0.16739 60.4903 21.2987
0.169661 58.8535 21.2884
0.171962 57.2568 21.2766
0.174295 55.6995 21.2632
0.176659 54.1805 21.2483
0.179055 52.6991 21.2318
0.181484 51.2544 21.2138
0.183946 49.8455 21.1941
0.186441 48.4717 21.1729
0.18897 47.1322 21.1502
0.191533 45.8262 21.1258
0.194132 44.5529 21.0998
0.196765 43.3116 21.0722
0.199434 42.1016 21.043
0.202139 40.9222 21.0121
0.204881 39.7726 20.9797
0.207661 38.6522 20.9456
0.210477 37.5604 20.9098
0.213333 36.4964 20.8725
0.216226 35.4596 20.8334
0.219159 34.4494 20.7928
0.222132 33.4652 20.7504
0.225146 32.5064 20.7064
0.2282 31.5724 20.6608
0.231295 30.6626 20.6135
0.234433 29.7765 20.5645
0.237613 28.9134 20.5139
0.240836 28.0729 20.4616
0.244103 27.2545 20.4077
0.247414 26.4576 20.3521
0.25077 25.6817 20.2948
0.254172 24.9263 20.2359
0.25762 24.1909 20.1753
0.261114 23.4751 20.1131
0.264656 22.7784 20.0492
0.268246 22.1003 19.9837
0.271885 21.4404 19.9165
0.275573 20.7983 19.8477
0.279311 20.1735 19.7773
0.2831 19.5656 19.7052
0.28694 18.9742 19.6316
0.290832 18.3989 19.5563
0.294778 17.8393 19.4794
0.298776 17.295 19.4009
0.302829 16.7657 19.3209
0.306937 16.251 19.2393
0.3111 15.7505 19.1561
0.31532 15.2639 19.0713
0.319598 14.7909 18.985
0.323933 14.331 18.8972
0.328327 13.8841 18.8079
0.332781 13.4497 18.7171
0.337295 13.0275 18.6247
0.34187 12.6172 18.5309
0.346508 12.2186 18.4357
0.351208 11.8314 18.3389
0.355972 11.4552 18.2408
0.360801 11.0897 18.1412
0.365695 10.7348 18.0403
0.370656 10.3901 17.9379
0.375684 10.0554 17.8342
0.38078 9.73042 17.7292
0.385945 9.41488 17.6228
0.39118 9.10857 17.5152
0.396487 8.81124 17.4062
0.401865 8.52266 17.296
0.407316 8.2426 17.1845
0.412841 7.97084 17.0718
0.418441 7.70716 16.958
0.424118 7.45135 16.8429
0.429871 7.20319 16.7267
0.435702 6.96249 16.6094
0.441612 6.72905 16.4909
0.447602 6.50267 16.3714
0.453674 6.28316 16.2509
0.459828 6.07035 16.1293
0.466066 5.86404 16.0067
0.472388 5.66406 15.8831
0.478796 5.47024 15.7586
0.48529 5.28242 15.6331
0.491873 5.10042 15.5068
0.498546 4.92408 15.3796
0.505308 4.75326 15.2516
0.512163 4.5878 15.1227
0.51911 4.42754 14.9931
0.526152 4.27235 14.8627
0.533289 4.12208 14.7316
0.540523 3.97659 14.5999
0.547855 3.83575 14.4674
0.555287 3.69942 14.3344
0.562819 3.56748 14.2007
0.570454 3.43981 14.0665
0.578192 3.31627 13.9317
0.586035 3.19676 13.7964
0.593984 3.08115 13.6607
0.602042 2.96933 13.5245
0.610208 2.86119 13.3879
0.618486 2.75662 13.2509
0.626875 2.65553 13.1136
0.635379 2.55779 12.976
0.643998 2.46333 12.8381
0.652734 2.37203 12.7
0.661588 2.28381 12.5616
0.670562 2.19857 12.423
0.679658 2.11622 12.2843
0.688878 2.03668 12.1455
0.698222 1.95986 12.0066
0.707694 1.88567 11.8677
0.717293 1.81404 11.7287
0.727023 1.74489 11.5898
0.736885 1.67814 11.4508
0.746881 1.61371 11.312
0.757012 1.55155 11.1733
0.767281 1.49156 11.0347
0.777689 1.43369 10.8963
0.788238 1.37787 10.758
0.798931 1.32403 10.6201
0.809768 1.27212 10.4823
0.820753 1.22206 10.3449
0.831886 1.1738 10.2078
0.84317 1.12729 10.0711
0.854608 1.08246 9.93472
0.866201 1.03926 9.79878
0.877951 0.997642 9.66328
0.88986 0.957548 9.52826
0.901931 0.918929 9.39374
0.914165 0.881738 9.25974
0.926566 0.845926 9.1263
0.939134 0.811448 8.99345
0.951874 0.778259 8.8612
0.964786 0.746315 8.72959
0.977873 0.715576 8.59865
0.991138 0.685998 8.46839
1.00458 0.657545 8.33885
1.01821 0.630175 8.21004
1.03202 0.603854 8.082
1.04602 0.578543 7.95474
1.06021 0.554209 7.82829
1.07459 0.530817 7.70267
1.08917 0.508334 7.5779
1.10394 0.486729 7.454
1.11892 0.46597 7.331
1.1341 0.446027 7.20891
1.14948 0.426871 7.08776
1.16507 0.408475 6.96756
1.18088 0.390811 6.84833
1.19689 0.373852 6.73009
1.21313 0.357573 6.61286
1.22959 0.341949 6.49664
1.24626 0.326957 6.38147
1.26317 0.312572 6.26735
1.28031 0.298773 6.1543
1.29767 0.285538 6.04233
1.31528 0.272847 5.93146
1.33312 0.260677 5.82169
1.3512 0.249011 5.71305
1.36953 0.237829 5.60554
1.38811 0.227113 5.49917
1.40694 0.216845 5.39396
1.42602 0.207008 5.28991
1.44536 0.197585 5.18703
1.46497 0.188561 5.08533
1.48484 0.17992 4.98483
1.50498 0.171647 4.88551
1.5254 0.163728 4.7874
1.54609 0.156149 4.6905
1.56706 0.148896 4.5948
1.58832 0.141957 4.50033
1.60987 0.13532 4.40708
1.6317 0.128971 4.31505
1.65384 0.122901 4.22425
1.67627 0.117096 4.13468
1.69901 0.111548 4.04634
1.72206 0.106245 3.95924
1.74542 0.101177 3.87336
1.76909 0.0963345 3.78873
1.79309 0.0917088 3.70532
1.81741 0.0872907 3.62314
1.84207 0.0830714 3.54219
1.86705 0.0790429 3.46247
1.89238 0.0751971 3.38398
1.91805 0.0715262 3.3067
1.94407 0.0680231 3.23065
1.97044 0.0646806 3.1558
1.99717 0.0614918 3.08217
2.02426 0.0584502 3.00973
2.05172 0.0555495 2.9385
2.07955 0.0527836 2.86845
2.10776 0.0501468 2.79959
2.13635 0.0476334 2.73191
2.16533 0.0452381 2.6654
2.1947 0.0429557 2.60005
2.22447 0.0407812 2.53585
2.25465 0.0387099 2.4728
2.28523 0.0367373 2.41089
2.31623 0.0348589 2.3501
2.34765 0.0330706 2.29044
2.3795 0.0313683 2.23188
2.41177 0.0297481 2.17441
2.44449 0.0282064 2.11804
2.47765 0.0267396 2.06273
2.51126 0.0253443 2.0085
2.54532 0.0240172 1.95532
2.57985 0.0227552 1.90317
2.61484 0.0215553 1.85206
2.65031 0.0204147 1.80197
2.68626 0.0193305 1.75287
2.7227 0.0183002 1.70478
2.75964 0.0173213 1.65766
2.79707 0.0163913 1.6115
2.83501 0.015508 1.5663
2.87347 0.0146691 1.52204
2.91245 0.0138725 1.4787
2.95195 0.0131162 1.43628
2.992 0.0123984 1.39475
3.03258 0.011717 1.35411
3.07372 0.0110705 1.31433
3.11541 0.010457 1.27541
3.15768 0.00987511 1.23733
3.20051 0.00932315 1.20008
3.24392 0.0087997 1.16364
3.28793 0.00830336 1.128
3.33253 0.00783279 1.09313
3.37773 0.00738672 1.05904
3.42355 0.00696395 1.0257
3.46999 0.0065633 0.993091
3.51706 0.00618369 0.961208
3.56477 0.00582405 0.930032
3.61312 0.00548338 0.899548
3.66214 0.00516073 0.869741
3.71181 0.00485518 0.840596
3.76216 0.00456587 0.812099
3.8132 0.00429197 0.784233
3.86492 0.00403269 0.756984
3.91735 0.00378729 0.730336
3.97049 0.00355505 0.704276
4.02435 0.00333529 0.678787
4.07894 0.00312736 0.653856
4.13427 0.00293066 0.629467
4.19035 0.0027446 0.605605
4.24719 0.00256863 0.582257
4.3048 0.00240221 0.559407
4.3632 0.00224485 0.537041
4.42238 0.00209608 0.515145
4.48237 0.00195543 0.493706
4.54317 0.00182249 0.472708
4.6048 0.00169684 0.45214
4.66726 0.0015781 0.431987
4.73058 0.00146591 0.412236
4.79475 0.00135992 0.392876
4.85979 0.00125981 0.373894
4.92571 0.00116526 0.355278
4.99252 0.00107598 0.337018
5.06025 0.00099169 0.319102
5.12889 0.00091214 0.301521
5.19846 0.000837079 0.284267
5.26898 0.000766276 0.26733
5.34045 0.000699516 0.250705
5.41289 0.000636594 0.234386
5.48632 0.000577322 0.218368
5.56074 0.000521521 0.20265
5.63617 0.000469029 0.187231
5.71262 0.000419694 0.172113
5.79012 0.000373376 0.157301
5.86866 0.00032995 0.142802
5.94827 0.000289302 0.12863
6.02895 0.000251331 0.114799
6.11074 0.000215951 0.101333
6.19363 0.000183091 0.0882604
6.27764 0.000152695 0.0756184
6.3628 0.000124727 0.063455
6.44911 9.91723e-05 0.0518322
6.53659 7.60442e-05 0.0408299
6.62526 5.53923e-05 0.0305538
6.71513 3.73192e-05 0.0211471
6.80622 2.20138e-05 0.0128149
6.89854 9.83268e-06 0.00588026
6.99212 1.60259e-06 0.00098458
7.08697 0 0
7.1831 0 0
7.28054 0 0
7.3793 0 0
7.4794 0 0
7.58086 0 0
7.68369 0 0
7.78792 0 0
7.89356 0 0
8.00064 0 0
8.10916 0 0
8.21916 0 0
8.33065 0 0
8.44366 0 0
8.5582 0 0
8.67429 0 0
8.79195 0 0
8.91121 0 0
9.03209 0 0
9.15461 0 0
9.27879 0 0
9.40466 0 0
9.53223 0 0
9.66154 0 0
9.79259 0 0
9.92543 0 0
10.0601 0 0
10.1965 0 0
10.3348 0 0
10.475 0 0
10.6171 0 0
10.7611 0 0
10.9071 0 0
11.0551 0 0
11.205 0 0
11.357 0 0
11.5111 0 0
11.6672 0 0
11.8255 0 0
11.9859 0 0
12.1485 0 0
12.3133 0 0
12.4803 0 0
12.6496 0 0
12.8212 0 0
12.9951 0 0
13.1714 0 0
13.3501 0 0
13.5312 0 0
13.7147 0 0
13.9007 0 0
14.0893 0 0
14.2804 0 0
14.4741 0 0
14.6705 0 0
14.8695 0 0
15.0712 0 0
15.2756 0 0
15.4828 0 0
15.6929 0 0
15.9057 0 0
16.1215 0 0
16.3402 0 0
16.5618 0 0
16.7865 0 0
17.0142 0 0
17.245 0 0
17.4789 0 0
17.716 0 0
17.9563 0 0
18.1999 0 0
18.4468 0 0
18.697 0 0
18.9506 0 0
19.2077 0 0
19.4682 0 0
19.7323 0 0
