4.26803e-06	0.00158778
8.53606e-06	0.00317554
1.28041e-05	0.00476323
1.70721e-05	0.00635083
2.13402e-05	0.00793832
2.56082e-05	0.00952566
2.98762e-05	0.0111128
3.41443e-05	0.0126998
3.84123e-05	0.0142865
4.26803e-05	0.015873
4.69484e-05	0.0174592
5.12164e-05	0.0190451
5.54844e-05	0.0206306
5.97525e-05	0.0222159
6.40205e-05	0.0238007
6.82885e-05	0.0253852
7.25566e-05	0.0269693
7.68246e-05	0.0285529
8.10926e-05	0.0301362
8.53606e-05	0.031719
8.96287e-05	0.0333013
9.38967e-05	0.0348833
9.81647e-05	0.0364648
0.000102433	0.0380458
0.000106701	0.0396264
0.000110969	0.0412065
0.000115237	0.0427862
0.000119505	0.0443655
0.000123773	0.0459443
0.000128041	0.0475227
0.000132309	0.0491006
0.000136577	0.050678
0.000140845	0.0522551
0.000145113	0.0538317
0.000149381	0.0554078
0.000153649	0.0569835
0.000157917	0.0585587
0.000162185	0.0601335
0.000166453	0.0617079
0.000170721	0.0632818
0.000174989	0.0648553
0.000179257	0.0664283
0.000183525	0.0680009
0.000187793	0.069573
0.000192061	0.0711447
0.000196329	0.072716
0.000200598	0.0742868
0.000204866	0.0758571
0.000209134	0.0774271
0.000213402	0.0789965
0.00021767	0.0805656
0.000221938	0.0821342
0.000226206	0.0837023
0.000230474	0.08527
0.000234742	0.0868373
0.00023901	0.0884041
0.000243278	0.0899704
0.000247546	0.0915364
0.000251814	0.0931019
0.000256082	0.0946669
0.00026035	0.0962315
0.000264618	0.0977957
0.000268886	0.0993594
0.000273154	0.100923
0.000277422	0.102485
0.00028169	0.104048
0.000285958	0.10561
0.000290226	0.107171
0.000294494	0.108732
0.000298762	0.110293
0.00030303	0.111853
0.000307263	0.1134
0.000311555	0.114968
0.000315907	0.116558
0.00032032	0.118169
0.000324794	0.119802
0.000329331	0.121458
0.000333931	0.123136
0.000338596	0.124837
0.000343325	0.126561
0.000348121	0.128309
0.000352984	0.130081
0.000357914	0.131877
0.000362914	0.133697
0.000367983	0.135542
0.000373123	0.137413
0.000378335	0.139308
0.00038362	0.14123
0.000388979	0.143178
0.000394412	0.145152
0.000399921	0.147153
0.000405508	0.149182
0.000411172	0.151237
0.000416915	0.153321
0.000422739	0.155433
0.000428644	0.157574
0.000434632	0.159744
0.000440703	0.161943
0.000446859	0.164172
0.0004531	0.166431
0.00045943	0.168721
0.000465847	0.171042
0.000472354	0.173394
0.000478952	0.175779
0.000485642	0.178195
0.000492426	0.180644
0.000499305	0.183126
0.000506279	0.185641
0.000513351	0.188191
0.000520522	0.190775
0.000527793	0.193394
0.000535165	0.196048
0.00054264	0.198737
0.00055022	0.201463
0.000557906	0.204226
0.000565699	0.207026
0.000573601	0.209863
0.000581613	0.212739
0.000589737	0.215653
0.000597975	0.218606
0.000606328	0.221599
0.000614797	0.224632
0.000623385	0.227705
0.000632093	0.23082
0.000640922	0.233976
0.000649875	0.237175
0.000658953	0.240416
0.000668157	0.243701
0.00067749	0.247029
0.000686954	0.250402
0.000696549	0.253819
0.000706279	0.257283
0.000716145	0.260792
0.000726148	0.264348
0.000736291	0.267951
0.000746576	0.271602
0.000757004	0.275301
0.000767579	0.27905
0.0007783	0.282848
0.000789172	0.286696
0.000800196	0.290596
0.000811373	0.294547
0.000822707	0.29855
0.000834199	0.302605
0.000845851	0.306715
0.000857666	0.310878
0.000869646	0.315096
0.000881794	0.31937
0.000894111	0.3237
0.000906601	0.328087
0.000919264	0.332531
0.000932105	0.337033
0.000945125	0.341595
0.000958327	0.346216
0.000971713	0.350897
0.000985287	0.35564
0.00099905	0.360444
0.001013	0.365311
0.00102715	0.370241
0.0010415	0.375235
0.00105605	0.380295
0.0010708	0.385419
0.00108576	0.390611
0.00110093	0.395869
0.0011163	0.401195
0.0011319	0.406591
0.00114771	0.412055
0.00116374	0.417591
0.00118	0.423197
0.00119648	0.428875
0.00121319	0.434627
0.00123014	0.440452
0.00124732	0.446351
0.00126474	0.452327
0.00128241	0.458378
0.00130032	0.464506
0.00131849	0.470713
0.0013369	0.476999
0.00135558	0.483364
0.00137451	0.48981
0.00139371	0.496338
0.00141318	0.502948
0.00143292	0.509642
0.00145294	0.51642
0.00147323	0.523283
0.00149381	0.530233
0.00151468	0.53727
0.00153583	0.544395
0.00155729	0.551609
0.00157904	0.558914
0.0016011	0.566309
0.00162346	0.573796
0.00164614	0.581376
0.00166913	0.589051
0.00169245	0.59682
0.00171609	0.604685
0.00174006	0.612647
0.00176437	0.620708
0.00178901	0.628867
0.001814	0.637126
0.00183934	0.645486
0.00186503	0.653949
0.00189108	0.662514
0.0019175	0.671184
0.00194428	0.679958
0.00197144	0.688839
0.00199898	0.697828
0.0020269	0.706924
0.00205522	0.71613
0.00208392	0.725446
0.00211303	0.734874
0.00214255	0.744415
0.00217248	0.754069
0.00220282	0.763837
0.00223359	0.773722
0.00226479	0.783723
0.00229643	0.793842
0.00232851	0.80408
0.00236103	0.814438
0.00239401	0.824917
0.00242745	0.835518
0.00246136	0.846242
0.00249574	0.857091
0.0025306	0.868065
0.00256595	0.879165
0.00260179	0.890393
0.00263814	0.90175
0.00267499	0.913236
0.00271235	0.924852
0.00275024	0.9366
0.00278866	0.948481
0.00282761	0.960496
0.00286711	0.972645
0.00290715	0.98493
0.00294776	0.997352
0.00298894	1.00991
0.00303069	1.02261
0.00307302	1.03545
0.00311595	1.04843
0.00315947	1.06155
0.00320361	1.07481
0.00324836	1.08822
0.00329373	1.10177
0.00333974	1.11547
0.00338639	1.12931
0.00343369	1.1433
0.00348165	1.15744
0.00353029	1.17173
0.0035796	1.18617
0.0036296	1.20075
0.0036803	1.21549
0.00373171	1.23039
0.00378384	1.24543
0.00383669	1.26063
0.00389028	1.27598
0.00394462	1.29149
0.00399972	1.30716
0.00405559	1.32298
0.00411224	1.33895
0.00416969	1.35509
0.00422793	1.37138
0.00428699	1.38784
0.00434687	1.40445
0.00440759	1.42122
0.00446916	1.43815
0.00453158	1.45524
0.00459488	1.47249
0.00465906	1.48991
0.00472414	1.50748
0.00479013	1.52522
0.00485704	1.54312
0.00492489	1.56118
0.00499368	1.5794
0.00506344	1.59779
0.00513416	1.61634
0.00520588	1.63505
0.0052786	1.65392
0.00535233	1.67295
0.0054271	1.69215
0.0055029	1.71151
0.00557977	1.73102
0.00565771	1.7507
0.00573674	1.77054
0.00581687	1.79054
0.00589813	1.8107
0.00598051	1.83102
0.00606405	1.85149
0.00614876	1.87212
0.00623465	1.89291
0.00632173	1.91386
0.00641004	1.93495
0.00649958	1.95621
0.00659037	1.97761
0.00668242	1.99916
0.00677577	2.02087
0.00687041	2.04272
0.00696638	2.06472
0.00706369	2.08686
0.00716236	2.10915
0.00726241	2.13158
0.00736385	2.15415
0.00746671	2.17685
0.00757101	2.1997
0.00767676	2.22267
0.007784	2.24578
0.00789273	2.26901
0.00800298	2.29237
0.00811477	2.31586
0.00822812	2.33946
0.00834305	2.36318
0.00845959	2.38702
0.00857776	2.41097
0.00869757	2.43503
0.00881906	2.45919
0.00894225	2.48346
0.00906716	2.50782
0.00919382	2.53227
0.00932224	2.55682
0.00945246	2.58145
0.00958449	2.60617
0.00971837	2.63096
0.00985412	2.65583
0.00999177	2.68076
0.0101313	2.70576
0.0102729	2.73081
0.0104164	2.75592
0.0105619	2.78108
0.0107094	2.80628
0.010859	2.83152
0.0110107	2.85679
0.0111645	2.88209
0.0113204	2.9074
0.0114785	2.93273
0.0116389	2.95806
0.0118015	2.9834
0.0119663	3.00873
0.0121335	3.03404
0.0123029	3.05934
0.0124748	3.0846
0.012649	3.10984
0.0128257	3.13502
0.0130049	3.16016
0.0131865	3.18524
0.0133707	3.21025
0.0135575	3.23519
0.0137469	3.26004
0.0139389	3.2848
0.0141336	3.30946
0.014331	3.334
0.0145312	3.35843
0.0147342	3.38272
0.01494	3.40688
0.0151487	3.43089
0.0153603	3.45474
0.0155749	3.47841
0.0157924	3.50191
0.016013	3.52522
0.0162367	3.54833
0.0164635	3.57122
0.0166935	3.59389
0.0169266	3.61633
0.0171631	3.63852
0.0174028	3.66046
0.0176459	3.68212
0.0178924	3.7035
0.0181423	3.72459
0.0183957	3.74538
0.0186527	3.76584
0.0189133	3.78598
0.0191774	3.80577
0.0194453	3.82521
0.0197169	3.84428
0.0199924	3.86297
0.0202716	3.88127
0.0205548	3.89915
0.0208419	3.91662
0.021133	3.93365
0.0214282	3.95024
0.0217275	3.96636
0.022031	3.98201
0.0223388	3.99718
0.0226508	4.01184
0.0229672	4.02598
0.023288	4.0396
0.0236133	4.05268
0.0239432	4.06519
0.0242776	4.07714
0.0246167	4.08851
0.0249606	4.09928
0.0253092	4.10943
0.0256628	4.11897
0.0260212	4.12786
0.0263847	4.13611
0.0267533	4.14369
0.027127	4.1506
0.0275059	4.15681
0.0278901	4.16233
0.0282797	4.16713
0.0286747	4.1712
0.0290753	4.17453
0.0294814	4.17711
0.0298932	4.17893
0.0303108	4.17997
0.0307342	4.18023
0.0311635	4.17969
0.0315988	4.17834
0.0320401	4.17617
0.0324877	4.17318
0.0329415	4.16935
0.0334016	4.16468
0.0338682	4.15915
0.0343413	4.15275
0.034821	4.14549
0.0353074	4.13735
0.0358006	4.12832
0.0363006	4.1184
0.0368077	4.10758
0.0373219	4.09586
0.0378432	4.08323
0.0383718	4.06969
0.0389078	4.05523
0.0394513	4.03986
0.0400023	4.02356
0.0405611	4.00635
0.0411277	3.9882
0.0417022	3.96914
0.0422847	3.94915
0.0428753	3.92824
0.0434742	3.90641
0.0440815	3.88366
0.0446973	3.86
0.0453216	3.83543
0.0459547	3.80995
0.0465966	3.78357
0.0472475	3.7563
0.0479074	3.72815
0.0485766	3.69912
0.0492552	3.66922
0.0499432	3.63846
0.0506408	3.60686
0.0513482	3.57442
0.0520654	3.54116
0.0527927	3.50709
0.0535301	3.47223
0.0542779	3.43659
0.0550361	3.40018
0.0558048	3.36303
0.0565843	3.32515
0.0573747	3.28656
0.0581762	3.24728
0.0589888	3.20733
0.0598128	3.16673
0.0606483	3.1255
0.0614954	3.08367
0.0623544	3.04126
0.0632254	2.9983
0.0641086	2.9548
0.0650041	2.9108
0.0659121	2.86632
0.0668327	2.82139
0.0677663	2.77603
0.0687129	2.73028
0.0696727	2.68416
0.0706459	2.63771
0.0716327	2.59094
0.0726333	2.5439
0.0736479	2.49662
0.0746766	2.44912
0.0757197	2.40144
0.0767774	2.3536
0.0778499	2.30565
0.0789373	2.25761
0.08004	2.20951
0.081158	2.1614
0.0822916	2.11329
0.0834411	2.06523
0.0846067	2.01724
0.0857885	1.96937
0.0869868	1.92163
0.0882019	1.87407
0.0894339	1.82671
0.0906832	1.77959
0.0919499	1.73274
0.0932343	1.68619
0.0945366	1.63997
0.0958571	1.59412
0.0971961	1.54864
0.0985538	1.50359
0.0999304	1.45899
0.101326	1.41486
0.102742	1.37123
0.104177	1.32812
0.105632	1.28557
0.107108	1.24359
0.108604	1.20222
0.110121	1.16146
0.111659	1.12135
0.113219	1.0819
0.1148	1.04313
0.116404	1.00506
0.11803	0.967702
0.119678	0.931079
0.12135	0.895204
0.123045	0.860087
0.124764	0.825742
0.126507	0.79218
0.128274	0.759409
0.130065	0.727438
0.131882	0.696274
0.133724	0.665922
0.135592	0.636387
0.137486	0.607673
0.139407	0.57978
0.141354	0.55271
0.143329	0.526462
0.145331	0.501035
0.147361	0.476425
0.149419	0.452629
0.151506	0.429641
0.153623	0.407455
0.155768	0.386063
0.157944	0.365458
0.160151	0.34563
0.162388	0.326568
0.164656	0.308262
0.166956	0.2907
0.169288	0.273868
0.171653	0.257754
0.17405	0.242342
0.176482	0.227619
0.178947	0.213568
0.181446	0.200173
0.183981	0.187418
0.186551	0.175287
0.189157	0.163761
0.191799	0.152823
0.194478	0.142455
0.197195	0.132639
0.199949	0.123357
0.202742	0.11459
0.205574	0.10632
0.208446	0.0985276
0.211357	0.0911952
0.214309	0.0843041
0.217303	0.0778361
0.220338	0.0717732
0.223416	0.0660973
0.226537	0.0607909
0.229701	0.0558367
0.23291	0.0512174
0.236163	0.0469166
0.239462	0.0429178
0.242807	0.039205
0.246199	0.0357629
0.249638	0.0325762
0.253125	0.0296304
0.25666	0.0269113
0.260246	0.0244053
0.263881	0.0220992
0.267567	0.0199804
0.271304	0.0180367
0.275094	0.0162565
0.278937	0.0146286
0.282833	0.0131424
0.286784	0.0117879
0.29079	0.0105555
0.294851	0.00943596
0.29897	0.00842082
0.303146	0.0075019
0.307381	0.00667156
0.311674	0.00592259
0.316028	0.00524825
0.320442	0.00464221
0.324918	0.00409856
0.329457	0.00361181
0.334059	0.00317682
0.338725	0.00278885
0.343457	0.00244348
0.348254	0.00213666
0.353119	0.00186462
0.358051	0.00162391
0.363053	0.00141137
0.368124	0.00122409
0.373266	0.00105942
0.37848	0.000914937
0.383767	0.000788444
0.389127	0.000677944
0.394563	0.000581632
0.400074	0.000497875
0.405663	0.000425203
0.411329	0.000362296
0.417075	0.00030797
0.422901	0.000261167
0.428808	0.000220941
0.434798	0.000186453
0.440871	0.000156958
0.44703	0.000131797
0.453274	0.000110388
0.459605	9.22169e-05
0.466025	7.68357e-05
0.472535	6.38501e-05
0.479135	5.29166e-05
0.485828	4.37358e-05
0.492615	3.6048e-05
0.499496	2.96285e-05
0.506473	2.42831e-05
0.513547	1.98449e-05
0.520721	1.61706e-05
0.527994	1.31378e-05
0.53537	1.06418e-05
0.542848	8.59395e-06
0.550431	6.91883e-06
0.558119	5.55289e-06
0.565915	4.44256e-06
0.57382	3.54289e-06
0.581836	2.81626e-06
0.589963	2.2313e-06
0.598204	1.76197e-06
0.60656	1.38667e-06
0.615033	1.08757e-06
0.623624	8.5004e-07
0.632335	6.62055e-07
0.641167	5.13809e-07
0.650123	3.97321e-07
0.659205	3.06121e-07
0.668413	2.34982e-07
0.677749	1.79699e-07
0.687216	1.369e-07
0.696816	1.03892e-07
0.706549	7.85356e-08
0.716419	5.91329e-08
0.726426	4.43453e-08
0.736573	3.31207e-08
0.746862	2.46354e-08
0.757294	1.82476e-08
0.767872	1.3459e-08
0.778598	9.88451e-09
0.789474	7.22785e-09
0.800502	5.26198e-09
0.811683	3.81372e-09
0.823021	2.75159e-09
0.834518	1.97618e-09
0.846175	1.4127e-09
0.857994	1.00514e-09
0.869979	7.11757e-10
0.882131	5.01573e-10
0.894453	3.51729e-10
0.906947	2.45429e-10
0.919616	1.70396e-10
0.932462	1.17702e-10
0.945487	8.08834e-11
0.958694	5.52898e-11
0.972085	3.75956e-11
0.985664	2.54266e-11
0.999432	1.71012e-11
1.01339	1.14398e-11
1.02755	7.61041e-12
1.0419	5.03455e-12
1.05645	3.31259e-12
1.07121	2.16641e-12
1.08617	1.40851e-12
1.10135	9.08669e-13
1.11673	5.8247e-13
1.13233	3.74046e-13
1.14815	2.38546e-13
1.16418	1.4858e-13
1.18045	9.14405e-14
1.19694	5.54807e-14
1.21365	3.56027e-14
1.23061	2.40968e-14
1.2478	1.65094e-14
1.26523	1.01954e-14
1.2829	5.58096e-15
1.30082	3.75864e-16
1.31899	5.30554e-17
1.33741	1.45946e-15
1.3561	2.08737e-15
1.37504	1.40434e-15
1.39425	2.31267e-16
1.41372	-8.76121e-16
1.43347	-1.06462e-15
1.45349	4.17838e-16
1.4738	7.85998e-17
1.49438	1.39909e-15
1.51526	-1.22003e-15
1.53642	-1.95009e-15
1.55788	-8.10521e-16
1.57964	2.36915e-15
1.60171	1.53477e-15
1.62408	-1.3035e-15
1.64677	-4.85706e-16
1.66977	-1.10104e-15
1.6931	1.688e-15
1.71675	9.12836e-16
1.74073	1.24926e-15
1.76504	-4.99073e-16
1.7897	1.31601e-16
1.81469	1.42962e-16
1.84004	-9.73232e-16
1.86575	3.60249e-16
1.89181	-1.66396e-16
1.91823	1.75975e-16
1.94503	-5.58406e-16
1.9722	3.3979e-16
1.99975	-9.13396e-16
2.02768	-6.56244e-16
2.056	8.43724e-16
2.08472	6.95451e-16
2.11384	4.10538e-16
2.14337	1.27765e-15
2.17331	2.1454e-16
2.20367	-4.52479e-16
2.23445	1.52612e-16
2.26566	1.06285e-15
2.29731	4.04903e-16
2.3294	-9.72132e-16
2.36193	-8.43412e-16
2.39493	-4.17178e-16
2.42838	1.10333e-15
2.4623	-5.6333e-17
2.4967	-1.50446e-15
2.53157	6.77393e-16
2.56693	4.54951e-16
2.60279	2.07152e-16
2.63914	4.58982e-16
2.67601	-9.59597e-16
2.71339	3.36904e-16
2.75129	9.20015e-16
2.78972	-5.03946e-16
2.82869	-7.35272e-16
2.8682	8.46421e-16
2.90827	5.48356e-17
2.94889	-2.62517e-16
2.99008	4.60028e-16
3.03185	-2.08839e-17
3.0742	1.27724e-15
3.11714	-3.86281e-17
3.16068	2.48961e-16
3.20483	8.02905e-16
3.2496	-7.76519e-16
3.29499	1.40793e-16
3.34102	-5.11887e-16
3.38768	7.59432e-16
3.43501	-4.75063e-16
3.48299	5.95019e-16
3.53164	-2.23555e-16
3.58097	-2.84063e-16
3.63099	8.82047e-16
3.68171	-3.72822e-17
3.73314	2.56679e-16
3.78528	-8.14892e-16
3.83816	7.7309e-16
3.89177	-1.00297e-15
3.94613	-7.01066e-17
4.00125	-1.71137e-16
4.05715	2.18117e-16
4.11382	-5.00159e-16
4.17128	2.99447e-16
4.22955	-2.2169e-16
4.28863	7.76858e-17
4.34853	-3.3879e-18
4.40927	4.09767e-17
4.47087	-8.18481e-18
4.53332	4.80685e-18
4.59664	-1.77861e-18
4.66085	2.16776e-19
4.72595	-8.72494e-20
4.79197	6.16147e-20
4.8589	-1.01917e-20
4.92677	2.1131e-21
4.99559	-1.04777e-21
5.06537	1.53326e-22
5.13613	-3.02366e-23
5.20787	1.00259e-23
5.28062	1.33682e-24
5.35438	6.43392e-26
5.42917	-1.24477e-25
5.50501	-3.49226e-26
5.58191	-1.16674e-27
5.65988	1.26469e-27
5.73893	3.28819e-29
5.8191	-1.31361e-29
5.90038	-3.4192e-30
5.9828	7.54159e-31
6.06637	-5.44222e-32
6.15111	-2.7109e-33
6.23703	1.88761e-35
6.32415	4.17035e-34
6.41249	-4.253e-35
6.50206	3.96711e-36
6.59289	2.39554e-37
6.68498	8.47713e-38
6.77836	-2.96285e-39
6.87304	1.06192e-39
6.96905	-2.56949e-42
7.06639	1.07228e-41
7.1651	-1.49748e-45
7.26518	1.02913e-43
7.36667	1.38717e-45
7.46957	1.0377e-45
7.57391	-3.91302e-47
7.6797	1.76407e-48
7.78697	-2.86602e-49
7.89575	1.85867e-50
8.00604	9.28398e-52
8.11787	9.937e-53
8.23126	-3.5357e-54
8.34624	2.17333e-55
8.46282	9.83961e-57
8.58104	3.48981e-57
8.7009	1.74303e-60
8.82244	8.78664e-60
8.94567	-7.20186e-61
9.07063	2.17055e-62
9.19733	-5.04462e-64
9.32581	9.6981e-65
9.45607	-1.73123e-65
9.58816	9.91919e-68
9.72209	-1.64838e-68
9.85789	4.39256e-70
9.99559	-2.26863e-71
10.1352	7.60135e-73
10.2768	-8.35626e-74
10.4203	3.30379e-75
10.5659	6.22101e-78
10.7135	4.90042e-78
10.8631	-2.83898e-79
11.0149	-1.15647e-82
11.1687	-1.74806e-83
11.3247	1.90278e-83
11.4829	-1.97329e-85
11.6433	8.71905e-87
11.806	-2.26075e-88
11.9709	1.46307e-89
12.1381	-1.5082e-91
12.3076	3.49133e-93
12.4796	-1.31933e-95
12.6539	-4.34467e-96
12.8306	-7.39003e-98
13.0099	-9.20548e-100
13.1916	2.89069e-102
13.3759	3.29345e-102
13.5627	9.25888e-105
13.7521	1.76536e-105
13.9442	-3.11169e-107
14.139	-3.42334e-110
14.3365	-9.08941e-111
14.5368	6.30085e-114
14.7398	-1.15093e-113
14.9457	-3.51457e-117
15.1545	-7.05842e-118
15.3662	-2.71322e-119
15.5808	-1.2955e-120
15.7985	-2.12463e-122
16.0191	1.15784e-125
16.2429	6.26968e-126
16.4698	-7.70696e-128
16.6998	1.13227e-130
16.9331	-4.84814e-132
17.1696	1.13171e-133
17.4095	1.57619e-136
17.6527	4.77039e-137
17.8992	-4.08384e-139
18.1493	-1.59619e-141
18.4028	-1.41945e-142
18.6598	3.85235e-145
18.9205	-5.50329e-147
19.1848	6.26366e-149
19.4528	4.70711e-152
19.7245	2.23926e-152
