4.26803e-06	2.20443e-15
8.53606e-06	1.76354e-14
1.28041e-05	5.95191e-14
1.70721e-05	1.41081e-13
2.13402e-05	2.75546e-13
2.56082e-05	4.76137e-13
2.98762e-05	7.56074e-13
3.41443e-05	1.12858e-12
3.84123e-05	1.60687e-12
4.26803e-05	2.20415e-12
4.69484e-05	2.93365e-12
5.12164e-05	3.80857e-12
5.54844e-05	4.84211e-12
5.97525e-05	6.04748e-12
6.40205e-05	7.43788e-12
6.82885e-05	9.0265e-12
7.25566e-05	1.08265e-11
7.68246e-05	1.28512e-11
8.10926e-05	1.51136e-11
8.53606e-05	1.7627e-11
8.96287e-05	2.04046e-11
9.38967e-05	2.34596e-11
9.81647e-05	2.6805e-11
0.000102433	3.04541e-11
0.000106701	3.44202e-11
0.000110969	3.87162e-11
0.000115237	4.33555e-11
0.000119505	4.83512e-11
0.000123773	5.37164e-11
0.000128041	5.94643e-11
0.000132309	6.56081e-11
0.000136577	7.21609e-11
0.000140845	7.91359e-11
0.000145113	8.65462e-11
0.000149381	9.4405e-11
0.000153649	1.02725e-10
0.000157917	1.11521e-10
0.000162185	1.20804e-10
0.000166453	1.30588e-10
0.000170721	1.40887e-10
0.000174989	1.51712e-10
0.000179257	1.63078e-10
0.000183525	1.74998e-10
0.000187793	1.87485e-10
0.000192061	2.00551e-10
0.000196329	2.14211e-10
0.000200598	2.28476e-10
0.000204866	2.43361e-10
0.000209134	2.58878e-10
0.000213402	2.7504e-10
0.00021767	2.91861e-10
0.000221938	3.09354e-10
0.000226206	3.27531e-10
0.000230474	3.46406e-10
0.000234742	3.65992e-10
0.00023901	3.86303e-10
0.000243278	4.0735e-10
0.000247546	4.29148e-10
0.000251814	4.51709e-10
0.000256082	4.75046e-10
0.00026035	4.99173e-10
0.000264618	5.24103e-10
0.000268886	5.49848e-10
0.000273154	5.76422e-10
0.000277422	6.03838e-10
0.00028169	6.32109e-10
0.000285958	6.61247e-10
0.000290226	6.91267e-10
0.000294494	7.22181e-10
0.000298762	7.54002e-10
0.00030303	7.86743e-10
0.000307263	8.20136e-10
0.000311555	8.54946e-10
0.000315907	8.91233e-10
0.00032032	9.29059e-10
0.000324794	9.6849e-10
0.000329331	1.00959e-09
0.000333931	1.05244e-09
0.000338596	1.09711e-09
0.000343325	1.14367e-09
0.000348121	1.1922e-09
0.000352984	1.24279e-09
0.000357914	1.29553e-09
0.000362914	1.35051e-09
0.000367983	1.40782e-09
0.000373123	1.46756e-09
0.000378335	1.52983e-09
0.00038362	1.59475e-09
0.000388979	1.66241e-09
0.000394412	1.73295e-09
0.000399921	1.80648e-09
0.000405508	1.88312e-09
0.000411172	1.96302e-09
0.000416915	2.0463e-09
0.000422739	2.13312e-09
0.000428644	2.22362e-09
0.000434632	2.31795e-09
0.000440703	2.41629e-09
0.000446859	2.51879e-09
0.0004531	2.62564e-09
0.00045943	2.73702e-09
0.000465847	2.85312e-09
0.000472354	2.97414e-09
0.000478952	3.1003e-09
0.000485642	3.2318e-09
0.000492426	3.36887e-09
0.000499305	3.51176e-09
0.000506279	3.6607e-09
0.000513351	3.81596e-09
0.000520522	3.97779e-09
0.000527793	4.14649e-09
0.000535165	4.32233e-09
0.00054264	4.50562e-09
0.00055022	4.69669e-09
0.000557906	4.89585e-09
0.000565699	5.10345e-09
0.000573601	5.31984e-09
0.000581613	5.54541e-09
0.000589737	5.78053e-09
0.000597975	6.02561e-09
0.000606328	6.28107e-09
0.000614797	6.54736e-09
0.000623385	6.82493e-09
0.000632093	7.11426e-09
0.000640922	7.41584e-09
0.000649875	7.73019e-09
0.000658953	8.05786e-09
0.000668157	8.39941e-09
0.00067749	8.75542e-09
0.000686954	9.12651e-09
0.000696549	9.51332e-09
0.000706279	9.9165e-09
0.000716145	1.03368e-08
0.000726148	1.07748e-08
0.000736291	1.12314e-08
0.000746576	1.17073e-08
0.000757004	1.22034e-08
0.000767579	1.27205e-08
0.0007783	1.32594e-08
0.000789172	1.38212e-08
0.000800196	1.44067e-08
0.000811373	1.50171e-08
0.000822707	1.56532e-08
0.000834199	1.63163e-08
0.000845851	1.70075e-08
0.000857666	1.77278e-08
0.000869646	1.84787e-08
0.000881794	1.92613e-08
0.000894111	2.00771e-08
0.000906601	2.09273e-08
0.000919264	2.18136e-08
0.000932105	2.27373e-08
0.000945125	2.37e-08
0.000958327	2.47035e-08
0.000971713	2.57494e-08
0.000985287	2.68396e-08
0.00099905	2.79758e-08
0.001013	2.91601e-08
0.00102715	3.03945e-08
0.0010415	3.1681e-08
0.00105605	3.30219e-08
0.0010708	3.44195e-08
0.00108576	3.58762e-08
0.00110093	3.73945e-08
0.0011163	3.89769e-08
0.0011319	4.06261e-08
0.00114771	4.23451e-08
0.00116374	4.41366e-08
0.00118	4.60039e-08
0.00119648	4.795e-08
0.00121319	4.99784e-08
0.00123014	5.20924e-08
0.00124732	5.42956e-08
0.00126474	5.6592e-08
0.00128241	5.89853e-08
0.00130032	6.14796e-08
0.00131849	6.40792e-08
0.0013369	6.67886e-08
0.00135558	6.96123e-08
0.00137451	7.25553e-08
0.00139371	7.56224e-08
0.00141318	7.88189e-08
0.00143292	8.21503e-08
0.00145294	8.56222e-08
0.00147323	8.92407e-08
0.00149381	9.30117e-08
0.00151468	9.69418e-08
0.00153583	1.01038e-07
0.00155729	1.05306e-07
0.00157904	1.09755e-07
0.0016011	1.14391e-07
0.00162346	1.19222e-07
0.00164614	1.24257e-07
0.00166913	1.29505e-07
0.00169245	1.34973e-07
0.00171609	1.40672e-07
0.00174006	1.46611e-07
0.00176437	1.528e-07
0.00178901	1.5925e-07
0.001814	1.65971e-07
0.00183934	1.72976e-07
0.00186503	1.80275e-07
0.00189108	1.87882e-07
0.0019175	1.95808e-07
0.00194428	2.04069e-07
0.00197144	2.12677e-07
0.00199898	2.21647e-07
0.0020269	2.30995e-07
0.00205522	2.40736e-07
0.00208392	2.50886e-07
0.00211303	2.61463e-07
0.00214255	2.72485e-07
0.00217248	2.83971e-07
0.00220282	2.95939e-07
0.00223359	3.0841e-07
0.00226479	3.21406e-07
0.00229643	3.34947e-07
0.00232851	3.49057e-07
0.00236103	3.63759e-07
0.00239401	3.79079e-07
0.00242745	3.95043e-07
0.00246136	4.11676e-07
0.00249574	4.29008e-07
0.0025306	4.47067e-07
0.00256595	4.65883e-07
0.00260179	4.85489e-07
0.00263814	5.05917e-07
0.00267499	5.27202e-07
0.00271235	5.4938e-07
0.00275024	5.72487e-07
0.00278866	5.96562e-07
0.00282761	6.21647e-07
0.00286711	6.47782e-07
0.00290715	6.75012e-07
0.00294776	7.03382e-07
0.00298894	7.32941e-07
0.00303069	7.63736e-07
0.00307302	7.95821e-07
0.00311595	8.29247e-07
0.00315947	8.64073e-07
0.00320361	9.00355e-07
0.00324836	9.38154e-07
0.00329373	9.77533e-07
0.00333974	1.01856e-06
0.00338639	1.0613e-06
0.00343369	1.10582e-06
0.00348165	1.15221e-06
0.00353029	1.20053e-06
0.0035796	1.25087e-06
0.0036296	1.30331e-06
0.0036803	1.35794e-06
0.00373171	1.41485e-06
0.00378384	1.47413e-06
0.00383669	1.53588e-06
0.00389028	1.60021e-06
0.00394462	1.66721e-06
0.00399972	1.73701e-06
0.00405559	1.80972e-06
0.00411224	1.88545e-06
0.00416969	1.96434e-06
0.00422793	2.04651e-06
0.00428699	2.13209e-06
0.00434687	2.22124e-06
0.00440759	2.31409e-06
0.00446916	2.41081e-06
0.00453158	2.51154e-06
0.00459488	2.61645e-06
0.00465906	2.72572e-06
0.00472414	2.83953e-06
0.00479013	2.95806e-06
0.00485704	3.08151e-06
0.00492489	3.21008e-06
0.00499368	3.34397e-06
0.00506344	3.48342e-06
0.00513416	3.62864e-06
0.00520588	3.77988e-06
0.0052786	3.93738e-06
0.00535233	4.10139e-06
0.0054271	4.27219e-06
0.0055029	4.45005e-06
0.00557977	4.63527e-06
0.00565771	4.82814e-06
0.00573674	5.02897e-06
0.00581687	5.2381e-06
0.00589813	5.45586e-06
0.00598051	5.6826e-06
0.00606405	5.91869e-06
0.00614876	6.16451e-06
0.00623465	6.42046e-06
0.00632173	6.68695e-06
0.00641004	6.96441e-06
0.00649958	7.25329e-06
0.00659037	7.55405e-06
0.00668242	7.86718e-06
0.00677577	8.19317e-06
0.00687041	8.53255e-06
0.00696638	8.88586e-06
0.00706369	9.25367e-06
0.00716236	9.63656e-06
0.00726241	1.00351e-05
0.00736385	1.04501e-05
0.00746671	1.0882e-05
0.00757101	1.13316e-05
0.00767676	1.17995e-05
0.007784	1.22867e-05
0.00789273	1.27937e-05
0.00800298	1.33214e-05
0.00811477	1.38707e-05
0.00822812	1.44423e-05
0.00834305	1.50373e-05
0.00845959	1.56565e-05
0.00857776	1.6301e-05
0.00869757	1.69717e-05
0.00881906	1.76696e-05
0.00894225	1.83959e-05
0.00906716	1.91518e-05
0.00919382	1.99383e-05
0.00932224	2.07567e-05
0.00945246	2.16083e-05
0.00958449	2.24944e-05
0.00971837	2.34164e-05
0.00985412	2.43757e-05
0.00999177	2.53738e-05
0.0101313	2.64123e-05
0.0102729	2.74926e-05
0.0104164	2.86166e-05
0.0105619	2.97859e-05
0.0107094	3.10023e-05
0.010859	3.22676e-05
0.0110107	3.35839e-05
0.0111645	3.49531e-05
0.0113204	3.63773e-05
0.0114785	3.78586e-05
0.0116389	3.93994e-05
0.0118015	4.10019e-05
0.0119663	4.26686e-05
0.0121335	4.4402e-05
0.0123029	4.62046e-05
0.0124748	4.80792e-05
0.012649	5.00287e-05
0.0128257	5.20558e-05
0.0130049	5.41637e-05
0.0131865	5.63555e-05
0.0133707	5.86344e-05
0.0135575	6.10039e-05
0.0137469	6.34674e-05
0.0139389	6.60285e-05
0.0141336	6.86911e-05
0.014331	7.14591e-05
0.0145312	7.43364e-05
0.0147342	7.73274e-05
0.01494	8.04363e-05
0.0151487	8.36678e-05
0.0153603	8.70264e-05
0.0155749	9.05172e-05
0.0157924	9.4145e-05
0.016013	9.79152e-05
0.0162367	0.000101833
0.0164635	0.000105904
0.0166935	0.000110135
0.0169266	0.00011453
0.0171631	0.000119098
0.0174028	0.000123843
0.0176459	0.000128772
0.0178924	0.000133894
0.0181423	0.000139214
0.0183957	0.00014474
0.0186527	0.00015048
0.0189133	0.000156442
0.0191774	0.000162635
0.0194453	0.000169066
0.0197169	0.000175745
0.0199924	0.00018268
0.0202716	0.000189882
0.0205548	0.00019736
0.0208419	0.000205124
0.021133	0.000213185
0.0214282	0.000221554
0.0217275	0.000230242
0.022031	0.00023926
0.0223388	0.000248621
0.0226508	0.000258337
0.0229672	0.000268421
0.023288	0.000278886
0.0236133	0.000289746
0.0239432	0.000301016
0.0242776	0.000312709
0.0246167	0.000324842
0.0249606	0.000337429
0.0253092	0.000350488
0.0256628	0.000364034
0.0260212	0.000378085
0.0263847	0.000392659
0.0267533	0.000407774
0.027127	0.00042345
0.0275059	0.000439706
0.0278901	0.000456561
0.0282797	0.000474038
0.0286747	0.000492158
0.0290753	0.000510942
0.0294814	0.000530415
0.0298932	0.000550599
0.0303108	0.000571519
0.0307342	0.0005932
0.0311635	0.000615668
0.0315988	0.000638949
0.0320401	0.000663072
0.0324877	0.000688065
0.0329415	0.000713956
0.0334016	0.000740776
0.0338682	0.000768556
0.0343413	0.000797328
0.034821	0.000827124
0.0353074	0.000857979
0.0358006	0.000889926
0.0363006	0.000923002
0.0368077	0.000957244
0.0373219	0.000992689
0.0378432	0.00102938
0.0383718	0.00106734
0.0389078	0.00110664
0.0394513	0.00114729
0.0400023	0.00118936
0.0405611	0.00123288
0.0411277	0.00127789
0.0417022	0.00132445
0.0422847	0.00137261
0.0428753	0.0014224
0.0434742	0.00147389
0.0440815	0.00152712
0.0446973	0.00158216
0.0453216	0.00163904
0.0459547	0.00169783
0.0465966	0.00175859
0.0472475	0.00182136
0.0479074	0.00188623
0.0485766	0.00195323
0.0492552	0.00202244
0.0499432	0.00209392
0.0506408	0.00216774
0.0513482	0.00224396
0.0520654	0.00232266
0.0527927	0.00240389
0.0535301	0.00248773
0.0542779	0.00257426
0.0550361	0.00266355
0.0558048	0.00275567
0.0565843	0.0028507
0.0573747	0.00294872
0.0581762	0.00304981
0.0589888	0.00315405
0.0598128	0.00326152
0.0606483	0.00337232
0.0614954	0.00348651
0.0623544	0.00360419
0.0632254	0.00372545
0.0641086	0.00385038
0.0650041	0.00397907
0.0659121	0.0041116
0.0668327	0.00424808
0.0677663	0.0043886
0.0687129	0.00453326
0.0696727	0.00468214
0.0706459	0.00483536
0.0716327	0.004993
0.0726333	0.00515517
0.0736479	0.00532197
0.0746766	0.0054935
0.0757197	0.00566986
0.0767774	0.00585116
0.0778499	0.0060375
0.0789373	0.00622899
0.08004	0.00642572
0.081158	0.00662781
0.0822916	0.00683536
0.0834411	0.00704847
0.0846067	0.00726726
0.0857885	0.00749182
0.0869868	0.00772226
0.0882019	0.00795869
0.0894339	0.0082012
0.0906832	0.00844992
0.0919499	0.00870492
0.0932343	0.00896633
0.0945366	0.00923424
0.0958571	0.00950874
0.0971961	0.00978994
0.0985538	0.0100779
0.0999304	0.0103728
0.101326	0.0106747
0.102742	0.0109836
0.104177	0.0112997
0.105632	0.0116231
0.107108	0.0119537
0.108604	0.0122918
0.110121	0.0126374
0.111659	0.0129905
0.113219	0.0133512
0.1148	0.0137197
0.116404	0.0140959
0.11803	0.0144798
0.119678	0.0148717
0.12135	0.0152714
0.123045	0.0156791
0.124764	0.0160948
0.126507	0.0165184
0.128274	0.0169501
0.130065	0.0173899
0.131882	0.0178377
0.133724	0.0182935
0.135592	0.0187574
0.137486	0.0192293
0.139407	0.0197092
0.141354	0.0201971
0.143329	0.0206929
0.145331	0.0211966
0.147361	0.0217082
0.149419	0.0222275
0.151506	0.0227544
0.153623	0.023289
0.155768	0.0238311
0.157944	0.0243805
0.160151	0.0249372
0.162388	0.025501
0.164656	0.0260717
0.166956	0.0266493
0.169288	0.0272335
0.171653	0.0278241
0.17405	0.028421
0.176482	0.029024
0.178947	0.0296327
0.181446	0.030247
0.183981	0.0308666
0.186551	0.0314913
0.189157	0.0321207
0.191799	0.0327546
0.194478	0.0333926
0.197195	0.0340344
0.199949	0.0346797
0.202742	0.0353281
0.205574	0.0359792
0.208446	0.0366327
0.211357	0.0372881
0.214309	0.037945
0.217303	0.038603
0.220338	0.0392616
0.223416	0.0399203
0.226537	0.0405787
0.229701	0.0412363
0.23291	0.0418925
0.236163	0.0425469
0.239462	0.0431989
0.242807	0.0438478
0.246199	0.0444933
0.249638	0.0451346
0.253125	0.0457712
0.25666	0.0464025
0.260246	0.0470278
0.263881	0.0476466
0.267567	0.0482582
0.271304	0.0488619
0.275094	0.049457
0.278937	0.050043
0.282833	0.050619
0.286784	0.0511846
0.29079	0.0517388
0.294851	0.0522811
0.29897	0.0528107
0.303146	0.0533269
0.307381	0.053829
0.311674	0.0543163
0.316028	0.0547881
0.320442	0.0552436
0.324918	0.0556821
0.329457	0.0561029
0.334059	0.0565052
0.338725	0.0568885
0.343457	0.0572518
0.348254	0.0575946
0.353119	0.0579162
0.358051	0.0582158
0.363053	0.0584927
0.368124	0.0587463
0.373266	0.058976
0.37848	0.059181
0.383767	0.0593607
0.389127	0.0595145
0.394563	0.0596418
0.400074	0.059742
0.405663	0.0598145
0.411329	0.0598587
0.417075	0.0598742
0.422901	0.0598604
0.428808	0.0598168
0.434798	0.0597429
0.440871	0.0596382
0.44703	0.0595024
0.453274	0.0593349
0.459605	0.0591355
0.466025	0.0589038
0.472535	0.0586394
0.479135	0.0583419
0.485828	0.0580112
0.492615	0.0576469
0.499496	0.0572488
0.506473	0.0568166
0.513547	0.0563502
0.520721	0.0558493
0.527994	0.0553139
0.53537	0.0547438
0.542848	0.0541389
0.550431	0.0534991
0.558119	0.0528243
0.565915	0.0521145
0.57382	0.0513697
0.581836	0.0505898
0.589963	0.0497749
0.598204	0.048925
0.60656	0.0480401
0.615033	0.0471204
0.623624	0.0461658
0.632335	0.0451766
0.641167	0.0441527
0.650123	0.0430944
0.659205	0.0420018
0.668413	0.0408749
0.677749	0.0397141
0.687216	0.0385194
0.696816	0.0372911
0.706549	0.0360293
0.716419	0.0347342
0.726426	0.0334062
0.736573	0.0320453
0.746862	0.0306518
0.757294	0.0292261
0.767872	0.0277682
0.778598	0.0262785
0.789474	0.0247572
0.800502	0.0232047
0.811683	0.0216211
0.823021	0.0200068
0.834518	0.018362
0.846175	0.016687
0.857994	0.0149822
0.869979	0.0132478
0.882131	0.0114841
0.894453	0.00969146
0.906947	0.00787014
0.919616	0.00602046
0.932462	0.00414273
0.945487	0.00223727
0.958694	0.000304381
0.972085	-0.00165561
0.985664	-0.0036424
0.999432	-0.00565567
1.01339	-0.0076951
1.02755	-0.00976039
1.0419	-0.0118512
1.05645	-0.0139673
1.07121	-0.0161083
1.08617	-0.0182739
1.10135	-0.0204638
1.11673	-0.0226778
1.13233	-0.0249155
1.14815	-0.0271767
1.16418	-0.0294609
1.18045	-0.0317681
1.19694	-0.0340979
1.21365	-0.0364499
1.23061	-0.038824
1.2478	-0.0412199
1.26523	-0.0436373
1.2829	-0.0460759
1.30082	-0.0485355
1.31899	-0.0510159
1.33741	-0.0535167
1.3561	-0.0560378
1.37504	-0.0585789
1.39425	-0.0611397
1.41372	-0.06372
1.43347	-0.0663195
1.45349	-0.0689381
1.4738	-0.0715755
1.49438	-0.0742314
1.51526	-0.0769056
1.53642	-0.0795979
1.55788	-0.0823081
1.57964	-0.0850359
1.60171	-0.0877811
1.62408	-0.0905435
1.64677	-0.0933228
1.66977	-0.0961189
1.6931	-0.0989315
1.71675	-0.10176
1.74073	-0.104605
1.76504	-0.107466
1.7897	-0.110343
1.81469	-0.113235
1.84004	-0.116142
1.86575	-0.119065
1.89181	-0.122002
1.91823	-0.124954
1.94503	-0.127921
1.9722	-0.130901
1.99975	-0.133896
2.02768	-0.136905
2.056	-0.139928
2.08472	-0.142964
2.11384	-0.146013
2.14337	-0.149075
2.17331	-0.15215
2.20367	-0.155238
2.23445	-0.158338
2.26566	-0.16145
2.29731	-0.164574
2.3294	-0.16771
2.36193	-0.170857
2.39493	-0.174014
2.42838	-0.177183
2.4623	-0.180361
2.4967	-0.183549
2.53157	-0.186746
2.56693	-0.189952
2.60279	-0.193166
2.63914	-0.196387
2.67601	-0.199616
2.71339	-0.202851
2.75129	-0.206091
2.78972	-0.209336
2.82869	-0.212585
2.8682	-0.215838
2.90827	-0.219092
2.94889	-0.222347
2.99008	-0.225602
3.03185	-0.228855
3.0742	-0.232106
3.11714	-0.235352
3.16068	-0.238593
3.20483	-0.241827
3.2496	-0.245052
3.29499	-0.248266
3.34102	-0.251467
3.38768	-0.254655
3.43501	-0.257825
3.48299	-0.260976
3.53164	-0.264107
3.58097	-0.267213
3.63099	-0.270293
3.68171	-0.273344
3.73314	-0.276363
3.78528	-0.279348
3.83816	-0.282294
3.89177	-0.285198
3.94613	-0.288058
4.00125	-0.290869
4.05715	-0.293628
4.11382	-0.296331
4.17128	-0.298974
4.22955	-0.301552
4.28863	-0.304062
4.34853	-0.306499
4.40927	-0.308857
4.47087	-0.311134
4.53332	-0.313322
4.59664	-0.315418
4.66085	-0.317415
4.72595	-0.31931
4.79197	-0.321094
4.8589	-0.322764
4.92677	-0.324313
4.99559	-0.325735
5.06537	-0.327023
5.13613	-0.328172
5.20787	-0.329174
5.28062	-0.330023
5.35438	-0.330713
5.42917	-0.331235
5.50501	-0.331583
5.58191	-0.33175
5.65988	-0.331728
5.73893	-0.331509
5.8191	-0.331086
5.90038	-0.330452
5.9828	-0.329597
6.06637	-0.328514
6.15111	-0.327196
6.23703	-0.325633
6.32415	-0.323818
6.41249	-0.321742
6.50206	-0.319397
6.59289	-0.316774
6.68498	-0.313866
6.77836	-0.310663
6.87304	-0.307158
6.96905	-0.303342
7.06639	-0.299207
7.1651	-0.294744
7.26518	-0.289946
7.36667	-0.284806
7.46957	-0.279315
7.57391	-0.273466
7.6797	-0.267252
7.78697	-0.260667
7.89575	-0.253704
8.00604	-0.246357
8.11787	-0.238622
8.23126	-0.230492
8.34624	-0.221966
8.46282	-0.213038
8.58104	-0.203707
8.7009	-0.19397
8.82244	-0.183829
8.94567	-0.173281
9.07063	-0.162331
9.19733	-0.15098
9.32581	-0.139232
9.45607	-0.127095
9.58816	-0.114575
9.72209	-0.101682
9.85789	-0.0884278
9.99559	-0.0748251
10.1352	-0.06089
10.2768	-0.0466405
10.4203	-0.0320973
10.5659	-0.0172836
10.7135	-0.00222552
10.8631	0.0130479
11.0149	0.0285044
11.1687	0.0441087
11.3247	0.059822
11.4829	0.075602
11.6433	0.0914027
11.806	0.107175
11.9709	0.122865
12.1381	0.138416
12.3076	0.153767
12.4796	0.168854
12.6539	0.183607
12.8306	0.197955
13.0099	0.211823
13.1916	0.22513
13.3759	0.237796
13.5627	0.249735
13.7521	0.26086
13.9442	0.271082
14.139	0.280308
14.3365	0.288449
14.5368	0.29541
14.7398	0.301102
14.9457	0.305432
15.1545	0.308313
15.3662	0.309661
15.5808	0.309394
15.7985	0.307437
16.0191	0.303723
16.2429	0.298192
16.4698	0.290795
16.6998	0.281491
16.9331	0.270256
17.1696	0.257079
17.4095	0.241965
17.6527	0.224936
17.8992	0.206034
18.1493	0.185323
18.4028	0.162889
18.6598	0.13884
18.9205	0.113312
19.1848	0.0864636
19.4528	0.0584821
19.7245	0.0295808
