1.52439e-05	-197353
3.04878e-05	-184094
4.57317e-05	-161995
6.09756e-05	-131185
7.62195e-05	-104945
9.14634e-05	-87451.3
0.000106707	-74956.1
0.000121951	-65584.6
0.000137195	-58295.7
0.000152439	-52464.6
0.000167683	-47693.7
0.000182927	-43718
0.000198171	-40353.9
0.000213415	-37470.4
0.000228659	-34971.3
0.000243902	-32784.6
0.000259146	-30855.2
0.00027439	-29140.2
0.000289634	-27605.7
0.000304878	-26224.6
0.000320122	-24975.1
0.000335366	-23839.2
0.00035061	-22802
0.000365854	-21851.3
0.000381098	-20976.6
0.000396341	-20169.2
0.000411585	-19421.7
0.000426829	-18727.5
0.000442073	-18081.2
0.000457317	-17478
0.000472561	-16913.7
0.000487805	-16384.6
0.000503049	-15887.7
0.000518293	-15419.9
0.000533537	-14978.9
0.00054878	-14562.4
0.000564024	-14168.4
0.000579268	-13795.1
0.000594512	-13441
0.000609756	-13104.6
0.000625	-12784.6
0.000640244	-12479.9
0.000655488	-12189.3
0.000670732	-11911.9
0.000685976	-11646.8
0.00070122	-11393.3
0.000716463	-11150.6
0.000731707	-10918
0.000746951	-10694.8
0.000762195	-10480.6
0.000777439	-10274.8
0.000792683	-10076.9
0.000807927	-9886.5
0.000823171	-9703.13
0.000838415	-9526.43
0.000853659	-9356.04
0.000868902	-9191.63
0.000884146	-9032.89
0.00089939	-8879.53
0.000914634	-8731.28
0.000929878	-8587.89
0.000945122	-8449.13
0.000960366	-8314.77
0.00097561	-8184.61
0.000990854	-8058.46
0.0010061	-7936.12
0.00102134	-7817.44
0.00103659	-7702.25
0.00105183	-7590.4
0.00106707	-7481.75
0.00108232	-7376.16
0.00109756	-7273.49
0.0011128	-7173.65
0.00112805	-7076.5
0.00114329	-6981.94
0.00115854	-6889.87
0.00117378	-6800.19
0.00118902	-6712.81
0.00120427	-6627.64
0.00121951	-6544.6
0.00123476	-6463.61
0.00125	-6384.6
0.00126522	-6307.62
0.00128062	-6231.57
0.00129621	-6156.44
0.00131199	-6082.2
0.00132796	-6008.86
0.00134413	-5936.41
0.00136049	-5864.82
0.00137705	-5794.1
0.00139382	-5724.22
0.00141079	-5655.19
0.00142796	-5586.98
0.00144535	-5519.6
0.00146294	-5453.03
0.00148075	-5387.26
0.00149878	-5322.27
0.00151702	-5258.07
0.00153549	-5194.65
0.00155418	-5131.98
0.00157311	-5070.07
0.00159226	-5008.91
0.00161164	-4948.47
0.00163126	-4888.77
0.00165112	-4829.78
0.00167122	-4771.51
0.00169157	-4713.93
0.00171216	-4657.05
0.001733	-4600.85
0.0017541	-4545.33
0.00177545	-4490.47
0.00179707	-4436.28
0.00181895	-4382.73
0.00184109	-4329.83
0.0018635	-4277.57
0.00188619	-4225.94
0.00190915	-4174.92
0.00193239	-4124.52
0.00195592	-4074.73
0.00197973	-4025.53
0.00200383	-3976.93
0.00202822	-3928.91
0.00205292	-3881.47
0.00207791	-3834.6
0.0021032	-3788.29
0.00212881	-3742.54
0.00215472	-3697.34
0.00218096	-3652.69
0.00220751	-3608.57
0.00223438	-3564.98
0.00226158	-3521.91
0.00228911	-3479.37
0.00231698	-3437.33
0.00234519	-3395.8
0.00237374	-3354.77
0.00240264	-3314.24
0.00243189	-3274.19
0.00246149	-3234.62
0.00249146	-3195.53
0.00252179	-3156.91
0.00255249	-3118.75
0.00258356	-3081.06
0.00261501	-3043.81
0.00264685	-3007.02
0.00267907	-2970.66
0.00271169	-2934.74
0.0027447	-2899.26
0.00277811	-2864.2
0.00281193	-2829.57
0.00284617	-2795.35
0.00288081	-2761.54
0.00291589	-2728.14
0.00295138	-2695.14
0.00298731	-2662.54
0.00302368	-2630.32
0.00306049	-2598.5
0.00309775	-2567.06
0.00313546	-2536
0.00317363	-2505.31
0.00321227	-2474.99
0.00325137	-2445.03
0.00329096	-2415.44
0.00333102	-2386.2
0.00337157	-2357.31
0.00341262	-2328.77
0.00345416	-2300.58
0.00349621	-2272.72
0.00353877	-2245.2
0.00358186	-2218
0.00362546	-2191.14
0.0036696	-2164.6
0.00371427	-2138.38
0.00375949	-2112.47
0.00380526	-2086.87
0.00385158	-2061.59
0.00389847	-2036.6
0.00394593	-2011.92
0.00399397	-1987.53
0.00404259	-1963.44
0.0040918	-1939.64
0.00414162	-1916.12
0.00419204	-1892.89
0.00424307	-1869.93
0.00429472	-1847.25
0.00434701	-1824.85
0.00439993	-1802.71
0.00445349	-1780.84
0.00450771	-1759.23
0.00456259	-1737.89
0.00461813	-1716.8
0.00467435	-1695.96
0.00473126	-1675.37
0.00478885	-1655.03
0.00484715	-1634.94
0.00490616	-1615.09
0.00496589	-1595.47
0.00502634	-1576.1
0.00508754	-1556.95
0.00514947	-1538.04
0.00521216	-1519.35
0.00527561	-1500.89
0.00533984	-1482.65
0.00540484	-1464.63
0.00547064	-1446.82
0.00553724	-1429.23
0.00560465	-1411.85
0.00567288	-1394.68
0.00574194	-1377.72
0.00581185	-1360.96
0.0058826	-1344.4
0.00595421	-1328.04
0.0060267	-1311.88
0.00610007	-1295.91
0.00617433	-1280.14
0.0062495	-1264.55
0.00632558	-1249.15
0.00640258	-1233.94
0.00648053	-1218.91
0.00655942	-1204.06
0.00663928	-1189.39
0.0067201	-1174.89
0.00680191	-1160.57
0.00688472	-1146.43
0.00696853	-1132.45
0.00705337	-1118.64
0.00713923	-1104.99
0.00722615	-1091.51
0.00731412	-1078.2
0.00740316	-1065.04
0.00749328	-1052.04
0.00758451	-1039.2
0.00767684	-1026.51
0.0077703	-1013.97
0.00786489	-1001.59
0.00796064	-989.349
0.00805755	-977.259
0.00815564	-965.315
0.00825493	-953.515
0.00835543	-941.856
0.00845714	-930.338
0.0085601	-918.958
0.00866431	-907.715
0.00876979	-896.607
0.00887655	-885.633
0.00898461	-874.791
0.00909399	-864.079
0.0092047	-853.495
0.00931676	-843.039
0.00943018	-832.709
0.00954498	-822.503
0.00966118	-812.42
0.0097788	-802.458
0.00989785	-792.615
0.0100183	-782.891
0.0101403	-773.284
0.0102638	-763.793
0.0103887	-754.415
0.0105152	-745.15
0.0106432	-735.997
0.0107728	-726.954
0.0109039	-718.019
0.0110366	-709.192
0.011171	-700.471
0.011307	-691.855
0.0114446	-683.342
0.011584	-674.932
0.011725	-666.623
0.0118677	-658.413
0.0120122	-650.303
0.0121584	-642.29
0.0123065	-634.373
0.0124563	-626.551
0.0126079	-618.824
0.0127614	-611.189
0.0129168	-603.646
0.013074	-596.194
0.0132332	-588.831
0.0133943	-581.557
0.0135573	-574.371
0.0137224	-567.27
0.0138894	-560.255
0.0140585	-553.325
0.0142297	-546.478
0.0144029	-539.713
0.0145783	-533.029
0.0147557	-526.426
0.0149354	-519.902
0.0151172	-513.457
0.0153012	-507.089
0.0154875	-500.797
0.015676	-494.581
0.0158669	-488.44
0.01606	-482.373
0.0162556	-476.379
0.0164534	-470.457
0.0166538	-464.606
0.0168565	-458.825
0.0170617	-453.114
0.0172694	-447.471
0.0174796	-441.896
0.0176924	-436.389
0.0179078	-430.947
0.0181258	-425.571
0.0183465	-420.26
0.0185699	-415.012
0.0187959	-409.828
0.0190247	-404.706
0.0192563	-399.645
0.0194908	-394.646
0.0197281	-389.706
0.0199682	-384.826
0.0202113	-380.005
0.0204574	-375.241
0.0207064	-370.535
0.0209585	-365.885
0.0212136	-361.292
0.0214719	-356.753
0.0217333	-352.269
0.0219979	-347.84
0.0222657	-343.463
0.0225367	-339.139
0.0228111	-334.867
0.0230888	-330.646
0.0233699	-326.477
0.0236544	-322.357
0.0239423	-318.287
0.0242338	-314.266
0.0245288	-310.293
0.0248274	-306.368
0.0251297	-302.49
0.0254356	-298.659
0.0257453	-294.874
0.0260587	-291.135
0.0263759	-287.441
0.026697	-283.791
0.027022	-280.185
0.027351	-276.622
0.027684	-273.103
0.028021	-269.626
0.0283621	-266.19
0.0287074	-262.796
0.0290569	-259.443
0.0294106	-256.13
0.0297687	-252.857
0.0301311	-249.624
0.0304979	-246.43
0.0308692	-243.274
0.031245	-240.156
0.0316253	-237.076
0.0320103	-234.032
0.0324	-231.026
0.0327945	-228.056
0.0331937	-225.121
0.0335978	-222.222
0.0340068	-219.358
0.0344208	-216.529
0.0348398	-213.734
0.035264	-210.972
0.0356933	-208.244
0.0361278	-205.549
0.0365676	-202.886
0.0370128	-200.255
0.0374634	-197.657
0.0379195	-195.089
0.0383811	-192.553
0.0388484	-190.047
0.0393213	-187.572
0.0398	-185.127
0.0402845	-182.711
0.0407749	-180.324
0.0412713	-177.967
0.0417738	-175.638
0.0422823	-173.337
0.042797	-171.064
0.0433181	-168.818
0.0438454	-166.6
0.0443792	-164.409
0.0449194	-162.244
0.0454663	-160.106
0.0460198	-157.993
0.04658	-155.906
0.0471471	-153.845
0.0477211	-151.808
0.048302	-149.797
0.04889	-147.809
0.0494852	-145.846
0.0500877	-143.907
0.0506974	-141.992
0.0513146	-140.1
0.0519393	-138.231
0.0525716	-136.384
0.0532116	-134.561
0.0538594	-132.759
0.0545151	-130.98
0.0551788	-129.222
0.0558505	-127.486
0.0565304	-125.771
0.0572186	-124.077
0.0579152	-122.404
0.0586203	-120.751
0.0593339	-119.119
0.0600562	-117.506
0.0607873	-115.914
0.0615274	-114.341
0.0622764	-112.787
0.0630345	-111.252
0.0638019	-109.737
0.0645786	-108.24
0.0653648	-106.761
0.0661606	-105.301
0.066966	-103.859
0.0677812	-102.435
0.0686064	-101.028
0.0694416	-99.6384
0.070287	-98.2663
0.0711427	-96.9112
0.0720087	-95.5729
0.0728854	-94.2512
0.0737727	-92.946
0.0746708	-91.657
0.0755798	-90.3841
0.0764999	-89.1271
0.0774312	-87.8857
0.0783739	-86.6599
0.079328	-85.4494
0.0802937	-84.254
0.0812712	-83.0736
0.0822606	-81.9081
0.083262	-80.7571
0.0842757	-79.6207
0.0853016	-78.4985
0.0863401	-77.3905
0.0873912	-76.2965
0.0884551	-75.2162
0.0895319	-74.1496
0.0906219	-73.0966
0.0917251	-72.0568
0.0928418	-71.0303
0.093972	-70.0168
0.095116	-69.0162
0.096274	-68.0283
0.097446	-67.053
0.0986323	-66.0902
0.099833	-65.1396
0.101048	-64.2013
0.102279	-63.2749
0.103524	-62.3605
0.104784	-61.4577
0.10606	-60.5666
0.107351	-59.687
0.108658	-58.8187
0.10998	-57.9616
0.111319	-57.1156
0.112675	-56.2806
0.114046	-55.4563
0.115435	-54.6428
0.11684	-53.8399
0.118262	-53.0474
0.119702	-52.2652
0.121159	-51.4932
0.122634	-50.7313
0.124127	-49.9794
0.125638	-49.2374
0.127168	-48.505
0.128716	-47.7823
0.130283	-47.0692
0.131869	-46.3654
0.133474	-45.6708
0.135099	-44.9855
0.136744	-44.3092
0.138409	-43.6419
0.140094	-42.9834
0.141799	-42.3337
0.143525	-41.6926
0.145273	-41.06
0.147041	-40.4359
0.148831	-39.8201
0.150643	-39.2125
0.152477	-38.6131
0.154333	-38.0217
0.156212	-37.4382
0.158114	-36.8625
0.160039	-36.2946
0.161987	-35.7343
0.163959	-35.1816
0.165955	-34.6364
0.167975	-34.0985
0.17002	-33.5678
0.17209	-33.0444
0.174185	-32.528
0.176306	-32.0187
0.178452	-31.5162
0.180624	-31.0206
0.182823	-30.5318
0.185049	-30.0496
0.187302	-29.574
0.189582	-29.1048
0.19189	-28.6421
0.194226	-28.1857
0.196591	-27.7356
0.198984	-27.2917
0.201406	-26.8538
0.203858	-26.4219
0.20634	-25.996
0.208852	-25.576
0.211394	-25.1617
0.213968	-24.7532
0.216573	-24.3503
0.219209	-23.9529
0.221878	-23.5611
0.224579	-23.1747
0.227313	-22.7937
0.23008	-22.418
0.232881	-22.0475
0.235716	-21.6821
0.238586	-21.3219
0.241491	-20.9667
0.244431	-20.6165
0.247406	-20.2712
0.250418	-19.9307
0.253467	-19.5951
0.256552	-19.2641
0.259676	-18.9379
0.262837	-18.6163
0.266037	-18.2992
0.269275	-17.9867
0.272553	-17.6786
0.275872	-17.3749
0.27923	-17.0756
0.282629	-16.7806
0.28607	-16.4898
0.289553	-16.2032
0.293078	-15.9208
0.296646	-15.6426
0.300257	-15.3683
0.303912	-15.0982
0.307612	-14.8319
0.311357	-14.5697
0.315147	-14.3113
0.318984	-14.0567
0.322867	-13.806
0.326798	-13.559
0.330776	-13.3158
0.334803	-13.0762
0.338879	-12.8403
0.343004	-12.608
0.34718	-12.3793
0.351407	-12.154
0.355685	-11.9323
0.360015	-11.714
0.364397	-11.4991
0.368834	-11.2876
0.373324	-11.0794
0.377869	-10.8744
0.382469	-10.6728
0.387125	-10.4743
0.391838	-10.279
0.396608	-10.0868
0.401436	-9.89766
0.406323	-9.71158
0.41127	-9.52848
0.416277	-9.34834
0.421344	-9.1711
0.426474	-8.99672
0.431666	-8.82517
0.436921	-8.65639
0.44224	-8.49034
0.447624	-8.32699
0.453073	-8.16628
0.458589	-8.00818
0.464171	-7.85265
0.469822	-7.69963
0.475542	-7.5491
0.481331	-7.40101
0.487191	-7.25531
0.493122	-7.11198
0.499125	-6.97097
0.505201	-6.83225
0.511352	-6.69577
0.517577	-6.56151
0.523878	-6.42942
0.530255	-6.29947
0.536711	-6.17163
0.543244	-6.04587
0.549858	-5.92215
0.556552	-5.80045
0.563327	-5.68073
0.570185	-5.56296
0.577127	-5.44712
0.584152	-5.33319
0.591264	-5.22112
0.598462	-5.11091
0.605748	-5.00252
0.613122	-4.89593
0.620586	-4.79111
0.628141	-4.68805
0.635788	-4.58673
0.643528	-4.48711
0.651362	-4.38919
0.659292	-4.29293
0.667318	-4.19833
0.675442	-4.10536
0.683665	-4.014
0.691988	-3.92423
0.700412	-3.83605
0.708939	-3.74942
0.717569	-3.66433
0.726305	-3.58077
0.735147	-3.49872
0.744096	-3.41816
0.753155	-3.33908
0.762324	-3.26146
0.771604	-3.18528
0.780998	-3.11053
0.790506	-3.03719
0.800129	-2.96525
0.80987	-2.89468
0.819729	-2.82549
0.829709	-2.75765
0.839809	-2.69114
0.850033	-2.62595
0.860381	-2.56207
0.870856	-2.49947
0.881457	-2.43815
0.892188	-2.37809
0.90305	-2.31927
0.914043	-2.26168
0.925171	-2.2053
0.936434	-2.15011
0.947834	-2.09611
0.959373	-2.04327
0.971052	-1.99159
0.982874	-1.94103
0.994839	-1.8916
1.00695	-1.84326
1.01921	-1.79602
1.03162	-1.74984
1.04418	-1.70472
1.05689	-1.66063
1.06975	-1.61757
1.08278	-1.57551
1.09596	-1.53444
1.1093	-1.49435
1.1228	-1.45521
1.13647	-1.41701
1.15031	-1.37974
1.16431	-1.34337
1.17849	-1.3079
1.19283	-1.27331
1.20736	-1.23957
1.22205	-1.20668
1.23693	-1.17461
1.25199	-1.14336
1.26723	-1.1129
1.28266	-1.08322
1.29827	-1.0543
1.31408	-1.02613
1.33008	-0.998691
1.34627	-0.971969
1.36266	-0.945949
1.37925	-0.920613
1.39604	-0.895948
1.41303	-0.871938
1.43023	-0.848567
1.44765	-0.825822
1.46527	-0.803687
1.48311	-0.782148
1.50116	-0.761191
1.51944	-0.740801
1.53794	-0.720965
1.55666	-0.701668
1.57561	-0.682897
1.59479	-0.664639
1.61421	-0.646879
1.63386	-0.629607
1.65375	-0.612807
1.67388	-0.596469
1.69426	-0.580579
1.71488	-0.565126
1.73576	-0.550097
1.75689	-0.535481
1.77828	-0.521266
1.79993	-0.507441
1.82184	-0.493995
1.84402	-0.480918
1.86647	-0.468198
1.88919	-0.455826
1.91219	-0.443792
1.93547	-0.432085
1.95903	-0.420696
1.98288	-0.409616
2.00702	-0.398835
2.03145	-0.388345
2.05618	-0.378137
2.08122	-0.368202
2.10655	-0.358533
2.1322	-0.349122
2.15815	-0.33996
2.18443	-0.33104
2.21102	-0.322355
2.23794	-0.313898
2.26518	-0.305661
2.29276	-0.297639
2.32067	-0.289825
2.34892	-0.282212
2.37752	-0.274794
2.40646	-0.267566
2.43576	-0.260522
2.46541	-0.253656
2.49542	-0.246963
2.5258	-0.240438
2.55655	-0.234075
2.58767	-0.227871
2.61918	-0.22182
2.65106	-0.215918
2.68334	-0.210161
2.716	-0.204544
2.74907	-0.199064
2.78253	-0.193716
2.81641	-0.188497
2.8507	-0.183403
2.8854	-0.178431
2.92053	-0.173578
2.95608	-0.168839
2.99207	-0.164213
3.02849	-0.159696
3.06536	-0.155285
3.10268	-0.150978
3.14045	-0.146771
3.17868	-0.142663
3.21738	-0.13865
3.25655	-0.134731
3.29619	-0.130903
3.33632	-0.127164
3.37694	-0.123511
3.41805	-0.119943
3.45966	-0.116459
3.50178	-0.113054
3.54441	-0.109729
3.58756	-0.106482
3.63123	-0.10331
3.67544	-0.100212
3.72018	-0.0971859
3.76547	-0.094231
3.81131	-0.0913456
3.85771	-0.0885281
3.90467	-0.0857772
3.95221	-0.0830917
4.00032	-0.0804702
4.04902	-0.0779114
4.09832	-0.0754142
4.14821	-0.0729775
4.19871	-0.0706
4.24982	-0.0682807
4.30156	-0.0660186
4.35393	-0.0638125
4.40693	-0.0616616
4.46058	-0.0595647
4.51488	-0.057521
4.56985	-0.0555296
4.62548	-0.0535894
4.68179	-0.0516997
4.73879	-0.0498595
4.79648	-0.048068
4.85487	-0.0463243
4.91397	-0.0446277
4.97379	-0.0429772
5.03434	-0.0413722
5.09563	-0.0398118
5.15767	-0.0382953
5.22045	-0.0368218
5.28401	-0.0353907
5.34834	-0.0340011
5.41345	-0.0326523
5.47935	-0.0313437
5.54605	-0.0300744
5.61357	-0.0288437
5.68191	-0.027651
5.75108	-0.0264955
5.8211	-0.0253765
5.89196	-0.0242932
5.96369	-0.0232451
6.03629	-0.0222313
6.10978	-0.0212513
6.18416	-0.0203042
6.25944	-0.0193895
6.33564	-0.0185064
6.41277	-0.0176542
6.49084	-0.0168323
6.56986	-0.0160399
6.64984	-0.0152765
6.7308	-0.0145413
6.81274	-0.0138337
6.89568	-0.013153
6.97962	-0.0124985
7.06459	-0.0118695
7.1506	-0.0112655
7.23765	-0.0106858
7.32576	-0.0101296
7.41494	-0.00959646
7.50521	-0.00908563
7.59658	-0.0085965
7.68906	-0.00812843
7.78266	-0.00768081
7.87741	-0.00725302
7.97331	-0.00684445
8.07038	-0.00645449
8.16862	-0.00608255
8.26807	-0.00572804
8.36872	-0.00539037
8.4706	-0.00506898
8.57372	-0.00476329
8.6781	-0.00447275
8.78375	-0.00419681
8.89068	-0.00393494
8.99891	-0.00368659
9.10847	-0.00345126
9.21935	-0.00322844
9.33159	-0.00301761
9.44519	-0.00281831
9.56018	-0.00263004
9.67656	-0.00245235
9.79436	-0.00228477
9.9136	-0.00212687
10.0343	-0.0019782
10.1564	-0.00183836
10.2801	-0.00170692
10.4052	-0.00158349
10.5319	-0.0014677
10.6601	-0.00135915
10.7899	-0.00125749
10.9213	-0.00116237
11.0542	-0.00107346
11.1888	-0.000990418
11.325	-0.000912938
11.4629	-0.000840716
11.6024	-0.000773459
11.7437	-0.000710888
11.8866	-0.000652734
12.0313	-0.00059874
12.1778	-0.000548658
12.3261	-0.000502252
12.4761	-0.000459298
12.628	-0.00041958
12.7817	-0.000382893
12.9373	-0.000349041
13.0948	-0.00031784
13.2542	-0.000289114
13.4156	-0.000262694
13.5789	-0.000238424
13.7442	-0.000216152
13.9115	-0.000195739
14.0809	-0.00017705
14.2523	-0.000159959
14.4258	-0.000144348
14.6015	-0.000130106
14.7792	-0.000117127
14.9591	-0.000105315
15.1412	-9.45775e-05
15.3256	-8.48279e-05
15.5121	-7.59865e-05
15.701	-6.79781e-05
15.8921	-6.0733e-05
16.0856	-5.41861e-05
16.2814	-4.82769e-05
16.4796	-4.29489e-05
16.6803	-3.81499e-05
16.8833	-3.38309e-05
17.0889	-2.99465e-05
17.2969	-2.64544e-05
17.5075	-2.33146e-05
17.7206	-2.04898e-05
17.9363	-1.79442e-05
18.1547	-1.56434e-05
18.3757	-1.35534e-05
18.5994	-1.16399e-05
18.8258	-9.86627e-06
19.055	-8.19104e-06
19.287	-6.56218e-06
19.5218	-4.90308e-06
19.7594	-3.06238e-06
