2.94118e-06	3.5636e-14
5.88235e-06	2.85087e-13
8.82353e-06	9.62166e-13
1.17647e-05	2.28068e-12
1.47059e-05	4.45442e-12
1.76471e-05	7.69716e-12
2.05882e-05	1.22227e-11
2.35294e-05	1.82447e-11
2.64706e-05	2.5977e-11
2.94118e-05	3.56331e-11
3.23529e-05	4.74269e-11
3.52941e-05	6.15719e-11
3.82353e-05	7.82816e-11
4.11765e-05	9.77697e-11
4.41176e-05	1.2025e-10
4.70588e-05	1.45935e-10
5e-05	1.75039e-10
5.29412e-05	2.07775e-10
5.58824e-05	2.44356e-10
5.88235e-05	2.84997e-10
6.17647e-05	3.29909e-10
6.47059e-05	3.79306e-10
6.76471e-05	4.33401e-10
7.05882e-05	4.92407e-10
7.35294e-05	5.56538e-10
7.64706e-05	6.26006e-10
7.94118e-05	7.01024e-10
8.23529e-05	7.81805e-10
8.52941e-05	8.68561e-10
8.82353e-05	9.61506e-10
9.11765e-05	1.06085e-09
9.41176e-05	1.16681e-09
9.70588e-05	1.2796e-09
0.0001	1.39942e-09
0.000102941	1.5265e-09
0.000105882	1.66104e-09
0.000108824	1.80326e-09
0.000111765	1.95336e-09
0.000114706	2.11157e-09
0.000117647	2.27809e-09
0.000120588	2.45314e-09
0.000123529	2.63693e-09
0.000126471	2.82966e-09
0.000129412	3.03156e-09
0.000132353	3.24284e-09
0.000135294	3.4637e-09
0.000138235	3.69436e-09
0.000141176	3.93503e-09
0.000144118	4.18593e-09
0.000147059	4.44726e-09
0.00015	4.71924e-09
0.000152941	5.00207e-09
0.000155882	5.29598e-09
0.000158824	5.60117e-09
0.000161765	5.91786e-09
0.000164706	6.24625e-09
0.000167647	6.58656e-09
0.000170588	6.939e-09
0.000173529	7.30378e-09
0.000176471	7.68111e-09
0.000179412	8.07121e-09
0.000182353	8.47428e-09
0.000185294	8.89055e-09
0.000188235	9.3202e-09
0.000191176	9.76347e-09
0.000194118	1.02206e-08
0.000197059	1.06917e-08
0.0002	1.11771e-08
0.000202899	1.16696e-08
0.00020584	1.21839e-08
0.000208824	1.27208e-08
0.000211851	1.32813e-08
0.000214922	1.38666e-08
0.000218037	1.44776e-08
0.000221197	1.51155e-08
0.000224404	1.57816e-08
0.000227656	1.64769e-08
0.000230956	1.72029e-08
0.000234304	1.79609e-08
0.0002377	1.87522e-08
0.000241146	1.95784e-08
0.000244641	2.0441e-08
0.000248188	2.13416e-08
0.000251785	2.22818e-08
0.000255435	2.32634e-08
0.000259137	2.42883e-08
0.000262894	2.53582e-08
0.000266704	2.64753e-08
0.00027057	2.76416e-08
0.000274492	2.88592e-08
0.000278471	3.01304e-08
0.000282508	3.14575e-08
0.000286603	3.28432e-08
0.000290757	3.42898e-08
0.000294971	3.58e-08
0.000299247	3.73768e-08
0.000303585	3.9023e-08
0.000307985	4.07416e-08
0.00031245	4.25359e-08
0.000316979	4.44091e-08
0.000321573	4.63648e-08
0.000326235	4.84066e-08
0.000330963	5.05382e-08
0.000335761	5.27636e-08
0.000340628	5.50869e-08
0.000345565	5.75125e-08
0.000350574	6.00449e-08
0.000355656	6.26886e-08
0.000360811	6.54487e-08
0.000366041	6.83302e-08
0.000371347	7.13384e-08
0.00037673	7.44791e-08
0.000382191	7.77579e-08
0.000387731	8.11809e-08
0.000393351	8.47545e-08
0.000399052	8.84852e-08
0.000404837	9.23801e-08
0.000410705	9.64463e-08
0.000416658	1.00691e-07
0.000422698	1.05123e-07
0.000428825	1.0975e-07
0.000435041	1.1458e-07
0.000441347	1.19622e-07
0.000447744	1.24886e-07
0.000454234	1.30382e-07
0.000460819	1.36119e-07
0.000467498	1.42109e-07
0.000474275	1.48361e-07
0.000481149	1.54889e-07
0.000488124	1.61704e-07
0.000495199	1.68818e-07
0.000502377	1.76245e-07
0.000509659	1.83998e-07
0.000517047	1.92092e-07
0.000524542	2.00541e-07
0.000532145	2.09362e-07
0.000539859	2.18571e-07
0.000547684	2.28184e-07
0.000555623	2.38219e-07
0.000563677	2.48696e-07
0.000571847	2.59632e-07
0.000580136	2.71049e-07
0.000588545	2.82968e-07
0.000597077	2.9541e-07
0.000605731	3.08398e-07
0.000614511	3.21957e-07
0.000623419	3.36111e-07
0.000632456	3.50887e-07
0.000641623	3.66311e-07
0.000650924	3.82413e-07
0.000660359	3.99221e-07
0.000669931	4.16768e-07
0.000679642	4.35084e-07
0.000689493	4.54205e-07
0.000699488	4.74164e-07
0.000709627	4.95e-07
0.000719913	5.1675e-07
0.000730348	5.39454e-07
0.000740935	5.63154e-07
0.000751675	5.87894e-07
0.00076257	6.1372e-07
0.000773624	6.40678e-07
0.000784838	6.68818e-07
0.000796214	6.98193e-07
0.000807756	7.28855e-07
0.000819464	7.60863e-07
0.000831343	7.94273e-07
0.000843393	8.29149e-07
0.000855618	8.65553e-07
0.000868021	9.03552e-07
0.000880603	9.43218e-07
0.000893367	9.84621e-07
0.000906317	1.02784e-06
0.000919454	1.07295e-06
0.000932782	1.12004e-06
0.000946303	1.16919e-06
0.000960019	1.22049e-06
0.000973935	1.27404e-06
0.000988052	1.32994e-06
0.00100237	1.38828e-06
0.0010169	1.44918e-06
0.00103164	1.51274e-06
0.0010466	1.57909e-06
0.00106177	1.64834e-06
0.00107716	1.72062e-06
0.00109277	1.79606e-06
0.00110861	1.87481e-06
0.00112468	1.957e-06
0.00114099	2.04278e-06
0.00115752	2.13232e-06
0.0011743	2.22577e-06
0.00119132	2.32331e-06
0.00120859	2.42511e-06
0.00122611	2.53136e-06
0.00124388	2.64226e-06
0.00126191	2.758e-06
0.00128021	2.87881e-06
0.00129876	3.00489e-06
0.00131759	3.13647e-06
0.00133669	3.27381e-06
0.00135606	3.41714e-06
0.00137572	3.56673e-06
0.00139566	3.72285e-06
0.00141589	3.88579e-06
0.00143642	4.05584e-06
0.00145724	4.23331e-06
0.00147836	4.41852e-06
0.00149979	4.61181e-06
0.00152153	4.81354e-06
0.00154358	5.02406e-06
0.00156596	5.24376e-06
0.00158866	5.47304e-06
0.00161168	5.71231e-06
0.00163505	5.96201e-06
0.00165875	6.22259e-06
0.00168279	6.49452e-06
0.00170718	6.7783e-06
0.00173193	7.07443e-06
0.00175703	7.38346e-06
0.0017825	7.70595e-06
0.00180834	8.04246e-06
0.00183455	8.39362e-06
0.00186114	8.76006e-06
0.00188812	9.14244e-06
0.00191549	9.54145e-06
0.00194326	9.9578e-06
0.00197142	1.03923e-05
0.002	1.08456e-05
0.00202899	1.13186e-05
0.0020584	1.18122e-05
0.00208824	1.23272e-05
0.00211851	1.28646e-05
0.00214922	1.34253e-05
0.00218037	1.40104e-05
0.00221197	1.46208e-05
0.00224404	1.52577e-05
0.00227656	1.59223e-05
0.00230956	1.66156e-05
0.00234304	1.7339e-05
0.002377	1.80938e-05
0.00241146	1.88813e-05
0.00244641	1.97028e-05
0.00248188	2.056e-05
0.00251785	2.14542e-05
0.00255435	2.23872e-05
0.00259137	2.33605e-05
0.00262894	2.4376e-05
0.00266704	2.54353e-05
0.0027057	2.65404e-05
0.00274492	2.76933e-05
0.00278471	2.8896e-05
0.00282508	3.01507e-05
0.00286603	3.14595e-05
0.00290757	3.28248e-05
0.00294971	3.4249e-05
0.00299247	3.57347e-05
0.00303585	3.72844e-05
0.00307985	3.8901e-05
0.0031245	4.05871e-05
0.00316979	4.2346e-05
0.00321573	4.41806e-05
0.00326235	4.60941e-05
0.00330963	4.809e-05
0.00335761	5.01717e-05
0.00340628	5.2343e-05
0.00345565	5.46076e-05
0.00350574	5.69695e-05
0.00355656	5.94329e-05
0.00360811	6.2002e-05
0.00366041	6.46814e-05
0.00371347	6.74757e-05
0.0037673	7.03898e-05
0.00382191	7.34289e-05
0.00387731	7.65982e-05
0.00393351	7.99032e-05
0.00399052	8.33498e-05
0.00404837	8.69437e-05
0.00410705	9.06915e-05
0.00416658	9.45994e-05
0.00422698	9.86744e-05
0.00428825	0.000102923
0.00435041	0.000107354
0.00441347	0.000111973
0.00447744	0.00011679
0.00454234	0.000121812
0.00460819	0.000127047
0.00467498	0.000132506
0.00474275	0.000138197
0.00481149	0.00014413
0.00488124	0.000150316
0.00495199	0.000156764
0.00502377	0.000163487
0.00509659	0.000170494
0.00517047	0.000177799
0.00524542	0.000185414
0.00532145	0.000193351
0.00539859	0.000201625
0.00547684	0.000210249
0.00555623	0.000219237
0.00563677	0.000228606
0.00571847	0.00023837
0.00580136	0.000248546
0.00588545	0.000259152
0.00597077	0.000270206
0.00605731	0.000281724
0.00614511	0.000293728
0.00623419	0.000306238
0.00632456	0.000319273
0.00641623	0.000332856
0.00650924	0.000347009
0.00660359	0.000361756
0.00669931	0.000377121
0.00679642	0.000393131
0.00689493	0.00040981
0.00699488	0.000427187
0.00709627	0.000445291
0.00719913	0.000464151
0.00730348	0.000483798
0.00740935	0.000504264
0.00751675	0.000525583
0.0076257	0.00054779
0.00773624	0.00057092
0.00784838	0.000595011
0.00796214	0.000620103
0.00807756	0.000646235
0.00819464	0.000673451
0.00831343	0.000701793
0.00843393	0.000731308
0.00855618	0.000762043
0.00868021	0.000794047
0.00880603	0.000827371
0.00893367	0.000862068
0.00906317	0.000898194
0.00919454	0.000935805
0.00932782	0.000974962
0.00946303	0.00101572
0.00960019	0.00105816
0.00973935	0.00110233
0.00988052	0.00114831
0.0100237	0.00119617
0.010169	0.00124598
0.0103164	0.00129782
0.010466	0.00135177
0.0106177	0.00140791
0.0107716	0.00146634
0.0109277	0.00152713
0.0110861	0.00159039
0.0112468	0.00165621
0.0114099	0.00172469
0.0115752	0.00179593
0.011743	0.00187004
0.0119132	0.00194714
0.0120859	0.00202733
0.0122611	0.00211074
0.0124388	0.0021975
0.0126191	0.00228773
0.0128021	0.00238156
0.0129876	0.00247914
0.0131759	0.00258061
0.0133669	0.00268611
0.0135606	0.00279581
0.0137572	0.00290985
0.0139566	0.00302841
0.0141589	0.00315166
0.0143642	0.00327977
0.0145724	0.00341293
0.0147836	0.00355132
0.0149979	0.00369515
0.0152153	0.00384462
0.0154358	0.00399993
0.0156596	0.00416131
0.0158866	0.00432898
0.0161168	0.00450317
0.0163505	0.00468412
0.0165875	0.00487209
0.0168279	0.00506733
0.0170718	0.0052701
0.0173193	0.00548069
0.0175703	0.00569937
0.017825	0.00592644
0.0180834	0.0061622
0.0183455	0.00640696
0.0186114	0.00666105
0.0188812	0.00692481
0.0191549	0.00719857
0.0194326	0.00748269
0.0197142	0.00777754
0.02	0.0080835
0.0202899	0.00840095
0.020584	0.0087303
0.0208824	0.00907196
0.0211851	0.00942637
0.0214922	0.00979396
0.0218037	0.0101752
0.0221197	0.0105705
0.0224404	0.0109804
0.0227656	0.0114054
0.0230956	0.011846
0.0234304	0.0123027
0.02377	0.012776
0.0241146	0.0132666
0.0244641	0.0137749
0.0248188	0.0143016
0.0251785	0.0148473
0.0255435	0.0154126
0.0259137	0.0159981
0.0262894	0.0166045
0.0266704	0.0172324
0.027057	0.0178826
0.0274492	0.0185558
0.0278471	0.0192526
0.0282508	0.0199739
0.0286603	0.0207203
0.0290757	0.0214927
0.0294971	0.0222918
0.0299247	0.0231186
0.0303585	0.0239737
0.0307985	0.0248582
0.031245	0.0257728
0.0316979	0.0267184
0.0321573	0.027696
0.0326235	0.0287065
0.0330963	0.0297509
0.0335761	0.0308301
0.0340628	0.0319451
0.0345565	0.033097
0.0350574	0.0342867
0.0355656	0.0355154
0.0360811	0.036784
0.0366041	0.0380938
0.0371347	0.0394457
0.037673	0.040841
0.0382191	0.0422807
0.0387731	0.0437661
0.0393351	0.0452982
0.0399052	0.0468784
0.0404837	0.0485078
0.0410705	0.0501876
0.0416658	0.0519191
0.0422698	0.0537035
0.0428825	0.0555421
0.0435041	0.0574362
0.0441347	0.059387
0.0447744	0.0613959
0.0454234	0.0634642
0.0460819	0.0655931
0.0467498	0.067784
0.0474275	0.0700383
0.0481149	0.0723571
0.0488124	0.074742
0.0495199	0.0771941
0.0502377	0.0797148
0.0509659	0.0823055
0.0517047	0.0849673
0.0524542	0.0877018
0.0532145	0.09051
0.0539859	0.0933933
0.0547684	0.096353
0.0555623	0.0993903
0.0563677	0.102506
0.0571847	0.105703
0.0580136	0.10898
0.0588545	0.112339
0.0597077	0.115782
0.0605731	0.11931
0.0614511	0.122923
0.0623419	0.126622
0.0632456	0.130409
0.0641623	0.134284
0.0650924	0.138248
0.0660359	0.142302
0.0669931	0.146447
0.0679642	0.150683
0.0689493	0.15501
0.0699488	0.159429
0.0709627	0.163941
0.0719913	0.168546
0.0730348	0.173244
0.0740935	0.178034
0.0751675	0.182918
0.076257	0.187895
0.0773624	0.192964
0.0784838	0.198125
0.0796214	0.203379
0.0807756	0.208723
0.0819464	0.214158
0.0831343	0.219682
0.0843393	0.225294
0.0855618	0.230994
0.0868021	0.236779
0.0880603	0.242648
0.0893367	0.248599
0.0906317	0.25463
0.0919454	0.26074
0.0932782	0.266926
0.0946303	0.273184
0.0960019	0.279513
0.0973935	0.28591
0.0988052	0.292371
0.100237	0.298892
0.10169	0.305471
0.103164	0.312103
0.10466	0.318783
0.106177	0.325509
0.107716	0.332274
0.109277	0.339074
0.110861	0.345904
0.112468	0.352758
0.114099	0.359631
0.115752	0.366516
0.11743	0.373407
0.119132	0.380298
0.120859	0.387181
0.122611	0.394049
0.124388	0.400896
0.126191	0.407713
0.128021	0.414492
0.129876	0.421225
0.131759	0.427903
0.133669	0.434517
0.135606	0.441059
0.137572	0.447518
0.139566	0.453885
0.141589	0.46015
0.143642	0.466302
0.145724	0.472332
0.147836	0.478227
0.149979	0.483978
0.152153	0.489573
0.154358	0.495001
0.156596	0.500249
0.158866	0.505306
0.161168	0.51016
0.163505	0.514798
0.165875	0.519208
0.168279	0.523378
0.170718	0.527294
0.173193	0.530945
0.175703	0.534316
0.17825	0.537395
0.180834	0.54017
0.183455	0.542626
0.186114	0.544751
0.188812	0.546532
0.191549	0.547955
0.194326	0.549008
0.197142	0.549678
0.2	0.549952
0.202899	0.549818
0.20584	0.549262
0.208824	0.548273
0.211851	0.546839
0.214922	0.544948
0.218037	0.542589
0.221197	0.53975
0.224404	0.53642
0.227656	0.53259
0.230956	0.528249
0.234304	0.523387
0.2377	0.517996
0.241146	0.512067
0.244641	0.505592
0.248188	0.498564
0.251785	0.490975
0.255435	0.48282
0.259137	0.474093
0.262894	0.464789
0.266704	0.454904
0.27057	0.444435
0.274492	0.433378
0.278471	0.421734
0.282508	0.409499
0.286603	0.396675
0.290757	0.383262
0.294971	0.369261
0.299247	0.354676
0.303585	0.33951
0.307985	0.323767
0.31245	0.307453
0.316979	0.290574
0.321573	0.273138
0.326235	0.255154
0.330963	0.236631
0.335761	0.217579
0.340628	0.198011
0.345565	0.177938
0.350574	0.157376
0.355656	0.136338
0.360811	0.114841
0.366041	0.0929012
0.371347	0.0705371
0.37673	0.0477676
0.382191	0.0246128
0.387731	0.00109379
0.393351	-0.0227675
0.399052	-0.0469479
0.404837	-0.0714235
0.410705	-0.0961695
0.416658	-0.12116
0.422698	-0.146369
0.428825	-0.171769
0.435041	-0.197331
0.441347	-0.223027
0.447744	-0.248828
0.454234	-0.274703
0.460819	-0.300621
0.467498	-0.326553
0.474275	-0.352466
0.481149	-0.378329
0.488124	-0.404109
0.495199	-0.429773
0.502377	-0.455291
0.509659	-0.480627
0.517047	-0.505751
0.524542	-0.53063
0.532145	-0.55523
0.539859	-0.57952
0.547684	-0.603467
0.555623	-0.62704
0.563677	-0.650207
0.571847	-0.672937
0.580136	-0.6952
0.588545	-0.716966
0.597077	-0.738207
0.605731	-0.758893
0.614511	-0.778998
0.623419	-0.798495
0.632456	-0.817359
0.641623	-0.835565
0.650924	-0.85309
0.660359	-0.869913
0.669931	-0.886013
0.679642	-0.901371
0.689493	-0.915969
0.699488	-0.92979
0.709627	-0.94282
0.719913	-0.955046
0.730348	-0.966456
0.740935	-0.97704
0.751675	-0.986789
0.76257	-0.995698
0.773624	-1.00376
0.784838	-1.01097
0.796214	-1.01733
0.807756	-1.02284
0.819464	-1.0275
0.831343	-1.03132
0.843393	-1.03429
0.855618	-1.03642
0.868021	-1.03773
0.880603	-1.03822
0.893367	-1.03789
0.906317	-1.03677
0.919454	-1.03487
0.932782	-1.03219
0.946303	-1.02876
0.960019	-1.02459
0.973935	-1.0197
0.988052	-1.01411
1.00237	-1.00783
1.0169	-1.00089
1.03164	-0.993311
1.0466	-0.985107
1.06177	-0.976303
1.07716	-0.966923
1.09277	-0.95699
1.10861	-0.946526
1.12468	-0.935556
1.14099	-0.924104
1.15752	-0.912195
1.1743	-0.899852
1.19132	-0.887102
1.20859	-0.873968
1.22611	-0.860475
1.24388	-0.846649
1.26191	-0.832513
1.28021	-0.818093
1.29876	-0.803413
1.31759	-0.788498
1.33669	-0.77337
1.35606	-0.758055
1.37572	-0.742575
1.39566	-0.726953
1.41589	-0.711212
1.43642	-0.695375
1.45724	-0.679463
1.47836	-0.663497
1.49979	-0.647498
1.52153	-0.631487
1.54358	-0.615482
1.56596	-0.599504
1.58866	-0.58357
1.61168	-0.567699
1.63505	-0.551908
1.65875	-0.536212
1.68279	-0.52063
1.70718	-0.505174
1.73193	-0.489861
1.75703	-0.474703
1.7825	-0.459715
1.80834	-0.444908
1.83455	-0.430295
1.86114	-0.415885
1.88812	-0.401691
1.91549	-0.387721
1.94326	-0.373984
1.97142	-0.360489
2	-0.347243
2.02899	-0.334254
2.0584	-0.321526
2.08824	-0.309068
2.11851	-0.296882
2.14922	-0.284973
2.18037	-0.273347
2.21197	-0.262004
2.24404	-0.250949
2.27656	-0.240183
2.30956	-0.229707
2.34304	-0.219524
2.377	-0.209632
2.41146	-0.200033
2.44641	-0.190725
2.48188	-0.181708
2.51785	-0.17298
2.55435	-0.164539
2.59137	-0.156384
2.62894	-0.148511
2.66704	-0.140918
2.7057	-0.133601
2.74492	-0.126557
2.78471	-0.119782
2.82508	-0.113271
2.86603	-0.10702
2.90757	-0.101024
2.94971	-0.0952785
2.99247	-0.089778
3.03585	-0.0845172
3.07985	-0.0794905
3.1245	-0.0746922
3.16979	-0.0701164
3.21573	-0.0657573
3.26235	-0.0616087
3.30963	-0.0576645
3.35761	-0.0539186
3.40628	-0.0503646
3.45565	-0.0469963
3.50574	-0.0438074
3.55656	-0.0407916
3.60811	-0.0379425
3.66041	-0.0352541
3.71347	-0.03272
3.7673	-0.0303341
3.82191	-0.0280903
3.87731	-0.0259826
3.93351	-0.024005
3.99052	-0.0221518
4.04837	-0.0204171
4.10705	-0.0187955
4.16658	-0.0172813
4.22698	-0.0158693
4.28825	-0.0145542
4.35041	-0.013331
4.41347	-0.0121947
4.47744	-0.0111405
4.54234	-0.0101638
4.60819	-0.00926019
4.67498	-0.00842527
4.74275	-0.00765492
4.81149	-0.00694516
4.88124	-0.00629215
4.95199	-0.00569223
5.02377	-0.0051419
5.09659	-0.00463781
5.17047	-0.00417678
5.24542	-0.00375577
5.32145	-0.00337192
5.39859	-0.00302249
5.47684	-0.00270491
5.55623	-0.00241674
5.63677	-0.0021557
5.71847	-0.00191962
5.80136	-0.00170648
5.88545	-0.00151438
5.97077	-0.00134155
6.05731	-0.00118633
6.14511	-0.00104718
6.23419	-0.000922656
6.32456	-0.00081143
6.41623	-0.000712269
6.50924	-0.000624031
6.60359	-0.000545666
6.69931	-0.000476203
6.79642	-0.000414755
6.89493	-0.000360506
6.99488	-0.00031271
7.09627	-0.000270687
7.19913	-0.000233817
7.30348	-0.000201537
7.40935	-0.000173337
7.51675	-0.000148754
7.6257	-0.000127374
7.73624	-0.000108819
7.84838	-9.27544e-05
7.96214	-7.88772e-05
8.07756	-6.6918e-05
8.19464	-5.66362e-05
8.31343	-4.78179e-05
8.43393	-4.02733e-05
8.55618	-3.38345e-05
8.68021	-2.83532e-05
8.80603	-2.3699e-05
8.93367	-1.97572e-05
9.06317	-1.64276e-05
9.19454	-1.36227e-05
9.32782	-1.1266e-05
9.46303	-9.29144e-06
9.60019	-7.64159e-06
9.73935	-6.26693e-06
9.88052	-5.12484e-06
10.0237	-4.17871e-06
10.169	-3.39722e-06
10.3164	-2.75363e-06
10.466	-2.2252e-06
10.6177	-1.79266e-06
10.7716	-1.43971e-06
10.9277	-1.15259e-06
11.0861	-9.19784e-07
11.2468	-7.31618e-07
11.4099	-5.80032e-07
11.5752	-4.58319e-07
11.743	-3.60921e-07
11.9132	-2.83247e-07
12.0859	-2.21516e-07
12.2611	-1.72628e-07
12.4388	-1.34049e-07
12.6191	-1.03714e-07
12.8021	-7.99489e-08
12.9876	-6.13998e-08
13.1759	-4.69761e-08
13.3669	-3.5803e-08
13.5606	-2.71814e-08
13.7572	-2.05547e-08
13.9566	-1.54814e-08
14.1589	-1.16131e-08
14.3642	-8.67564e-09
14.5724	-6.45418e-09
14.7836	-4.78127e-09
14.9979	-3.52681e-09
15.2153	-2.59019e-09
15.4358	-1.89393e-09
15.6596	-1.37865e-09
15.8866	-9.99022e-10
16.1168	-7.20602e-10
16.3505	-5.17353e-10
16.5875	-3.69673e-10
16.8279	-2.62877e-10
17.0718	-1.86014e-10
17.3193	-1.30961e-10
17.5703	-9.17167e-11
17.825	-6.3871e-11
18.0834	-4.4198e-11
18.3455	-3.03461e-11
18.6114	-2.06085e-11
18.8812	-1.37447e-11
19.1549	-8.85055e-12
19.4326	-5.25596e-12
19.7142	-2.44738e-12
