3.57143e-06	2.72312e-15
7.14286e-06	2.1785e-14
1.07143e-05	7.35239e-14
1.42857e-05	1.74278e-13
1.78571e-05	3.40383e-13
2.14286e-05	5.88175e-13
2.5e-05	9.33988e-13
2.85714e-05	1.39415e-12
3.21429e-05	1.985e-12
3.57143e-05	2.72285e-12
3.92857e-05	3.62404e-12
4.28571e-05	4.70488e-12
4.64286e-05	5.98169e-12
5e-05	7.47078e-12
5.35714e-05	9.18846e-12
5.71429e-05	1.1151e-11
6.07143e-05	1.33748e-11
6.42857e-05	1.58761e-11
6.78571e-05	1.86712e-11
7.14286e-05	2.17764e-11
7.5e-05	2.52079e-11
7.85714e-05	2.89821e-11
8.21429e-05	3.31153e-11
8.57143e-05	3.76236e-11
8.92857e-05	4.25234e-11
9.28571e-05	4.7831e-11
9.64286e-05	5.35626e-11
0.0001	5.97344e-11
0.000103571	6.63628e-11
0.000107143	7.3464e-11
0.000110714	8.10543e-11
0.000114286	8.91499e-11
0.000117857	9.77671e-11
0.000121429	1.06922e-10
0.000125	1.16631e-10
0.000128571	1.2691e-10
0.000132143	1.37776e-10
0.000135714	1.49245e-10
0.000139286	1.61333e-10
0.000142857	1.74055e-10
0.000146429	1.8743e-10
0.00015	2.01472e-10
0.000153571	2.16198e-10
0.000157143	2.31624e-10
0.000160714	2.47766e-10
0.000164286	2.64641e-10
0.000167857	2.82265e-10
0.000171429	3.00654e-10
0.000175	3.19824e-10
0.000178571	3.39791e-10
0.000182143	3.60572e-10
0.000185714	3.82182e-10
0.000189286	4.04639e-10
0.000192857	4.27957e-10
0.000196429	4.52154e-10
0.0002	4.77246e-10
0.000203571	5.03248e-10
0.000207143	5.30177e-10
0.000210714	5.58048e-10
0.000214286	5.8688e-10
0.000217857	6.16686e-10
0.000221429	6.47484e-10
0.000225	6.79289e-10
0.000228571	7.12119e-10
0.000232143	7.45988e-10
0.000235714	7.80914e-10
0.000239286	8.16911e-10
0.000242857	8.53998e-10
0.000246429	8.92188e-10
0.00025	9.315e-10
0.000253553	9.71737e-10
0.000257157	1.01371e-09
0.000260811	1.0575e-09
0.000264518	1.10318e-09
0.000268278	1.15083e-09
0.00027209	1.20053e-09
0.000275957	1.25239e-09
0.000279879	1.30648e-09
0.000283857	1.3629e-09
0.000287891	1.42177e-09
0.000291983	1.48317e-09
0.000296133	1.54722e-09
0.000300341	1.61404e-09
0.00030461	1.68375e-09
0.000308939	1.75646e-09
0.00031333	1.83231e-09
0.000317783	1.91143e-09
0.000322299	1.99397e-09
0.00032688	2.08008e-09
0.000331526	2.16989e-09
0.000336237	2.26359e-09
0.000341016	2.36133e-09
0.000345863	2.46328e-09
0.000350778	2.56964e-09
0.000355764	2.68058e-09
0.00036082	2.79632e-09
0.000365948	2.91704e-09
0.000371149	3.04298e-09
0.000376424	3.17435e-09
0.000381774	3.31139e-09
0.000387199	3.45434e-09
0.000392702	3.60345e-09
0.000398284	3.759e-09
0.000403944	3.92126e-09
0.000409685	4.09053e-09
0.000415508	4.26709e-09
0.000421413	4.45127e-09
0.000427402	4.64339e-09
0.000433477	4.8438e-09
0.000439637	5.05285e-09
0.000445886	5.27092e-09
0.000452223	5.49839e-09
0.00045865	5.73568e-09
0.000465168	5.9832e-09
0.000471779	6.24139e-09
0.000478484	6.51071e-09
0.000485285	6.79165e-09
0.000492182	7.0847e-09
0.000499177	7.39039e-09
0.000506271	7.70925e-09
0.000513466	8.04186e-09
0.000520764	8.38882e-09
0.000528165	8.75072e-09
0.000535672	9.12823e-09
0.000543285	9.52201e-09
0.000551006	9.93277e-09
0.000558837	1.03612e-08
0.000566779	1.08081e-08
0.000574835	1.12743e-08
0.000583004	1.17606e-08
0.00059129	1.22678e-08
0.000599694	1.27969e-08
0.000608217	1.33488e-08
0.000616861	1.39245e-08
0.000625628	1.45249e-08
0.000634519	1.51512e-08
0.000643537	1.58046e-08
0.000652684	1.6486e-08
0.00066196	1.71968e-08
0.000671368	1.79382e-08
0.000680909	1.87116e-08
0.000690587	1.95182e-08
0.000700401	2.03596e-08
0.000710356	2.12373e-08
0.000720451	2.21527e-08
0.000730691	2.31075e-08
0.000741075	2.41035e-08
0.000751608	2.51423e-08
0.00076229	2.62258e-08
0.000773124	2.7356e-08
0.000784112	2.85348e-08
0.000795256	2.97644e-08
0.000806558	3.10468e-08
0.000818021	3.23845e-08
0.000829647	3.37797e-08
0.000841438	3.5235e-08
0.000853397	3.67529e-08
0.000865526	3.8336e-08
0.000877827	3.99873e-08
0.000890303	4.17096e-08
0.000902956	4.3506e-08
0.000915789	4.53796e-08
0.000928804	4.73339e-08
0.000942005	4.93721e-08
0.000955393	5.1498e-08
0.000968971	5.37153e-08
0.000982742	5.60279e-08
0.000996709	5.844e-08
0.00101087	6.09557e-08
0.00102524	6.35795e-08
0.00103981	6.63161e-08
0.00105459	6.91703e-08
0.00106958	7.21472e-08
0.00108478	7.52519e-08
0.0011002	7.84901e-08
0.00111583	8.18673e-08
0.00113169	8.53896e-08
0.00114778	8.90632e-08
0.00116409	9.28945e-08
0.00118063	9.68904e-08
0.00119741	1.01058e-07
0.00121443	1.05404e-07
0.00123169	1.09937e-07
0.0012492	1.14665e-07
0.00126695	1.19595e-07
0.00128496	1.24737e-07
0.00130322	1.30099e-07
0.00132174	1.35692e-07
0.00134052	1.41525e-07
0.00135958	1.47607e-07
0.0013789	1.53951e-07
0.0013985	1.60567e-07
0.00141837	1.67466e-07
0.00143853	1.74661e-07
0.00145897	1.82165e-07
0.00147971	1.8999e-07
0.00150074	1.98151e-07
0.00152207	2.06661e-07
0.0015437	2.15536e-07
0.00156564	2.24791e-07
0.00158789	2.34443e-07
0.00161046	2.44508e-07
0.00163335	2.55004e-07
0.00165656	2.65949e-07
0.00168011	2.77364e-07
0.00170398	2.89266e-07
0.0017282	3.01678e-07
0.00175276	3.14621e-07
0.00177767	3.28119e-07
0.00180294	3.42193e-07
0.00182856	3.56869e-07
0.00185455	3.72174e-07
0.00188091	3.88132e-07
0.00190764	4.04773e-07
0.00193475	4.22125e-07
0.00196225	4.40219e-07
0.00199014	4.59086e-07
0.00201842	4.78759e-07
0.00204711	4.99272e-07
0.0020762	5.20662e-07
0.00210571	5.42965e-07
0.00213564	5.6622e-07
0.00216599	5.90468e-07
0.00219677	6.15751e-07
0.00222799	6.42113e-07
0.00225966	6.69599e-07
0.00229177	6.98258e-07
0.00232434	7.28139e-07
0.00235738	7.59294e-07
0.00239088	7.91777e-07
0.00242486	8.25645e-07
0.00245932	8.60955e-07
0.00249428	8.97771e-07
0.00252973	9.36154e-07
0.00256568	9.76172e-07
0.00260214	1.01789e-06
0.00263913	1.06139e-06
0.00267663	1.10674e-06
0.00271467	1.15402e-06
0.00275326	1.20331e-06
0.00279239	1.25469e-06
0.00283207	1.30826e-06
0.00287232	1.36411e-06
0.00291314	1.42233e-06
0.00295455	1.48302e-06
0.00299654	1.54629e-06
0.00303913	1.61225e-06
0.00308232	1.68101e-06
0.00312613	1.75269e-06
0.00317055	1.82741e-06
0.00321562	1.90529e-06
0.00326132	1.98648e-06
0.00330767	2.07112e-06
0.00335468	2.15934e-06
0.00340235	2.25129e-06
0.00345071	2.34715e-06
0.00349975	2.44706e-06
0.00354949	2.5512e-06
0.00359994	2.65975e-06
0.0036511	2.77289e-06
0.00370299	2.89081e-06
0.00375562	3.01373e-06
0.003809	3.14183e-06
0.00386313	3.27535e-06
0.00391803	3.41451e-06
0.00397372	3.55955e-06
0.00403019	3.71071e-06
0.00408747	3.86824e-06
0.00414556	4.03242e-06
0.00420448	4.20353e-06
0.00426424	4.38184e-06
0.00432484	4.56767e-06
0.00438631	4.76133e-06
0.00444865	4.96314e-06
0.00451187	5.17345e-06
0.004576	5.3926e-06
0.00464103	5.62097e-06
0.00470699	5.85894e-06
0.00477389	6.1069e-06
0.00484174	6.36529e-06
0.00491055	6.63452e-06
0.00498034	6.91505e-06
0.00505112	7.20735e-06
0.00512291	7.51191e-06
0.00519572	7.82923e-06
0.00526956	8.15985e-06
0.00534445	8.50431e-06
0.00542041	8.86319e-06
0.00549744	9.23709e-06
0.00557558	9.62662e-06
0.00565482	1.00324e-05
0.00573519	1.04552e-05
0.0058167	1.08956e-05
0.00589936	1.13544e-05
0.00598321	1.18323e-05
0.00606824	1.23302e-05
0.00615449	1.28488e-05
0.00624196	1.3389e-05
0.00633067	1.39517e-05
0.00642064	1.45378e-05
0.00651189	1.51483e-05
0.00660444	1.57841e-05
0.00669831	1.64464e-05
0.0067935	1.71361e-05
0.00689006	1.78545e-05
0.00698798	1.86026e-05
0.00708729	1.93818e-05
0.00718802	2.01932e-05
0.00729018	2.10382e-05
0.00739379	2.19181e-05
0.00749887	2.28344e-05
0.00760545	2.37885e-05
0.00771354	2.47821e-05
0.00782316	2.58166e-05
0.00793435	2.68937e-05
0.00804711	2.80152e-05
0.00816148	2.91829e-05
0.00827748	3.03986e-05
0.00839512	3.16643e-05
0.00851443	3.2982e-05
0.00863544	3.43538e-05
0.00875817	3.57818e-05
0.00888264	3.72684e-05
0.00900889	3.88158e-05
0.00913692	4.04265e-05
0.00926678	4.21031e-05
0.00939848	4.38482e-05
0.00953205	4.56646e-05
0.00966753	4.7555e-05
0.00980492	4.95224e-05
0.00994427	5.157e-05
0.0100856	5.37008e-05
0.0102289	5.59183e-05
0.0103743	5.82258e-05
0.0105218	6.06269e-05
0.0106713	6.31253e-05
0.010823	6.5725e-05
0.0109768	6.84298e-05
0.0111328	7.12439e-05
0.011291	7.41717e-05
0.0114515	7.72175e-05
0.0116142	8.03862e-05
0.0117793	8.36823e-05
0.0119467	8.71111e-05
0.0121165	9.06776e-05
0.0122887	9.43872e-05
0.0124634	9.82455e-05
0.0126405	0.000102258
0.0128201	0.000106432
0.0130023	0.000110772
0.0131871	0.000115285
0.0133746	0.000119978
0.0135646	0.000124858
0.0137574	0.000129932
0.0139529	0.000135208
0.0141512	0.000140693
0.0143524	0.000146395
0.0145563	0.000152323
0.0147632	0.000158485
0.014973	0.00016489
0.0151858	0.000171548
0.0154017	0.000178468
0.0156206	0.000185659
0.0158426	0.000193133
0.0160677	0.0002009
0.0162961	0.000208971
0.0165277	0.000217358
0.0167626	0.000226071
0.0170008	0.000235125
0.0172424	0.00024453
0.0174875	0.000254301
0.017736	0.000264451
0.0179881	0.000274993
0.0182438	0.000285944
0.018503	0.000297317
0.018766	0.000309128
0.0190327	0.000321394
0.0193032	0.00033413
0.0195776	0.000347355
0.0198558	0.000361086
0.020138	0.000375342
0.0204242	0.000390141
0.0207145	0.000405503
0.0210089	0.000421448
0.0213075	0.000437999
0.0216103	0.000455175
0.0219174	0.000473
0.0222289	0.000491497
0.0225448	0.00051069
0.0228653	0.000530602
0.0231902	0.000551261
0.0235198	0.000572692
0.0238541	0.000594922
0.0241931	0.000617979
0.0245369	0.000641892
0.0248857	0.000666691
0.0252393	0.000692407
0.0255981	0.00071907
0.0259619	0.000746715
0.0263308	0.000775374
0.0267051	0.000805082
0.0270846	0.000835874
0.0274695	0.000867788
0.0278599	0.000900861
0.0282559	0.000935132
0.0286575	0.000970642
0.0290648	0.00100743
0.0294778	0.00104554
0.0298968	0.00108502
0.0303217	0.00112591
0.0307526	0.00116825
0.0311897	0.0012121
0.031633	0.0012575
0.0320825	0.00130451
0.0325385	0.00135317
0.0330009	0.00140353
0.03347	0.00145566
0.0339457	0.00150961
0.0344281	0.00156543
0.0349174	0.00162318
0.0354137	0.00168293
0.035917	0.00174473
0.0364274	0.00180865
0.0369451	0.00187475
0.0374702	0.0019431
0.0380028	0.00201377
0.0385429	0.00208683
0.0390906	0.00216234
0.0396462	0.00224038
0.0402097	0.00232103
0.0407811	0.00240435
0.0413607	0.00249044
0.0419486	0.00257936
0.0425447	0.0026712
0.0431494	0.00276604
0.0437627	0.00286397
0.0443846	0.00296506
0.0450154	0.00306942
0.0456552	0.00317712
0.0463041	0.00328826
0.0469622	0.00340293
0.0476296	0.00352123
0.0483065	0.00364325
0.0489931	0.00376908
0.0496894	0.00389883
0.0503956	0.0040326
0.0511118	0.00417049
0.0518382	0.00431259
0.052575	0.00445903
0.0533222	0.00460989
0.05408	0.0047653
0.0548486	0.00492535
0.0556281	0.00509016
0.0564187	0.00525983
0.0572206	0.00543448
0.0580338	0.00561423
0.0588586	0.00579918
0.0596951	0.00598944
0.0605435	0.00618514
0.061404	0.00638639
0.0622766	0.0065933
0.0631617	0.00680599
0.0640594	0.00702457
0.0649698	0.00724917
0.0658932	0.00747989
0.0668297	0.00771685
0.0677795	0.00796018
0.0687428	0.00820998
0.0697198	0.00846636
0.0707107	0.00872945
0.0717156	0.00899934
0.0727349	0.00927616
0.0737686	0.00956001
0.074817	0.00985099
0.0758803	0.0101492
0.0769588	0.0104548
0.0780525	0.0107678
0.0791618	0.0110884
0.0802869	0.0114166
0.081428	0.0117525
0.0825853	0.0120963
0.083759	0.0124479
0.0849494	0.0128075
0.0861567	0.0131752
0.0873812	0.013551
0.0886231	0.013935
0.0898826	0.0143273
0.09116	0.0147278
0.0924556	0.0151367
0.0937696	0.015554
0.0951023	0.0159797
0.0964539	0.0164139
0.0978248	0.0168565
0.0992151	0.0173076
0.100625	0.0177671
0.102055	0.0182352
0.103506	0.0187117
0.104977	0.0191966
0.106469	0.0196899
0.107982	0.0201915
0.109517	0.0207014
0.111073	0.0212195
0.112652	0.0217457
0.114253	0.02228
0.115876	0.0228221
0.117523	0.0233721
0.119194	0.0239296
0.120888	0.0244947
0.122606	0.0250671
0.124348	0.0256467
0.126115	0.0262331
0.127908	0.0268264
0.129726	0.0274261
0.131569	0.028032
0.133439	0.0286439
0.135336	0.0292615
0.137259	0.0298845
0.13921	0.0305126
0.141188	0.0311454
0.143195	0.0317825
0.14523	0.0324236
0.147294	0.0330682
0.149388	0.033716
0.151511	0.0343665
0.153664	0.0350193
0.155848	0.0356738
0.158063	0.0363295
0.160309	0.0369859
0.162588	0.0376425
0.164899	0.0382987
0.167242	0.0389538
0.169619	0.0396074
0.17203	0.0402586
0.174475	0.040907
0.176954	0.0415517
0.179469	0.0421921
0.18202	0.0428275
0.184607	0.0434571
0.18723	0.0440802
0.189891	0.044696
0.19259	0.0453036
0.195327	0.0459022
0.198103	0.0464911
0.200919	0.0470693
0.203774	0.047636
0.206671	0.0481903
0.209608	0.0487312
0.212587	0.0492579
0.215608	0.0497694
0.218672	0.0502647
0.22178	0.0507429
0.224932	0.0512031
0.228129	0.0516441
0.231371	0.0520651
0.23466	0.052465
0.237995	0.0528429
0.241377	0.0531976
0.244808	0.0535283
0.248287	0.0538338
0.251816	0.0541132
0.255394	0.0543654
0.259024	0.0545894
0.262706	0.0547842
0.266439	0.0549488
0.270226	0.0550822
0.274066	0.0551834
0.277962	0.0552514
0.281912	0.0552853
0.285919	0.055284
0.289982	0.0552468
0.294103	0.0551726
0.298283	0.0550605
0.302523	0.0549097
0.306822	0.0547193
0.311183	0.0544885
0.315605	0.0542165
0.320091	0.0539025
0.32464	0.0535458
0.329254	0.0531457
0.333933	0.0527015
0.338679	0.0522125
0.343493	0.0516782
0.348375	0.0510981
0.353326	0.0504715
0.358347	0.049798
0.36344	0.0490772
0.368606	0.0483087
0.373844	0.0474921
0.379157	0.0466272
0.384546	0.0457137
0.390011	0.0447513
0.395554	0.04374
0.401176	0.0426796
0.406878	0.0415702
0.41266	0.0404116
0.418525	0.0392039
0.424473	0.0379474
0.430506	0.036642
0.436625	0.0352882
0.44283	0.033886
0.449124	0.032436
0.455507	0.0309384
0.461981	0.0293938
0.468546	0.0278026
0.475205	0.0261654
0.481959	0.0244829
0.488809	0.0227557
0.495756	0.0209847
0.502802	0.0191705
0.509948	0.0173142
0.517195	0.0154166
0.524546	0.0134787
0.532001	0.0115016
0.539562	0.00948648
0.54723	0.00743442
0.555008	0.00534672
0.562896	0.00322466
0.570896	0.00106961
0.579009	-0.00111701
0.587238	-0.00333373
0.595584	-0.00557899
0.604049	-0.00785122
0.612634	-0.0101488
0.621341	-0.0124699
0.630171	-0.014813
0.639128	-0.0171761
0.648211	-0.0195574
0.657424	-0.0219551
0.666767	-0.0243671
0.676243	-0.0267916
0.685854	-0.0292264
0.695602	-0.0316695
0.705488	-0.0341189
0.715515	-0.0365724
0.725684	-0.0390277
0.735997	-0.0414829
0.746457	-0.0439355
0.757066	-0.0463834
0.767826	-0.0488243
0.778738	-0.0512559
0.789806	-0.0536759
0.801031	-0.056082
0.812416	-0.0584718
0.823962	-0.0608431
0.835672	-0.0631934
0.847549	-0.0655204
0.859595	-0.0678218
0.871811	-0.0700951
0.884202	-0.0723381
0.896768	-0.0745483
0.909513	-0.0767235
0.92244	-0.0788614
0.93555	-0.0809595
0.948846	-0.0830158
0.962331	-0.0850278
0.976008	-0.0869934
0.989879	-0.0889104
1.00395	-0.0907766
1.01822	-0.09259
1.03269	-0.0943485
1.04736	-0.09605
1.06225	-0.0976927
1.07735	-0.0992745
1.09266	-0.100794
1.10819	-0.102248
1.12394	-0.103637
1.13991	-0.104958
1.15611	-0.106209
1.17254	-0.10739
1.18921	-0.108498
1.20611	-0.109533
1.22325	-0.110492
1.24064	-0.111376
1.25827	-0.112182
1.27615	-0.11291
1.29429	-0.113558
1.31268	-0.114126
1.33134	-0.114614
1.35026	-0.115019
1.36945	-0.115342
1.38891	-0.115582
1.40865	-0.115738
1.42867	-0.11581
1.44898	-0.115798
1.46957	-0.115701
1.49046	-0.115519
1.51164	-0.115252
1.53312	-0.1149
1.55491	-0.114462
1.57701	-0.113939
1.59942	-0.113331
1.62216	-0.112638
1.64521	-0.111861
1.66859	-0.110998
1.69231	-0.110051
1.71636	-0.10902
1.74075	-0.107906
1.76549	-0.106708
1.79058	-0.105428
1.81603	-0.104065
1.84184	-0.102621
1.86802	-0.101095
1.89457	-0.0994893
1.92149	-0.0978033
1.9488	-0.096038
1.9765	-0.0941941
2.00459	-0.0922723
2.03308	-0.0902731
2.06197	-0.0881974
2.09128	-0.0860459
2.121	-0.0838191
2.15115	-0.081518
2.18172	-0.0791432
2.21273	-0.0766954
2.24417	-0.0741753
2.27607	-0.0715836
2.30842	-0.0689211
2.34122	-0.0661885
2.3745	-0.0633864
2.40824	-0.0605155
2.44247	-0.0575764
2.47718	-0.05457
2.51239	-0.0514967
2.5481	-0.0483573
2.58431	-0.0451524
2.62104	-0.0418827
2.65829	-0.0385487
2.69607	-0.0351511
2.73439	-0.0316905
2.77325	-0.0281676
2.81267	-0.024583
2.85264	-0.0209374
2.89318	-0.0172314
2.9343	-0.0134658
2.976	-0.00964115
3.0183	-0.00575824
3.0612	-0.00181783
3.1047	0.00217932
3.14883	0.0062324
3.19358	0.0103406
3.23897	0.0145029
3.285	0.0187186
3.33169	0.0229865
3.37904	0.0273058
3.42706	0.0316753
3.47577	0.0360938
3.52517	0.0405604
3.57527	0.0450735
3.62608	0.0496321
3.67762	0.0542347
3.72988	0.0588799
3.78289	0.0635662
3.83666	0.0682919
3.89119	0.0730555
3.94649	0.0778553
4.00258	0.0826893
4.05946	0.0875558
4.11716	0.0924528
4.17567	0.0973781
4.23502	0.10233
4.29521	0.107306
4.35625	0.112303
4.41816	0.11732
4.48095	0.122354
4.54464	0.127402
4.60923	0.132461
4.67474	0.13753
4.74118	0.142605
4.80856	0.147683
4.8769	0.152762
4.94621	0.157838
5.01651	0.162908
5.0878	0.167968
5.16011	0.173017
5.23345	0.17805
5.30783	0.183064
5.38327	0.188055
5.45977	0.19302
5.53737	0.197956
5.61607	0.202859
5.69589	0.207725
5.77684	0.212551
5.85894	0.217333
5.94221	0.222067
6.02666	0.22675
6.11231	0.231378
6.19918	0.235947
6.28729	0.240453
6.37664	0.244893
6.46727	0.249263
6.55918	0.25356
6.65241	0.257779
6.74695	0.261917
6.84284	0.265971
6.94009	0.269937
7.03873	0.273812
7.13876	0.277591
7.24022	0.281272
7.34312	0.284851
7.44748	0.288325
7.55333	0.29169
7.66068	0.294943
7.76956	0.298081
7.87998	0.301101
7.99197	0.303999
8.10556	0.306772
8.22075	0.309418
8.33759	0.311932
8.45609	0.314311
8.57627	0.316553
8.69815	0.318655
8.82177	0.320612
8.94715	0.322421
9.07431	0.324079
9.20328	0.325583
9.33408	0.326929
9.46674	0.328114
9.60128	0.329133
9.73774	0.329982
9.87613	0.330658
10.0165	0.331155
10.1589	0.331471
10.3032	0.331599
10.4497	0.331535
10.5982	0.331275
10.7488	0.330811
10.9016	0.33014
11.0565	0.329255
11.2136	0.328149
11.373	0.326817
11.5346	0.325252
11.6986	0.323446
11.8648	0.321392
12.0335	0.319082
12.2045	0.316509
12.3779	0.313665
12.5539	0.31054
12.7323	0.307127
12.9132	0.303415
13.0968	0.299396
13.2829	0.295061
13.4717	0.2904
13.6631	0.285403
13.8573	0.280061
14.0543	0.274364
14.254	0.268302
14.4566	0.261867
14.6621	0.255048
14.8704	0.247836
15.0818	0.240224
15.2961	0.232204
15.5135	0.223767
15.734	0.214907
15.9576	0.205619
16.1844	0.195897
16.4144	0.185739
16.6477	0.175141
16.8843	0.164104
17.1243	0.152628
17.3677	0.140715
17.6145	0.128372
17.8648	0.115605
18.1187	0.102423
18.3762	0.0888402
18.6374	0.0748708
18.9023	0.0605337
19.1709	0.0458507
19.4434	0.0308473
19.7197	0.0155527
