4.62963e-06	6.33567e-09
9.25926e-06	2.53425e-08
1.38889e-05	5.70201e-08
1.85185e-05	1.01368e-07
2.31481e-05	1.58384e-07
2.77778e-05	2.28068e-07
3.24074e-05	3.10418e-07
3.7037e-05	4.05431e-07
4.16667e-05	5.13107e-07
4.62963e-05	6.33442e-07
5.09259e-05	7.66433e-07
5.55556e-05	9.12078e-07
6.01852e-05	1.07037e-06
6.48148e-05	1.24132e-06
6.94444e-05	1.42491e-06
7.40741e-05	1.62114e-06
7.87037e-05	1.83001e-06
8.33333e-05	2.05151e-06
8.7963e-05	2.28565e-06
9.25926e-05	2.53242e-06
9.72222e-05	2.79181e-06
0.000101852	3.06383e-06
0.000106481	3.34847e-06
0.000111111	3.64573e-06
0.000115741	3.95561e-06
0.00012037	4.2781e-06
0.000125	4.6132e-06
0.00012963	4.96091e-06
0.000134259	5.32122e-06
0.000138889	5.69414e-06
0.000143519	6.07966e-06
0.000148148	6.47778e-06
0.000152778	6.8885e-06
0.000157407	7.31181e-06
0.000162037	7.7477e-06
0.000166667	8.19619e-06
0.000171296	8.65726e-06
0.000175926	9.13092e-06
0.000180556	9.61715e-06
0.000185185	1.0116e-05
0.000189815	1.06273e-05
0.000194444	1.11513e-05
0.000199074	1.16878e-05
0.000203704	1.22369e-05
0.000208333	1.27986e-05
0.000212963	1.33728e-05
0.000217593	1.39596e-05
0.000222222	1.45589e-05
0.000226852	1.51708e-05
0.000231481	1.57953e-05
0.000236111	1.64322e-05
0.000240741	1.70818e-05
0.00024537	1.77439e-05
0.00025	1.84185e-05
0.00025463	1.91056e-05
0.000259259	1.98053e-05
0.000263889	2.05176e-05
0.000268519	2.12423e-05
0.000273148	2.19796e-05
0.000277778	2.27294e-05
0.000282407	2.34917e-05
0.000287037	2.42666e-05
0.000291667	2.5054e-05
0.000296296	2.58538e-05
0.000300926	2.66662e-05
0.000305556	2.74911e-05
0.000310185	2.83285e-05
0.000314815	2.91785e-05
0.000319444	3.00409e-05
0.000324074	3.09158e-05
0.000328704	3.18032e-05
0.000333333	3.27031e-05
0.000337949	3.36128e-05
0.000342629	3.45477e-05
0.000347374	3.55086e-05
0.000352184	3.64962e-05
0.000357061	3.75112e-05
0.000362005	3.85544e-05
0.000367018	3.96266e-05
0.000372101	4.07286e-05
0.000377253	4.18612e-05
0.000382477	4.30252e-05
0.000387774	4.42215e-05
0.000393143	4.54511e-05
0.000398588	4.67147e-05
0.000404107	4.80135e-05
0.000409703	4.93483e-05
0.000415376	5.07202e-05
0.000421128	5.21301e-05
0.00042696	5.35792e-05
0.000432872	5.50685e-05
0.000438867	5.65991e-05
0.000444944	5.81721e-05
0.000451105	5.97889e-05
0.000457352	6.14504e-05
0.000463685	6.31581e-05
0.000470106	6.49132e-05
0.000476616	6.67169e-05
0.000483216	6.85706e-05
0.000489907	7.04758e-05
0.000496692	7.24338e-05
0.000503569	7.44461e-05
0.000510543	7.65141e-05
0.000517613	7.86395e-05
0.00052478	8.08239e-05
0.000532047	8.30688e-05
0.000539415	8.53759e-05
0.000546884	8.77469e-05
0.000554457	9.01837e-05
0.000562135	9.26879e-05
0.00056992	9.52616e-05
0.000577812	9.79066e-05
0.000585813	0.000100625
0.000593925	0.000103418
0.00060215	0.000106289
0.000610488	0.00010924
0.000618942	0.000112272
0.000627513	0.000115388
0.000636202	0.00011859
0.000645012	0.000121881
0.000653944	0.000125263
0.000662999	0.000128739
0.00067218	0.000132311
0.000681489	0.000135982
0.000690926	0.000139754
0.000700493	0.000143631
0.000710193	0.000147615
0.000720028	0.000151709
0.000729999	0.000155917
0.000740107	0.00016024
0.000750356	0.000164684
0.000760747	0.00016925
0.000771281	0.000173942
0.000781962	0.000178764
0.00079279	0.00018372
0.000803768	0.000188812
0.000814899	0.000194045
0.000826183	0.000199422
0.000837624	0.000204949
0.000849223	0.000210627
0.000860982	0.000216463
0.000872905	0.00022246
0.000884993	0.000228622
0.000897248	0.000234954
0.000909672	0.000241462
0.000922269	0.000248148
0.000935041	0.00025502
0.000947989	0.00026208
0.000961116	0.000269336
0.000974425	0.000276792
0.000987919	0.000284453
0.0010016	0.000292326
0.00101547	0.000300415
0.00102953	0.000308728
0.00104379	0.00031727
0.00105824	0.000326047
0.0010729	0.000335065
0.00108775	0.000344333
0.00110282	0.000353855
0.00111809	0.00036364
0.00113357	0.000373694
0.00114927	0.000384025
0.00116518	0.00039464
0.00118132	0.000405547
0.00119767	0.000416754
0.00121426	0.00042827
0.00123107	0.000440102
0.00124812	0.000452259
0.00126541	0.000464751
0.00128293	0.000477586
0.00130069	0.000490774
0.0013187	0.000504324
0.00133697	0.000518246
0.00135548	0.00053255
0.00137425	0.000547248
0.00139328	0.000562348
0.00141257	0.000577863
0.00143213	0.000593804
0.00145197	0.000610182
0.00147207	0.000627009
0.00149246	0.000644297
0.00151312	0.00066206
0.00153408	0.000680309
0.00155532	0.000699058
0.00157686	0.00071832
0.00159869	0.000738111
0.00162083	0.000758442
0.00164328	0.000779331
0.00166603	0.000800791
0.0016891	0.000822838
0.00171249	0.000845488
0.00173621	0.000868757
0.00176025	0.000892662
0.00178462	0.00091722
0.00180934	0.00094245
0.00183439	0.000968368
0.00185979	0.000994994
0.00188555	0.00102235
0.00191166	0.00105045
0.00193813	0.00107931
0.00196497	0.00110896
0.00199218	0.00113942
0.00201977	0.00117071
0.00204773	0.00120286
0.00207609	0.00123588
0.00210484	0.00126979
0.00213399	0.00130463
0.00216354	0.00134042
0.0021935	0.00137718
0.00222387	0.00141495
0.00225467	0.00145373
0.00228589	0.00149357
0.00231754	0.0015345
0.00234964	0.00157653
0.00238217	0.0016197
0.00241516	0.00166405
0.0024486	0.0017096
0.00248251	0.00175638
0.00251689	0.00180443
0.00255174	0.00185378
0.00258708	0.00190447
0.0026229	0.00195653
0.00265922	0.00201
0.00269605	0.00206491
0.00273338	0.0021213
0.00277123	0.00217922
0.00280961	0.00223871
0.00284851	0.0022998
0.00288796	0.00236254
0.00292795	0.00242696
0.00296849	0.00249313
0.0030096	0.00256108
0.00305128	0.00263085
0.00309353	0.00270251
0.00313637	0.00277609
0.0031798	0.00285165
0.00322383	0.00292924
0.00326847	0.00300891
0.00331374	0.00309072
0.00335962	0.00317473
0.00340615	0.00326099
0.00345331	0.00334956
0.00350113	0.0034405
0.00354962	0.00353388
0.00359877	0.00362975
0.0036486	0.00372819
0.00369913	0.00382926
0.00375035	0.00393302
0.00380229	0.00403956
0.00385494	0.00414894
0.00390832	0.00426123
0.00396244	0.00437651
0.00401731	0.00449486
0.00407294	0.00461636
0.00412934	0.00474108
0.00418652	0.00486912
0.0042445	0.00500056
0.00430327	0.00513549
0.00436286	0.00527399
0.00442328	0.00541616
0.00448453	0.00556209
0.00454663	0.00571189
0.00460959	0.00586564
0.00467342	0.00602345
0.00473814	0.00618542
0.00480375	0.00635167
0.00487027	0.0065223
0.00493771	0.00669741
0.00500609	0.00687713
0.00507541	0.00706158
0.00514569	0.00725086
0.00521695	0.00744512
0.00528919	0.00764446
0.00536243	0.00784902
0.00543669	0.00805894
0.00551198	0.00827434
0.0055883	0.00849537
0.00566569	0.00872216
0.00574414	0.00895487
0.00582369	0.00919363
0.00590433	0.0094386
0.00598609	0.00968994
0.00606899	0.00994781
0.00615303	0.0102124
0.00623823	0.0104838
0.00632462	0.0107622
0.0064122	0.0110478
0.00650099	0.0113408
0.00659101	0.0116414
0.00668228	0.0119497
0.00677482	0.0122659
0.00686863	0.0125903
0.00696375	0.0129229
0.00706018	0.0132641
0.00715795	0.0136141
0.00725707	0.013973
0.00735756	0.0143411
0.00745944	0.0147185
0.00756274	0.0151056
0.00766747	0.0155025
0.00777364	0.0159095
0.00788129	0.0163269
0.00799043	0.0167548
0.00810107	0.0171935
0.00821325	0.0176433
0.00832699	0.0181045
0.0084423	0.0185773
0.0085592	0.0190619
0.00867773	0.0195588
0.00879789	0.0200681
0.00891972	0.0205902
0.00904324	0.0211253
0.00916847	0.0216737
0.00929543	0.0222358
0.00942415	0.0228119
0.00955465	0.0234023
0.00968696	0.0240074
0.0098211	0.0246274
0.0099571	0.0252627
0.010095	0.0259137
0.0102348	0.0265807
0.0103765	0.027264
0.0105202	0.0279642
0.0106659	0.0286814
0.0108136	0.0294162
0.0109633	0.0301688
0.0111151	0.0309398
0.011269	0.0317295
0.0114251	0.0325383
0.0115833	0.0333666
0.0117437	0.0342149
0.0119063	0.0350836
0.0120712	0.0359732
0.0122384	0.036884
0.0124078	0.0378166
0.0125797	0.0387715
0.0127539	0.039749
0.0129305	0.0407497
0.0131095	0.0417741
0.0132911	0.0428226
0.0134751	0.0438958
0.0136617	0.0449943
0.0138509	0.0461184
0.0140427	0.0472687
0.0142371	0.0484459
0.0144343	0.0496503
0.0146342	0.0508826
0.0148368	0.0521434
0.0150423	0.0534331
0.0152506	0.0547525
0.0154618	0.056102
0.0156759	0.0574823
0.0158929	0.0588939
0.016113	0.0603375
0.0163362	0.0618136
0.0165624	0.063323
0.0167917	0.0648661
0.0170242	0.0664438
0.01726	0.0680565
0.017499	0.069705
0.0177413	0.07139
0.017987	0.0731119
0.0182361	0.0748717
0.0184886	0.0766698
0.0187446	0.078507
0.0190042	0.080384
0.0192674	0.0823015
0.0195342	0.0842601
0.0198047	0.0862606
0.0200789	0.0883037
0.020357	0.09039
0.0206388	0.0925204
0.0209246	0.0946954
0.0212144	0.0969158
0.0215082	0.0991824
0.021806	0.101496
0.022108	0.103857
0.0224141	0.106266
0.0227245	0.108724
0.0230392	0.111232
0.0233582	0.113791
0.0236817	0.116401
0.0240096	0.119062
0.0243421	0.121776
0.0246792	0.124544
0.0250209	0.127365
0.0253674	0.130242
0.0257187	0.133173
0.0260748	0.136161
0.0264359	0.139205
0.026802	0.142307
0.0271731	0.145467
0.0275494	0.148686
0.0279309	0.151964
0.0283177	0.155303
0.0287098	0.158701
0.0291074	0.162161
0.0295104	0.165683
0.0299191	0.169267
0.0303334	0.172914
0.0307534	0.176625
0.0311793	0.180399
0.031611	0.184238
0.0320488	0.188141
0.0324926	0.19211
0.0329425	0.196144
0.0333987	0.200244
0.0338612	0.204411
0.0343301	0.208644
0.0348055	0.212944
0.0352875	0.217312
0.0357761	0.221746
0.0362715	0.226248
0.0367738	0.230817
0.037283	0.235454
0.0377993	0.240159
0.0383227	0.244931
0.0388534	0.24977
0.0393914	0.254677
0.0399369	0.259651
0.0404899	0.264692
0.0410506	0.269799
0.0416191	0.274973
0.0421954	0.280212
0.0427797	0.285516
0.0433721	0.290885
0.0439727	0.296318
0.0445816	0.301814
0.045199	0.307373
0.0458249	0.312992
0.0464595	0.318673
0.0471028	0.324412
0.0477551	0.33021
0.0484164	0.336065
0.0490868	0.341976
0.0497666	0.34794
0.0504557	0.353958
0.0511544	0.360026
0.0518628	0.366144
0.0525809	0.372308
0.0533091	0.378519
0.0540473	0.384772
0.0547957	0.391066
0.0555545	0.397399
0.0563238	0.403769
0.0571037	0.410171
0.0578945	0.416605
0.0586962	0.423067
0.059509	0.429553
0.060333	0.436062
0.0611685	0.442589
0.0620155	0.449131
0.0628743	0.455685
0.063745	0.462246
0.0646277	0.468811
0.0655226	0.475377
0.06643	0.481938
0.0673499	0.48849
0.0682825	0.495029
0.0692281	0.50155
0.0701867	0.508049
0.0711586	0.51452
0.072144	0.520958
0.073143	0.527358
0.0741559	0.533714
0.0751828	0.54002
0.0762239	0.546272
0.0772794	0.552462
0.0783495	0.558584
0.0794345	0.564633
0.0805344	0.570601
0.0816497	0.576483
0.0827803	0.58227
0.0839266	0.587956
0.0850888	0.593534
0.0862671	0.598996
0.0874617	0.604335
0.0886728	0.609543
0.0899007	0.614612
0.0911456	0.619534
0.0924078	0.624302
0.0936874	0.628906
0.0949848	0.633338
0.0963001	0.63759
0.0976336	0.641652
0.0989856	0.645517
0.100356	0.649175
0.101746	0.652616
0.103155	0.655832
0.104583	0.658814
0.106032	0.661551
0.1075	0.664035
0.108989	0.666256
0.110498	0.668204
0.112028	0.66987
0.113579	0.671244
0.115152	0.672315
0.116747	0.673075
0.118363	0.673514
0.120002	0.673621
0.121664	0.673388
0.123349	0.672803
0.125057	0.671859
0.126789	0.670544
0.128544	0.668849
0.130324	0.666766
0.132129	0.664284
0.133959	0.661394
0.135814	0.658088
0.137694	0.654356
0.139601	0.650189
0.141534	0.645579
0.143494	0.640518
0.145481	0.634998
0.147496	0.62901
0.149538	0.622547
0.151609	0.615601
0.153709	0.608167
0.155837	0.600236
0.157995	0.591804
0.160183	0.582863
0.162401	0.573408
0.16465	0.563435
0.16693	0.552938
0.169242	0.541914
0.171585	0.530358
0.173961	0.518268
0.17637	0.50564
0.178812	0.492473
0.181289	0.478764
0.183799	0.464514
0.186344	0.449721
0.188925	0.434387
0.191541	0.41851
0.194193	0.402095
0.196882	0.385141
0.199609	0.367653
0.202373	0.349634
0.205175	0.331089
0.208016	0.312023
0.210897	0.292441
0.213817	0.27235
0.216778	0.251758
0.21978	0.230673
0.222823	0.209104
0.225909	0.187062
0.229037	0.164556
0.232209	0.141598
0.235424	0.118202
0.238684	0.094379
0.24199	0.0701447
0.245341	0.0455134
0.248738	0.0205011
0.252182	-0.00487575
0.255675	-0.0305997
0.259215	-0.0566524
0.262805	-0.0830149
0.266444	-0.109667
0.270133	-0.136589
0.273874	-0.163759
0.277667	-0.191154
0.281512	-0.218752
0.28541	-0.24653
0.289362	-0.274463
0.293369	-0.302526
0.297432	-0.330694
0.30155	-0.35894
0.305726	-0.387239
0.30996	-0.415562
0.314252	-0.443883
0.318604	-0.472173
0.323015	-0.500404
0.327488	-0.528546
0.332023	-0.556572
0.336621	-0.584451
0.341283	-0.612154
0.346008	-0.639651
0.3508	-0.666913
0.355658	-0.693908
0.360583	-0.720609
0.365576	-0.746983
0.370638	-0.773003
0.375771	-0.798638
0.380974	-0.823858
0.38625	-0.848636
0.391598	-0.872941
0.397021	-0.896746
0.402519	-0.920023
0.408093	-0.942745
0.413744	-0.964885
0.419473	-0.986416
0.425282	-1.00731
0.431171	-1.02756
0.437142	-1.04711
0.443195	-1.06597
0.449332	-1.0841
0.455555	-1.10148
0.461863	-1.11809
0.468259	-1.13392
0.474743	-1.14895
0.481317	-1.16316
0.487982	-1.17653
0.49474	-1.18906
0.501591	-1.20072
0.508536	-1.21152
0.515578	-1.22143
0.522718	-1.23045
0.529956	-1.23858
0.537295	-1.24581
0.544735	-1.25213
0.552279	-1.25755
0.559926	-1.26205
0.56768	-1.26565
0.575541	-1.26834
0.583511	-1.27013
0.591591	-1.27102
0.599783	-1.27102
0.608089	-1.27014
0.616509	-1.26837
0.625047	-1.26575
0.633702	-1.26227
0.642477	-1.25795
0.651374	-1.2528
0.660394	-1.24684
0.669539	-1.24009
0.67881	-1.23256
0.68821	-1.22427
0.69774	-1.21524
0.707402	-1.2055
0.717198	-1.19505
0.72713	-1.18393
0.737199	-1.17216
0.747407	-1.15976
0.757757	-1.14676
0.76825	-1.13317
0.778889	-1.11904
0.789674	-1.10437
0.80061	-1.08921
0.811696	-1.07357
0.822936	-1.05748
0.834332	-1.04097
0.845885	-1.02407
0.857599	-1.0068
0.869475	-0.989197
0.881515	-0.971281
0.893722	-0.953084
0.906098	-0.93463
0.918645	-0.915949
0.931366	-0.897066
0.944263	-0.87801
0.957339	-0.858805
0.970596	-0.83948
0.984036	-0.820058
0.997663	-0.800566
1.01148	-0.781029
1.02548	-0.76147
1.03969	-0.741914
1.05408	-0.722384
1.06868	-0.702902
1.08348	-0.683491
1.09848	-0.664172
1.11369	-0.644965
1.12911	-0.625891
1.14475	-0.606968
1.1606	-0.588216
1.17667	-0.56965
1.19297	-0.55129
1.20949	-0.533149
1.22624	-0.515245
1.24322	-0.49759
1.26043	-0.480199
1.27789	-0.463084
1.29558	-0.446258
1.31352	-0.429731
1.33171	-0.413513
1.35015	-0.397613
1.36885	-0.382041
1.3878	-0.366804
1.40702	-0.351908
1.42651	-0.33736
1.44626	-0.323165
1.46629	-0.309328
1.48659	-0.295851
1.50718	-0.282738
1.52805	-0.269991
1.54921	-0.257612
1.57066	-0.245601
1.59241	-0.233958
1.61446	-0.222682
1.63682	-0.211773
1.65948	-0.201229
1.68246	-0.191047
1.70576	-0.181223
1.72938	-0.171756
1.75333	-0.16264
1.77761	-0.153871
1.80223	-0.145444
1.82718	-0.137354
1.85249	-0.129595
1.87814	-0.12216
1.90415	-0.115045
1.93051	-0.108241
1.95725	-0.101742
1.98435	-0.0955402
2.01183	-0.0896286
2.03969	-0.0839994
2.06793	-0.0786446
2.09657	-0.0735565
2.1256	-0.0687269
2.15504	-0.0641476
2.18488	-0.0598104
2.21513	-0.055707
2.24581	-0.0518293
2.27691	-0.0481689
2.30844	-0.0447175
2.3404	-0.0414671
2.37281	-0.0384093
2.40567	-0.0355363
2.43898	-0.03284
2.47276	-0.0303127
2.507	-0.0279466
2.54171	-0.0257341
2.57691	-0.0236679
2.61259	-0.0217406
2.64877	-0.0199453
2.68545	-0.0182751
2.72264	-0.0167232
2.76034	-0.0152832
2.79857	-0.0139488
2.83732	-0.012714
2.87661	-0.0115727
2.91644	-0.0105195
2.95683	-0.00954889
2.99777	-0.00865563
3.03929	-0.00783475
3.08137	-0.00708149
3.12404	-0.00639129
3.1673	-0.00575981
3.21116	-0.00518293
3.25563	-0.00465673
3.30071	-0.0041775
3.34642	-0.00374174
3.39276	-0.00334612
3.43974	-0.00298753
3.48737	-0.00266303
3.53567	-0.00236986
3.58463	-0.00210545
3.63426	-0.00186737
3.68459	-0.00165336
3.73561	-0.00146134
3.78734	-0.00128935
3.83979	-0.00113556
3.89296	-0.000998305
3.94687	-0.00087603
4.00152	-0.000767302
4.05694	-0.0006708
4.11311	-0.000585315
4.17007	-0.000509735
4.22782	-0.000443042
4.28636	-0.000384309
4.34572	-0.000332689
4.4059	-0.000287414
4.46691	-0.000247785
4.52876	-0.000213172
4.59148	-0.000183003
4.65506	-0.000156765
4.71952	-0.000133995
4.78487	-0.000114278
4.85113	-9.72435e-05
4.91831	-8.25595e-05
4.98641	-6.99309e-05
5.05546	-5.90954e-05
5.12547	-4.98203e-05
5.19645	-4.18999e-05
5.26841	-3.51528e-05
5.34136	-2.94193e-05
5.41533	-2.45593e-05
5.49031	-2.04501e-05
5.56634	-1.69846e-05
5.64342	-1.40696e-05
5.72157	-1.16241e-05
5.8008	-9.57791e-06
5.88113	-7.8705e-06
5.96257	-6.44966e-06
6.04514	-5.27058e-06
6.12885	-4.29488e-06
6.21372	-3.48977e-06
6.29976	-2.82736e-06
6.387	-2.28394e-06
6.47544	-1.83946e-06
6.56511	-1.47701e-06
6.65602	-1.18234e-06
6.74819	-9.43523e-07
6.84164	-7.50574e-07
6.93638	-5.9518e-07
7.03243	-4.70432e-07
7.12982	-3.70614e-07
7.22855	-2.91007e-07
7.32865	-2.27731e-07
7.43013	-1.77606e-07
7.53302	-1.38036e-07
7.63733	-1.06906e-07
7.74309	-8.25034e-08
7.85032	-6.3442e-08
7.95902	-4.86069e-08
8.06924	-3.71034e-08
8.18098	-2.82164e-08
8.29426	-2.13768e-08
8.40912	-1.61328e-08
8.52557	-1.21279e-08
8.64363	-9.08128e-09
8.76332	-6.77281e-09
8.88467	-5.03071e-09
9.0077	-3.72138e-09
9.13244	-2.74139e-09
9.2589	-2.01096e-09
9.38711	-1.46886e-09
9.5171	-1.06825e-09
9.64889	-7.73497e-10
9.78251	-5.57587e-10
9.91797	-4.00136e-10
10.0553	-2.85838e-10
10.1946	-2.03245e-10
10.3357	-1.43841e-10
10.4788	-1.01316e-10
10.624	-7.10209e-11
10.7711	-4.95422e-11
10.9202	-3.43888e-11
11.0714	-2.37513e-11
11.2248	-1.6321e-11
11.3802	-1.11571e-11
11.5378	-7.58779e-12
11.6976	-5.13327e-12
11.8595	-3.454e-12
12.0238	-2.31153e-12
12.1903	-1.53847e-12
12.3591	-1.01827e-12
12.5302	-6.70111e-13
12.7037	-4.38731e-13
12.8796	-2.85347e-13
13.058	-1.84486e-13
13.2388	-1.18831e-13
13.4221	-7.59387e-14
13.608	-4.84349e-14
13.7965	-2.98837e-14
13.9875	-1.91775e-14
14.1812	-1.20078e-14
14.3776	-7.39529e-15
14.5767	-4.31353e-15
14.7785	-2.33865e-15
14.9832	-2.32055e-15
15.1906	-1.04436e-15
15.401	-2.97656e-16
15.6143	-3.8831e-16
15.8305	-4.84667e-16
16.0497	-4.89562e-16
16.272	-2.20577e-16
16.4973	3.72127e-16
16.7257	-1.91683e-16
16.9573	-6.85473e-16
17.1922	1.24889e-16
17.4302	8.02289e-17
17.6716	1.25465e-16
17.9163	-6.20136e-17
18.1644	-1.11574e-16
18.4159	1.01939e-16
18.671	1.54337e-16
18.9295	1.2972e-16
19.1916	-6.48757e-16
19.4574	3.24244e-16
19.7268	-2.53078e-18
