3.1506e-06	5.88114e-10
6.3012e-06	2.35245e-09
9.4518e-06	5.29298e-09
1.26024e-05	9.40965e-09
1.5753e-05	1.47024e-08
1.89036e-05	2.11712e-08
2.20542e-05	2.88159e-08
2.52048e-05	3.76363e-08
2.83554e-05	4.76325e-08
3.1506e-05	5.88041e-08
3.46566e-05	7.11511e-08
3.78072e-05	8.46733e-08
4.09578e-05	9.93704e-08
4.41084e-05	1.15242e-07
4.7259e-05	1.32289e-07
5.04096e-05	1.50509e-07
5.35602e-05	1.69904e-07
5.67108e-05	1.90473e-07
5.98614e-05	2.12215e-07
6.3012e-05	2.35131e-07
6.61626e-05	2.59219e-07
6.93132e-05	2.8448e-07
7.24638e-05	3.10914e-07
7.56144e-05	3.38519e-07
7.8765e-05	3.67297e-07
8.19156e-05	3.97246e-07
8.50662e-05	4.28366e-07
8.82168e-05	4.60657e-07
9.13674e-05	4.94118e-07
9.4518e-05	5.2875e-07
9.76686e-05	5.64552e-07
0.000100819	6.01523e-07
0.00010397	6.39664e-07
0.00010712	6.78974e-07
0.000110271	7.19453e-07
0.000113422	7.61101e-07
0.000116572	8.03917e-07
0.000119723	8.47901e-07
0.000122873	8.93053e-07
0.000126024	9.39373e-07
0.000129175	9.8686e-07
0.000132325	1.03551e-06
0.000135476	1.08534e-06
0.000138626	1.13632e-06
0.000141777	1.18848e-06
0.000144928	1.2418e-06
0.000148078	1.29629e-06
0.000151229	1.35194e-06
0.000154379	1.40875e-06
0.00015753	1.46674e-06
0.000160681	1.52589e-06
0.000163831	1.5862e-06
0.000166982	1.64767e-06
0.000170132	1.71031e-06
0.000173283	1.77412e-06
0.000176434	1.83909e-06
0.000179584	1.90522e-06
0.000182735	1.97251e-06
0.000185885	2.04097e-06
0.000189036	2.11059e-06
0.000192187	2.18137e-06
0.000195337	2.25332e-06
0.000198488	2.32642e-06
0.000201638	2.40069e-06
0.000204789	2.47612e-06
0.00020794	2.55271e-06
0.00021109	2.63046e-06
0.000214241	2.70938e-06
0.000217391	2.78945e-06
0.000220519	2.8701e-06
0.000223693	2.95308e-06
0.000226911	3.03845e-06
0.000230177	3.12629e-06
0.000233489	3.21666e-06
0.000236848	3.30965e-06
0.000240257	3.40531e-06
0.000243714	3.50374e-06
0.000247221	3.60501e-06
0.000250778	3.7092e-06
0.000254387	3.8164e-06
0.000258047	3.9267e-06
0.00026176	4.04017e-06
0.000265527	4.15692e-06
0.000269348	4.27704e-06
0.000273223	4.40062e-06
0.000277155	4.52777e-06
0.000281143	4.65858e-06
0.000285189	4.79317e-06
0.000289292	4.93164e-06
0.000293455	5.07411e-06
0.000297678	5.22068e-06
0.000301961	5.37148e-06
0.000306306	5.52662e-06
0.000310714	5.68624e-06
0.000315185	5.85046e-06
0.00031972	6.01941e-06
0.000324321	6.19324e-06
0.000328988	6.37207e-06
0.000333722	6.55606e-06
0.000338524	6.74535e-06
0.000343395	6.94009e-06
0.000348336	7.14045e-06
0.000353348	7.34657e-06
0.000358433	7.55864e-06
0.000363591	7.77681e-06
0.000368822	8.00127e-06
0.00037413	8.23219e-06
0.000379513	8.46976e-06
0.000384974	8.71417e-06
0.000390514	8.96561e-06
0.000396133	9.2243e-06
0.000401833	9.49043e-06
0.000407615	9.76422e-06
0.000413481	1.00459e-05
0.00041943	1.03357e-05
0.000425466	1.06338e-05
0.000431588	1.09405e-05
0.000437798	1.1256e-05
0.000444098	1.15806e-05
0.000450488	1.19145e-05
0.000456971	1.2258e-05
0.000463546	1.26114e-05
0.000470216	1.2975e-05
0.000476983	1.3349e-05
0.000483846	1.37338e-05
0.000490808	1.41296e-05
0.000497871	1.45368e-05
0.000505035	1.49557e-05
0.000512302	1.53866e-05
0.000519674	1.58299e-05
0.000527152	1.6286e-05
0.000534737	1.67551e-05
0.000542432	1.72377e-05
0.000550237	1.77342e-05
0.000558155	1.82449e-05
0.000566186	1.87703e-05
0.000574333	1.93108e-05
0.000582598	1.98667e-05
0.000590981	2.04386e-05
0.000599485	2.1027e-05
0.000608111	2.16322e-05
0.000616862	2.22547e-05
0.000625738	2.28951e-05
0.000634742	2.35539e-05
0.000643876	2.42315e-05
0.000653141	2.49286e-05
0.000662539	2.56456e-05
0.000672073	2.63832e-05
0.000681743	2.71419e-05
0.000691553	2.79223e-05
0.000701504	2.87251e-05
0.000711599	2.95508e-05
0.000721838	3.04002e-05
0.000732225	3.12739e-05
0.000742761	3.21726e-05
0.000753449	3.30971e-05
0.000764291	3.40479e-05
0.000775289	3.5026e-05
0.000786445	3.6032e-05
0.000797761	3.70667e-05
0.000809241	3.81311e-05
0.000820885	3.92258e-05
0.000832697	4.03519e-05
0.00084468	4.15101e-05
0.000856834	4.27013e-05
0.000869163	4.39266e-05
0.00088167	4.51869e-05
0.000894357	4.64831e-05
0.000907226	4.78163e-05
0.000920281	4.91875e-05
0.000933523	5.05978e-05
0.000946956	5.20483e-05
0.000960582	5.35402e-05
0.000974405	5.50746e-05
0.000988426	5.66527e-05
0.00100265	5.82758e-05
0.00101708	5.99451e-05
0.00103171	6.16619e-05
0.00104656	6.34275e-05
0.00106162	6.52434e-05
0.00107689	6.71109e-05
0.00109239	6.90316e-05
0.00110811	7.10068e-05
0.00112405	7.30382e-05
0.00114023	7.51273e-05
0.00115663	7.72758e-05
0.00117328	7.94852e-05
0.00119016	8.17574e-05
0.00120729	8.40941e-05
0.00122466	8.6497e-05
0.00124228	8.89681e-05
0.00126016	9.15093e-05
0.00127829	9.41225e-05
0.00129668	9.68097e-05
0.00131534	9.95731e-05
0.00133427	0.000102415
0.00135347	0.000105337
0.00137294	0.000108341
0.0013927	0.000111431
0.00141274	0.000114608
0.00143307	0.000117875
0.00145369	0.000121234
0.00147461	0.000124688
0.00149583	0.00012824
0.00151735	0.000131891
0.00153919	0.000135646
0.00156133	0.000139507
0.0015838	0.000143476
0.00160659	0.000147558
0.00162971	0.000151754
0.00165316	0.000156068
0.00167695	0.000160504
0.00170108	0.000165065
0.00172555	0.000169754
0.00175038	0.000174574
0.00177557	0.00017953
0.00180112	0.000184626
0.00182704	0.000189864
0.00185333	0.000195249
0.00188	0.000200785
0.00190705	0.000206476
0.00193449	0.000212327
0.00196233	0.000218341
0.00199056	0.000224524
0.00201921	0.00023088
0.00204826	0.000237413
0.00207774	0.000244129
0.00210763	0.000251032
0.00213796	0.000258128
0.00216872	0.000265422
0.00219993	0.00027292
0.00223159	0.000280626
0.0022637	0.000288546
0.00229627	0.000296687
0.00232931	0.000305055
0.00236283	0.000313655
0.00239683	0.000322494
0.00243132	0.000331578
0.00246631	0.000340914
0.0025018	0.000350509
0.0025378	0.00036037
0.00257431	0.000370503
0.00261136	0.000380917
0.00264893	0.000391619
0.00268705	0.000402617
0.00272571	0.000413918
0.00276494	0.000425531
0.00280472	0.000437464
0.00284508	0.000449726
0.00288602	0.000462325
0.00292755	0.000475271
0.00296967	0.000488572
0.00301241	0.000502239
0.00305575	0.000516281
0.00309972	0.000530707
0.00314433	0.000545529
0.00318957	0.000560756
0.00323547	0.0005764
0.00328202	0.000592471
0.00332925	0.000608981
0.00337716	0.000625941
0.00342575	0.000643363
0.00347505	0.000661259
0.00352505	0.000679642
0.00357578	0.000698525
0.00362723	0.00071792
0.00367942	0.00073784
0.00373237	0.000758301
0.00378607	0.000779315
0.00384055	0.000800896
0.00389582	0.000823061
0.00395188	0.000845824
0.00400874	0.000869199
0.00406643	0.000893204
0.00412494	0.000917855
0.00418429	0.000943167
0.0042445	0.000969158
0.00430558	0.000995845
0.00436754	0.00102325
0.00443038	0.00105138
0.00449413	0.00108026
0.0045588	0.00110992
0.0046244	0.00114036
0.00469094	0.00117162
0.00475844	0.0012037
0.00482691	0.00123663
0.00489637	0.00127044
0.00496683	0.00130514
0.0050383	0.00134075
0.0051108	0.00137731
0.00518434	0.00141483
0.00525894	0.00145333
0.00533461	0.00149284
0.00541137	0.00153339
0.00548924	0.001575
0.00556823	0.0016177
0.00564835	0.00166151
0.00572963	0.00170647
0.00581207	0.00175259
0.00589571	0.00179991
0.00598054	0.00184845
0.0060666	0.00189825
0.0061539	0.00194934
0.00624245	0.00200174
0.00633227	0.00205549
0.00642339	0.00211061
0.00651582	0.00216716
0.00660958	0.00222514
0.00670469	0.00228461
0.00680116	0.00234559
0.00689903	0.00240812
0.0069983	0.00247224
0.007099	0.00253798
0.00720116	0.00260538
0.00730478	0.00267448
0.00740989	0.00274532
0.00751651	0.00281793
0.00762467	0.00289236
0.00773439	0.00296865
0.00784568	0.00304684
0.00795858	0.00312697
0.0080731	0.00320909
0.00818926	0.00329323
0.0083071	0.00337945
0.00842664	0.00346779
0.00854789	0.0035583
0.00867089	0.00365102
0.00879566	0.00374601
0.00892223	0.0038433
0.00905061	0.00394295
0.00918085	0.00404501
0.00931295	0.00414953
0.00944696	0.00425656
0.0095829	0.00436616
0.00972079	0.00447837
0.00986067	0.00459325
0.0100026	0.00471086
0.0101465	0.00483124
0.0102925	0.00495447
0.0104406	0.00508058
0.0105908	0.00520965
0.0107432	0.00534172
0.0108978	0.00547686
0.0110546	0.00561512
0.0112137	0.00575657
0.0113751	0.00590127
0.0115387	0.00604927
0.0117048	0.00620064
0.0118732	0.00635544
0.0120441	0.00651374
0.0122174	0.00667559
0.0123932	0.00684106
0.0125715	0.00701021
0.0127524	0.00718311
0.0129359	0.00735982
0.013122	0.00754041
0.0133108	0.00772494
0.0135024	0.00791348
0.0136967	0.00810609
0.0138938	0.00830284
0.0140937	0.0085038
0.0142965	0.00870902
0.0145022	0.00891858
0.0147109	0.00913254
0.0149226	0.00935097
0.0151373	0.00957393
0.0153551	0.00980148
0.0155761	0.0100337
0.0158002	0.0102706
0.0160276	0.0105124
0.0162582	0.0107589
0.0164921	0.0110104
0.0167294	0.0112669
0.0169702	0.0115284
0.0172144	0.011795
0.0174621	0.0120667
0.0177133	0.0123436
0.0179682	0.0126258
0.0182268	0.0129133
0.0184891	0.0132062
0.0187551	0.0135045
0.019025	0.0138083
0.0192987	0.0141175
0.0195764	0.0144324
0.0198581	0.0147528
0.0201439	0.0150788
0.0204337	0.0154106
0.0207278	0.015748
0.021026	0.0160912
0.0213286	0.0164401
0.0216355	0.0167948
0.0219468	0.0171554
0.0222626	0.0175217
0.022583	0.0178939
0.0229079	0.0182719
0.0232376	0.0186558
0.0235719	0.0190455
0.0239111	0.0194411
0.0242552	0.0198425
0.0246042	0.0202497
0.0249582	0.0206627
0.0253174	0.0210815
0.0256817	0.021506
0.0260512	0.0219362
0.0264261	0.022372
0.0268064	0.0228135
0.0271921	0.0232604
0.0275834	0.0237129
0.0279803	0.0241707
0.0283829	0.0246338
0.0287913	0.0251021
0.0292056	0.0255755
0.0296259	0.026054
0.0300522	0.0265373
0.0304846	0.0270253
0.0309233	0.027518
0.0313682	0.0280151
0.0318196	0.0285165
0.0322775	0.0290221
0.0327419	0.0295315
0.0332131	0.0300448
0.033691	0.0305616
0.0341758	0.0310817
0.0346675	0.0316049
0.0351664	0.032131
0.0356724	0.0326596
0.0361857	0.0331906
0.0367064	0.0337237
0.0372346	0.0342584
0.0377704	0.0347947
0.0383139	0.035332
0.0388652	0.03587
0.0394244	0.0364085
0.0399917	0.036947
0.0405672	0.0374851
0.0411509	0.0380224
0.0417431	0.0385586
0.0423437	0.0390931
0.0429531	0.0396255
0.0435711	0.0401554
0.0441981	0.0406821
0.0448341	0.0412054
0.0454792	0.0417245
0.0461336	0.042239
0.0467975	0.0427482
0.0474709	0.0432517
0.0481539	0.0437488
0.0488469	0.0442389
0.0495497	0.0447213
0.0502627	0.0451954
0.050986	0.0456606
0.0517197	0.0461161
0.0524639	0.0465612
0.0532188	0.0469952
0.0539846	0.0474174
0.0547614	0.047827
0.0555494	0.0482232
0.0563487	0.0486052
0.0571595	0.0489723
0.057982	0.0493235
0.0588164	0.049658
0.0596627	0.049975
0.0605212	0.0502737
0.0613921	0.050553
0.0622755	0.0508122
0.0631716	0.0510502
0.0640806	0.0512663
0.0650027	0.0514594
0.065938	0.0516286
0.0668869	0.051773
0.0678493	0.0518915
0.0688256	0.0519833
0.069816	0.0520474
0.0708206	0.0520827
0.0718397	0.0520884
0.0728734	0.0520634
0.073922	0.0520067
0.0749857	0.0519175
0.0760647	0.0517946
0.0771593	0.0516372
0.0782696	0.0514443
0.0793958	0.0512149
0.0805383	0.0509482
0.0816972	0.0506431
0.0828728	0.0502989
0.0840653	0.0499145
0.0852749	0.0494891
0.086502	0.049022
0.0877467	0.0485122
0.0890093	0.047959
0.0902901	0.0473616
0.0915894	0.0467193
0.0929073	0.0460314
0.0942442	0.0452972
0.0956003	0.0445162
0.0969759	0.0436877
0.0983714	0.0428112
0.0997869	0.0418864
0.101223	0.0409126
0.102679	0.0398897
0.104157	0.0388172
0.105656	0.037695
0.107176	0.0365228
0.108718	0.0353006
0.110282	0.0340284
0.111869	0.032706
0.113479	0.0313338
0.115112	0.0299118
0.116768	0.0284404
0.118449	0.0269199
0.120153	0.0253507
0.121882	0.0237335
0.123636	0.0220688
0.125415	0.0203575
0.12722	0.0186002
0.12905	0.0167981
0.130907	0.0149521
0.132791	0.0130634
0.134702	0.0111332
0.13664	0.00916299
0.138606	0.00715415
0.140601	0.00510833
0.142624	0.00302723
0.144676	0.000912695
0.146758	-0.00123333
0.14887	-0.00340879
0.151012	-0.00561149
0.153185	-0.00783912
0.155389	-0.0100893
0.157625	-0.0123594
0.159893	-0.0146468
0.162194	-0.0169489
0.164528	-0.0192625
0.166895	-0.0215849
0.169297	-0.0239128
0.171733	-0.026243
0.174204	-0.0285723
0.176711	-0.0308972
0.179253	-0.0332142
0.181833	-0.0355196
0.184449	-0.0378098
0.187103	-0.040081
0.189796	-0.0423293
0.192527	-0.0445508
0.195297	-0.0467414
0.198107	-0.0488971
0.200958	-0.0510137
0.20385	-0.0530871
0.206783	-0.055113
0.209759	-0.0570872
0.212777	-0.0590054
0.215839	-0.0608632
0.218944	-0.0626565
0.222095	-0.0643808
0.225291	-0.0660319
0.228533	-0.0676055
0.231821	-0.0690973
0.235157	-0.0705031
0.238541	-0.0718188
0.241973	-0.0730403
0.245455	-0.0741636
0.248987	-0.0751846
0.25257	-0.0760996
0.256204	-0.0769047
0.259891	-0.0775965
0.26363	-0.0781714
0.267424	-0.0786259
0.271272	-0.078957
0.275175	-0.0791615
0.279135	-0.0792366
0.283152	-0.0791796
0.287226	-0.0789879
0.291359	-0.0786594
0.295552	-0.0781919
0.299804	-0.0775835
0.304118	-0.0768326
0.308495	-0.075938
0.312934	-0.0748983
0.317437	-0.0737128
0.322004	-0.0723809
0.326638	-0.0709023
0.331338	-0.0692769
0.336106	-0.067505
0.340942	-0.0655872
0.345848	-0.0635242
0.350825	-0.0613174
0.355873	-0.0589681
0.360994	-0.0564782
0.366188	-0.0538498
0.371457	-0.0510854
0.376802	-0.0481876
0.382224	-0.0451596
0.387724	-0.0420049
0.393304	-0.0387271
0.398963	-0.0353303
0.404704	-0.031819
0.410527	-0.0281978
0.416435	-0.0244718
0.422427	-0.0206463
0.428505	-0.0167269
0.434671	-0.0127196
0.440926	-0.00863059
0.447271	-0.00446642
0.453707	-0.000233856
0.460235	0.00406006
0.466858	0.00840802
0.473576	0.0128025
0.48039	0.0172358
0.487303	0.0216998
0.494315	0.0261865
0.501428	0.0306875
0.508643	0.0351943
0.515962	0.0396983
0.523387	0.0441907
0.530918	0.0486626
0.538558	0.0531051
0.546307	0.0575091
0.554168	0.0618657
0.562142	0.0661656
0.570231	0.0703998
0.578437	0.0745593
0.58676	0.0786349
0.595203	0.0826178
0.603768	0.0864989
0.612456	0.0902697
0.621269	0.0939212
0.630208	0.0974451
0.639277	0.100833
0.648476	0.104077
0.657807	0.107169
0.667272	0.1101
0.676874	0.112865
0.686614	0.115455
0.696494	0.117864
0.706516	0.120085
0.716682	0.122112
0.726995	0.123938
0.737456	0.125559
0.748068	0.126969
0.758832	0.128164
0.769751	0.129139
0.780828	0.12989
0.792063	0.130414
0.803461	0.130707
0.815022	0.130768
0.82675	0.130593
0.838646	0.130181
0.850714	0.129532
0.862955	0.128643
0.875373	0.127516
0.887969	0.126149
0.900746	0.124544
0.913708	0.122701
0.926855	0.120623
0.940192	0.11831
0.953721	0.115765
0.967445	0.112992
0.981366	0.109992
0.995487	0.106769
1.00981	0.103328
1.02434	0.0996714
1.03908	0.0958048
1.05403	0.0917325
1.0692	0.0874595
1.08459	0.0829913
1.10019	0.0783331
1.11602	0.0734908
1.13208	0.0684704
1.14837	0.0632778
1.1649	0.0579194
1.18166	0.0524016
1.19866	0.0467308
1.21591	0.0409138
1.23341	0.0349573
1.25116	0.0288679
1.26916	0.0226526
1.28742	0.0163183
1.30595	0.00987171
1.32474	0.00331984
1.3438	-0.00333047
1.36314	-0.0100724
1.38275	-0.016899
1.40265	-0.0238037
1.42283	-0.0307797
1.44331	-0.0378203
1.46408	-0.044919
1.48514	-0.0520693
1.50651	-0.0592649
1.52819	-0.0664994
1.55018	-0.0737666
1.57249	-0.0810606
1.59511	-0.0883753
1.61807	-0.0957049
1.64135	-0.103044
1.66497	-0.110386
1.68893	-0.117727
1.71323	-0.12506
1.73788	-0.132381
1.76289	-0.139684
1.78826	-0.146965
1.81399	-0.154219
1.84009	-0.16144
1.86657	-0.168625
1.89343	-0.175769
1.92067	-0.182867
1.94831	-0.189915
1.97635	-0.19691
2.00478	-0.203847
2.03363	-0.210721
2.0629	-0.217531
2.09258	-0.22427
2.12269	-0.230937
2.15323	-0.237527
2.18422	-0.244037
2.21565	-0.250464
2.24753	-0.256804
2.27987	-0.263054
2.31268	-0.269211
2.34596	-0.275272
2.37971	-0.281234
2.41396	-0.287094
2.44869	-0.292848
2.48393	-0.298495
2.51967	-0.304031
2.55593	-0.309455
2.5927	-0.314762
2.63001	-0.31995
2.66786	-0.325018
2.70625	-0.329962
2.74519	-0.33478
2.78469	-0.33947
2.82476	-0.344028
2.86541	-0.348454
2.90664	-0.352745
2.94846	-0.356898
2.99089	-0.360911
3.03393	-0.364783
3.07758	-0.368511
3.12187	-0.372094
3.16679	-0.375529
3.21236	-0.378815
3.25858	-0.38195
3.30547	-0.384931
3.35304	-0.387759
3.40128	-0.390431
3.45023	-0.392945
3.49987	-0.395301
3.55023	-0.397496
3.60132	-0.399531
3.65314	-0.401403
3.70571	-0.403112
3.75903	-0.404657
3.81312	-0.406037
3.86799	-0.407252
3.92365	-0.408301
3.98011	-0.409184
4.03738	-0.409899
4.09548	-0.410448
4.15441	-0.410831
4.21419	-0.411046
4.27483	-0.411095
4.33634	-0.410978
4.39874	-0.410696
4.46203	-0.410249
4.52624	-0.409637
4.59137	-0.408863
4.65744	-0.407927
4.72446	-0.40683
4.79244	-0.405575
4.8614	-0.404162
4.93135	-0.402593
5.00231	-0.40087
5.07429	-0.398995
5.14731	-0.396971
5.22138	-0.3948
5.29651	-0.392484
5.37272	-0.390026
5.45003	-0.387428
5.52846	-0.384695
5.60801	-0.381828
5.6887	-0.37883
5.77056	-0.375706
5.8536	-0.372459
5.93783	-0.369091
6.02327	-0.365608
6.10994	-0.362011
6.19786	-0.358306
6.28704	-0.354497
6.37751	-0.350586
6.46928	-0.346579
6.56237	-0.342479
6.6568	-0.338291
6.75259	-0.334019
6.84975	-0.329667
6.94832	-0.325239
7.0483	-0.32074
7.14972	-0.316174
7.2526	-0.311546
7.35696	-0.306859
7.46283	-0.302119
7.57021	-0.297329
7.67914	-0.292494
7.78964	-0.287618
7.90173	-0.282706
8.01543	-0.277761
8.13077	-0.272787
8.24777	-0.26779
8.36645	-0.262772
8.48684	-0.257738
8.60896	-0.252691
8.73284	-0.247635
8.8585	-0.242575
8.98597	-0.237512
9.11527	-0.232452
9.24643	-0.227397
9.37949	-0.22235
9.51445	-0.217315
9.65136	-0.212295
9.79024	-0.207291
9.93111	-0.202308
10.074	-0.197348
10.219	-0.192413
10.366	-0.187506
10.5152	-0.182628
10.6665	-0.177782
10.82	-0.17297
10.9757	-0.168193
11.1336	-0.163453
11.2938	-0.158752
11.4563	-0.15409
11.6212	-0.14947
11.7884	-0.144891
11.958	-0.140356
12.1301	-0.135864
12.3046	-0.131417
12.4817	-0.127014
12.6613	-0.122656
12.8435	-0.118343
13.0283	-0.114076
13.2158	-0.109853
13.4059	-0.105675
13.5988	-0.101541
13.7945	-0.0974503
13.993	-0.0934025
14.1944	-0.0893965
14.3986	-0.085431
14.6058	-0.0815049
14.816	-0.0776167
15.0292	-0.0737648
15.2454	-0.0699473
15.4648	-0.0661624
15.6873	-0.0624078
15.9131	-0.0586811
16.1421	-0.0549798
16.3743	-0.051301
16.61	-0.0476419
16.849	-0.0439991
17.0914	-0.0403692
17.3373	-0.0367485
17.5868	-0.0331328
17.8399	-0.0295179
18.0966	-0.0258993
18.357	-0.0222719
18.6211	-0.0186305
18.8891	-0.0149694
19.1609	-0.0112825
19.4366	-0.00756339
19.7163	-0.00380505
