3.7594e-06	1.0019e-14
7.5188e-06	8.01516e-14
1.12782e-05	2.7051e-13
1.50376e-05	6.41205e-13
1.8797e-05	1.25234e-12
2.25564e-05	2.16402e-12
2.63158e-05	3.43633e-12
3.00752e-05	5.12937e-12
3.38346e-05	7.3032e-12
3.7594e-05	1.00179e-11
4.13534e-05	1.33335e-11
4.51128e-05	1.73101e-11
4.88722e-05	2.20077e-11
5.26316e-05	2.74863e-11
5.6391e-05	3.38059e-11
6.01504e-05	4.10265e-11
6.39098e-05	4.92081e-11
6.76692e-05	5.84106e-11
7.14286e-05	6.8694e-11
7.5188e-05	8.01182e-11
7.89474e-05	9.27431e-11
8.27068e-05	1.06629e-10
8.64662e-05	1.21835e-10
9.02256e-05	1.38421e-10
9.3985e-05	1.56448e-10
9.77444e-05	1.75975e-10
0.000101504	1.97062e-10
0.000105263	2.19768e-10
0.000109023	2.44155e-10
0.000112782	2.7028e-10
0.000116541	2.98206e-10
0.000120301	3.2799e-10
0.00012406	3.59693e-10
0.00012782	3.93375e-10
0.000131579	4.29095e-10
0.000135338	4.66913e-10
0.000139098	5.06889e-10
0.000142857	5.49083e-10
0.000146617	5.93555e-10
0.000150376	6.40363e-10
0.000154135	6.89568e-10
0.000157895	7.4123e-10
0.000161654	7.95408e-10
0.000165414	8.52162e-10
0.000169173	9.11551e-10
0.000172932	9.73635e-10
0.000176692	1.03847e-09
0.000180451	1.10613e-09
0.000184211	1.17665e-09
0.00018797	1.25012e-09
0.000191729	1.32657e-09
0.000195489	1.40608e-09
0.000199248	1.4887e-09
0.000203008	1.57449e-09
0.000206767	1.66351e-09
0.000210526	1.75582e-09
0.000214286	1.85148e-09
0.000218045	1.95056e-09
0.000221805	2.0531e-09
0.000225564	2.15917e-09
0.000229323	2.26883e-09
0.000233083	2.38214e-09
0.000236842	2.49916e-09
0.000240602	2.61994e-09
0.000244361	2.74454e-09
0.00024812	2.87304e-09
0.00025188	3.00548e-09
0.000255639	3.14192e-09
0.000259398	3.28243e-09
0.000263158	3.42705e-09
0.000266881	3.5744e-09
0.000270656	3.72809e-09
0.000274486	3.88837e-09
0.000278369	4.05555e-09
0.000282307	4.22991e-09
0.000286301	4.41176e-09
0.000290351	4.60143e-09
0.000294459	4.79924e-09
0.000298625	5.00556e-09
0.000302849	5.22074e-09
0.000307134	5.44517e-09
0.000311479	5.67924e-09
0.000315885	5.92337e-09
0.000320354	6.17799e-09
0.000324886	6.44355e-09
0.000329483	6.72052e-09
0.000334144	7.00938e-09
0.000338871	7.31066e-09
0.000343665	7.62488e-09
0.000348527	7.95259e-09
0.000353458	8.29439e-09
0.000358458	8.65087e-09
0.00036353	9.02266e-09
0.000368673	9.41042e-09
0.000373888	9.81483e-09
0.000379178	1.02366e-08
0.000384542	1.06765e-08
0.000389982	1.11353e-08
0.000395499	1.16138e-08
0.000401095	1.21129e-08
0.000406769	1.26333e-08
0.000412524	1.31762e-08
0.00041836	1.37423e-08
0.000424278	1.43328e-08
0.000430281	1.49486e-08
0.000436368	1.55908e-08
0.000442542	1.62606e-08
0.000448802	1.69592e-08
0.000455152	1.76878e-08
0.000461591	1.84476e-08
0.000468121	1.92401e-08
0.000474744	2.00666e-08
0.00048146	2.09285e-08
0.000488271	2.18275e-08
0.000495179	2.27651e-08
0.000502184	2.37428e-08
0.000509289	2.47626e-08
0.000516494	2.58261e-08
0.000523801	2.69353e-08
0.000531211	2.80921e-08
0.000538726	2.92985e-08
0.000546348	3.05566e-08
0.000554077	3.18688e-08
0.000561916	3.32373e-08
0.000569865	3.46644e-08
0.000577927	3.61528e-08
0.000586104	3.77051e-08
0.000594395	3.93239e-08
0.000602804	4.10122e-08
0.000611332	4.2773e-08
0.000619981	4.46092e-08
0.000628752	4.65242e-08
0.000637647	4.85213e-08
0.000646668	5.06041e-08
0.000655817	5.27762e-08
0.000665095	5.50414e-08
0.000674504	5.74037e-08
0.000684046	5.98674e-08
0.000693724	6.24367e-08
0.000703538	6.51161e-08
0.000713491	6.79104e-08
0.000723585	7.08245e-08
0.000733822	7.38635e-08
0.000744203	7.70328e-08
0.000754732	8.03378e-08
0.000765409	8.37846e-08
0.000776238	8.7379e-08
0.000787219	9.11275e-08
0.000798356	9.50366e-08
0.000809651	9.91132e-08
0.000821105	1.03364e-07
0.000832722	1.07798e-07
0.000844502	1.12421e-07
0.00085645	1.17242e-07
0.000868566	1.2227e-07
0.000880854	1.27513e-07
0.000893316	1.32981e-07
0.000905953	1.38683e-07
0.00091877	1.44629e-07
0.000931768	1.5083e-07
0.00094495	1.57296e-07
0.000958319	1.64039e-07
0.000971876	1.7107e-07
0.000985626	1.78403e-07
0.00099957	1.86049e-07
0.00101371	1.94023e-07
0.00102805	2.02337e-07
0.0010426	2.11008e-07
0.00105735	2.2005e-07
0.0010723	2.29478e-07
0.00108747	2.3931e-07
0.00110286	2.49562e-07
0.00111846	2.60253e-07
0.00113428	2.71401e-07
0.00115033	2.83025e-07
0.00116661	2.95147e-07
0.00118311	3.07787e-07
0.00119985	3.20968e-07
0.00121682	3.34712e-07
0.00123404	3.49043e-07
0.0012515	3.63987e-07
0.0012692	3.79569e-07
0.00128716	3.95818e-07
0.00130537	4.1276e-07
0.00132383	4.30427e-07
0.00134256	4.48848e-07
0.00136156	4.68056e-07
0.00138082	4.88084e-07
0.00140035	5.08967e-07
0.00142016	5.30742e-07
0.00144026	5.53447e-07
0.00146063	5.77121e-07
0.00148129	6.01805e-07
0.00150225	6.27543e-07
0.0015235	6.5438e-07
0.00154506	6.82361e-07
0.00156692	7.11536e-07
0.00158908	7.41956e-07
0.00161156	7.73673e-07
0.00163436	8.06742e-07
0.00165749	8.41222e-07
0.00168093	8.77172e-07
0.00170471	9.14654e-07
0.00172883	9.53734e-07
0.00175329	9.94479e-07
0.00177809	1.03696e-06
0.00180325	1.08125e-06
0.00182876	1.12743e-06
0.00185463	1.17558e-06
0.00188087	1.22577e-06
0.00190748	1.2781e-06
0.00193446	1.33266e-06
0.00196183	1.38955e-06
0.00198959	1.44885e-06
0.00201773	1.51068e-06
0.00204628	1.57514e-06
0.00207523	1.64234e-06
0.00210459	1.7124e-06
0.00213436	1.78543e-06
0.00216456	1.86158e-06
0.00219518	1.94096e-06
0.00222623	2.02371e-06
0.00225773	2.10998e-06
0.00228967	2.19992e-06
0.00232206	2.29367e-06
0.00235491	2.39141e-06
0.00238823	2.4933e-06
0.00242202	2.59951e-06
0.00245628	2.71023e-06
0.00249103	2.82565e-06
0.00252627	2.94597e-06
0.00256201	3.07139e-06
0.00259826	3.20214e-06
0.00263502	3.33842e-06
0.00267229	3.48049e-06
0.0027101	3.62857e-06
0.00274844	3.78293e-06
0.00278732	3.94383e-06
0.00282676	4.11155e-06
0.00286675	4.28636e-06
0.0029073	4.46858e-06
0.00294843	4.65851e-06
0.00299015	4.85648e-06
0.00303245	5.06283e-06
0.00307535	5.2779e-06
0.00311886	5.50207e-06
0.00316298	5.73571e-06
0.00320773	5.97923e-06
0.00325311	6.23304e-06
0.00329913	6.49757e-06
0.0033458	6.77327e-06
0.00339314	7.06061e-06
0.00344114	7.36008e-06
0.00348982	7.67219e-06
0.0035392	7.99746e-06
0.00358927	8.33645e-06
0.00364004	8.68973e-06
0.00369154	9.0579e-06
0.00374377	9.44159e-06
0.00379673	9.84144e-06
0.00385044	1.02581e-05
0.00390492	1.06923e-05
0.00396016	1.11448e-05
0.00401618	1.16164e-05
0.004073	1.21078e-05
0.00413062	1.26198e-05
0.00418906	1.31533e-05
0.00424833	1.37093e-05
0.00430843	1.42886e-05
0.00436938	1.48922e-05
0.00443119	1.55212e-05
0.00449388	1.61766e-05
0.00455746	1.68594e-05
0.00462194	1.75709e-05
0.00468732	1.83122e-05
0.00475364	1.90845e-05
0.00482089	1.98892e-05
0.00488909	2.07275e-05
0.00495826	2.1601e-05
0.0050284	2.2511e-05
0.00509954	2.3459e-05
0.00517168	2.44466e-05
0.00524485	2.54755e-05
0.00531905	2.65474e-05
0.0053943	2.7664e-05
0.00547061	2.88272e-05
0.00554801	3.00389e-05
0.0056265	3.13011e-05
0.0057061	3.26159e-05
0.00578682	3.39854e-05
0.00586869	3.5412e-05
0.00595172	3.68979e-05
0.00603592	3.84456e-05
0.00612131	4.00576e-05
0.00620791	4.17366e-05
0.00629573	4.34853e-05
0.0063848	4.53066e-05
0.00647513	4.72034e-05
0.00656673	4.91789e-05
0.00665963	5.12362e-05
0.00675385	5.33787e-05
0.0068494	5.56099e-05
0.0069463	5.79334e-05
0.00704457	6.0353e-05
0.00714423	6.28725e-05
0.0072453	6.54961e-05
0.0073478	6.82279e-05
0.00745175	7.10725e-05
0.00755717	7.40343e-05
0.00766409	7.71181e-05
0.00777251	8.03289e-05
0.00788247	8.36717e-05
0.00799399	8.7152e-05
0.00810708	9.07754e-05
0.00822177	9.45475e-05
0.00833809	9.84744e-05
0.00845605	0.000102562
0.00857568	0.000106818
0.008697	0.000111248
0.00882004	0.000115859
0.00894482	0.000120658
0.00907137	0.000125654
0.0091997	0.000130853
0.00932985	0.000136265
0.00946184	0.000141898
0.0095957	0.000147759
0.00973145	0.00015386
0.00986913	0.000160208
0.0100087	0.000166815
0.0101503	0.00017369
0.0102939	0.000180844
0.0104396	0.000188288
0.0105873	0.000196033
0.010737	0.000204092
0.0108889	0.000212476
0.011043	0.000221199
0.0111992	0.000230275
0.0113577	0.000239716
0.0115183	0.000249537
0.0116813	0.000259754
0.0118466	0.000270382
0.0120141	0.000281436
0.0121841	0.000292935
0.0123565	0.000304894
0.0125313	0.000317331
0.0127086	0.000330267
0.0128884	0.000343719
0.0130707	0.000357709
0.0132556	0.000372256
0.0134432	0.000387383
0.0136333	0.000403111
0.0138262	0.000419465
0.0140218	0.000436468
0.0142202	0.000454145
0.0144214	0.000472522
0.0146254	0.000491626
0.0148323	0.000511484
0.0150421	0.000532127
0.0152549	0.000553583
0.0154707	0.000575883
0.0156896	0.00059906
0.0159116	0.000623147
0.0161367	0.000648178
0.016365	0.000674189
0.0165965	0.000701217
0.0168313	0.0007293
0.0170694	0.000758478
0.0173109	0.000788792
0.0175558	0.000820285
0.0178042	0.000853
0.018056	0.000886983
0.0183115	0.000922281
0.0185705	0.000958943
0.0188333	0.000997019
0.0190997	0.00103656
0.0193699	0.00107763
0.0196439	0.00112027
0.0199218	0.00116454
0.0202037	0.00121051
0.0204895	0.00125824
0.0207794	0.00130778
0.0210734	0.00135921
0.0213715	0.0014126
0.0216738	0.00146801
0.0219805	0.00152551
0.0222914	0.00158519
0.0226068	0.00164712
0.0229266	0.00171139
0.023251	0.00177806
0.0235799	0.00184724
0.0239135	0.001919
0.0242518	0.00199344
0.0245949	0.00207066
0.0249428	0.00215075
0.0252957	0.00223381
0.0256536	0.00231994
0.0260165	0.00240926
0.0263846	0.00250187
0.0267578	0.00259788
0.0271364	0.00269741
0.0275203	0.00280059
0.0279096	0.00290753
0.0283045	0.00301837
0.0287049	0.00313323
0.029111	0.00325226
0.0295228	0.00337559
0.0299405	0.00350336
0.0303641	0.00363573
0.0307936	0.00377284
0.0312293	0.00391486
0.0316711	0.00406194
0.0321192	0.00421425
0.0325736	0.00437196
0.0330344	0.00453525
0.0335017	0.00470429
0.0339757	0.00487927
0.0344564	0.00506039
0.0349438	0.00524782
0.0354382	0.00544179
0.0359395	0.00564248
0.036448	0.00585011
0.0369636	0.00606491
0.0374865	0.00628708
0.0380169	0.00651686
0.0385547	0.00675448
0.0391002	0.00700018
0.0396533	0.0072542
0.0402143	0.00751679
0.0407832	0.00778821
0.0413602	0.00806873
0.0419453	0.0083586
0.0425387	0.0086581
0.0431405	0.00896752
0.0437509	0.00928714
0.0443698	0.00961725
0.0449975	0.00995816
0.0456341	0.0103102
0.0462797	0.0106736
0.0469344	0.0110487
0.0475984	0.0114359
0.0482718	0.0118354
0.0489547	0.0122477
0.0496473	0.012673
0.0503497	0.0131117
0.051062	0.0135642
0.0517844	0.0140308
0.052517	0.0145118
0.05326	0.0150078
0.0540134	0.0155189
0.0547776	0.0160456
0.0555525	0.0165884
0.0563384	0.0171475
0.0571355	0.0177234
0.0579438	0.0183165
0.0587635	0.0189272
0.0595949	0.0195559
0.060438	0.020203
0.061293	0.0208689
0.0621601	0.0215541
0.0630395	0.022259
0.0639314	0.0229839
0.0648358	0.0237294
0.0657531	0.0244959
0.0666833	0.0252838
0.0676267	0.0260935
0.0685834	0.0269255
0.0695537	0.0277801
0.0705377	0.028658
0.0715356	0.0295594
0.0725476	0.0304847
0.073574	0.0314346
0.0746148	0.0324093
0.0756704	0.0334092
0.076741	0.0344349
0.0778266	0.0354867
0.0789277	0.0365651
0.0800443	0.0376703
0.0811767	0.0388029
0.0823251	0.0399632
0.0834898	0.0411516
0.0846709	0.0423685
0.0858688	0.0436142
0.0870836	0.044889
0.0883156	0.0461934
0.089565	0.0475276
0.0908321	0.0488919
0.0921171	0.0502866
0.0934204	0.0517119
0.094742	0.0531682
0.0960823	0.0546557
0.0974416	0.0561745
0.0988202	0.0577249
0.100218	0.059307
0.101636	0.060921
0.103074	0.0625669
0.104532	0.0642449
0.106011	0.065955
0.107511	0.0676973
0.109032	0.0694716
0.110574	0.071278
0.112138	0.0731164
0.113725	0.0749867
0.115334	0.0768888
0.116965	0.0788223
0.11862	0.0807872
0.120298	0.082783
0.122	0.0848095
0.123726	0.0868664
0.125477	0.0889531
0.127252	0.0910692
0.129052	0.0932142
0.130878	0.0953875
0.132729	0.0975885
0.134607	0.0998165
0.136511	0.102071
0.138443	0.10435
0.140401	0.106654
0.142388	0.108982
0.144402	0.111333
0.146445	0.113705
0.148517	0.116097
0.150618	0.118509
0.152749	0.120938
0.15491	0.123384
0.157101	0.125846
0.159324	0.128321
0.161578	0.130808
0.163863	0.133306
0.166182	0.135813
0.168533	0.138326
0.170917	0.140845
0.173335	0.143368
0.175787	0.145891
0.178274	0.148413
0.180796	0.150933
0.183354	0.153447
0.185948	0.155954
0.188579	0.158451
0.191246	0.160935
0.193952	0.163404
0.196696	0.165856
0.199479	0.168288
0.202301	0.170696
0.205163	0.173079
0.208065	0.175433
0.211009	0.177755
0.213994	0.180043
0.217021	0.182293
0.220092	0.184502
0.223205	0.186666
0.226363	0.188784
0.229565	0.19085
0.232813	0.192863
0.236107	0.194818
0.239447	0.196713
0.242835	0.198543
0.24627	0.200305
0.249754	0.201996
0.253287	0.203612
0.256871	0.205149
0.260505	0.206605
0.26419	0.207974
0.267928	0.209255
0.271718	0.210442
0.275562	0.211533
0.279461	0.212524
0.283414	0.213411
0.287424	0.214191
0.29149	0.21486
0.295614	0.215415
0.299796	0.215852
0.304037	0.216168
0.308339	0.21636
0.312701	0.216424
0.317125	0.216356
0.321611	0.216155
0.326161	0.215816
0.330775	0.215337
0.335455	0.214715
0.340201	0.213946
0.345013	0.213029
0.349894	0.21196
0.354845	0.210738
0.359865	0.209359
0.364956	0.207821
0.370119	0.206123
0.375355	0.204262
0.380665	0.202236
0.386051	0.200043
0.391512	0.197683
0.397051	0.195152
0.402668	0.192451
0.408365	0.189578
0.414142	0.186531
0.420001	0.18331
0.425943	0.179914
0.431969	0.176343
0.43808	0.172595
0.444278	0.168672
0.450563	0.164572
0.456937	0.160296
0.463402	0.155844
0.469957	0.151216
0.476606	0.146414
0.483349	0.141437
0.490187	0.136286
0.497121	0.130963
0.504154	0.125469
0.511287	0.119805
0.51852	0.113973
0.525856	0.107975
0.533295	0.101812
0.54084	0.0954867
0.548491	0.0890013
0.556251	0.0823581
0.56412	0.0755598
0.572101	0.0686092
0.580195	0.0615092
0.588403	0.0542629
0.596727	0.0468737
0.605169	0.039345
0.613731	0.0316804
0.622413	0.0238837
0.631219	0.0159588
0.640149	0.00790988
0.649205	-0.000258827
0.658389	-0.0085429
0.667704	-0.0169378
0.67715	-0.0254388
0.68673	-0.034041
0.696445	-0.0427394
0.706298	-0.051529
0.71629	-0.0604045
0.726424	-0.0693605
0.736701	-0.0783914
0.747123	-0.0874918
0.757693	-0.0966559
0.768412	-0.105878
0.779283	-0.115152
0.790307	-0.124472
0.801488	-0.133832
0.812827	-0.143225
0.824326	-0.152646
0.835988	-0.162089
0.847815	-0.171546
0.859809	-0.181012
0.871973	-0.19048
0.884309	-0.199943
0.89682	-0.209396
0.909507	-0.218831
0.922374	-0.228242
0.935424	-0.237622
0.948657	-0.246965
0.962078	-0.256264
0.975689	-0.265512
0.989492	-0.274704
1.00349	-0.283831
1.01769	-0.292889
1.03208	-0.301869
1.04669	-0.310766
1.06149	-0.319574
1.07651	-0.328286
1.09174	-0.336895
1.10719	-0.345396
1.12285	-0.353783
1.13873	-0.362049
1.15484	-0.370188
1.17118	-0.378196
1.18775	-0.386066
1.20455	-0.393794
1.2216	-0.401372
1.23888	-0.408798
1.2564	-0.416065
1.27418	-0.42317
1.29221	-0.430107
1.31049	-0.436872
1.32903	-0.443461
1.34783	-0.44987
1.3669	-0.456095
1.38623	-0.462133
1.40585	-0.467981
1.42573	-0.473635
1.44591	-0.479093
1.46636	-0.484352
1.48711	-0.48941
1.50814	-0.494264
1.52948	-0.498912
1.55112	-0.503353
1.57306	-0.507586
1.59532	-0.511608
1.61789	-0.515419
1.64077	-0.519019
1.66399	-0.522405
1.68753	-0.525579
1.7114	-0.52854
1.73561	-0.531287
1.76017	-0.533822
1.78507	-0.536144
1.81032	-0.538254
1.83593	-0.540153
1.86191	-0.541842
1.88825	-0.543322
1.91496	-0.544596
1.94205	-0.545663
1.96953	-0.546527
1.99739	-0.547189
2.02565	-0.547651
2.05431	-0.547916
2.08337	-0.547986
2.11284	-0.547864
2.14273	-0.547554
2.17305	-0.547057
2.20379	-0.546377
2.23497	-0.545517
2.26659	-0.544482
2.29865	-0.543273
2.33117	-0.541896
2.36415	-0.540353
2.3976	-0.538649
2.43152	-0.536787
2.46592	-0.534772
2.5008	-0.532607
2.53618	-0.530296
2.57206	-0.527843
2.60845	-0.525253
2.64535	-0.522529
2.68278	-0.519675
2.72073	-0.516695
2.75922	-0.513593
2.79826	-0.510372
2.83784	-0.507035
2.87799	-0.503588
2.91871	-0.500032
2.96	-0.496371
3.00188	-0.492608
3.04434	-0.488746
3.08741	-0.484788
3.13109	-0.480736
3.17539	-0.476594
3.22031	-0.472363
3.26587	-0.468047
3.31207	-0.463647
3.35893	-0.459165
3.40645	-0.454603
3.45464	-0.449965
3.50351	-0.44525
3.55308	-0.440462
3.60335	-0.435602
3.65432	-0.430672
3.70602	-0.425674
3.75845	-0.42061
3.81162	-0.415481
3.86555	-0.410289
3.92023	-0.405036
3.97569	-0.399724
4.03194	-0.394355
4.08898	-0.38893
4.14683	-0.383452
4.20549	-0.377923
4.26499	-0.372344
4.32533	-0.366719
4.38652	-0.361049
4.44858	-0.355336
4.51151	-0.349583
4.57534	-0.343793
4.64007	-0.337968
4.70571	-0.33211
4.77228	-0.326223
4.8398	-0.320309
4.90827	-0.31437
4.97771	-0.308411
5.04813	-0.302433
5.11954	-0.296441
5.19197	-0.290437
5.26542	-0.284424
5.33992	-0.278407
5.41546	-0.272387
5.49207	-0.266369
5.56977	-0.260356
5.64857	-0.254352
5.72848	-0.24836
5.80952	-0.242384
5.89171	-0.236427
5.97506	-0.230494
6.05959	-0.224588
6.14532	-0.218712
6.23226	-0.21287
6.32043	-0.207067
6.40985	-0.201305
6.50053	-0.195588
6.59249	-0.189921
6.68576	-0.184306
6.78034	-0.178748
6.87627	-0.173249
6.97355	-0.167813
7.0722	-0.162443
7.17226	-0.157143
7.27372	-0.151916
7.37663	-0.146765
7.48099	-0.141693
7.58682	-0.136702
7.69415	-0.131796
7.803	-0.126977
7.9134	-0.122247
8.02535	-0.117609
8.13888	-0.113065
8.25403	-0.108617
8.3708	-0.104266
8.48922	-0.100014
8.60932	-0.0958625
8.73112	-0.0918131
8.85464	-0.0878667
8.97991	-0.0840241
9.10695	-0.080286
9.23579	-0.076653
9.36645	-0.0731254
9.49896	-0.0697033
9.63334	-0.0663869
9.76963	-0.0631758
9.90784	-0.0600697
10.048	-0.0570681
10.1902	-0.0541703
10.3343	-0.0513753
10.4805	-0.0486822
10.6288	-0.0460898
10.7792	-0.0435968
10.9317	-0.0412017
11.0863	-0.038903
11.2432	-0.036699
11.4022	-0.0345879
11.5635	-0.0325678
11.7271	-0.0306366
11.893	-0.0287924
12.0613	-0.0270329
12.2319	-0.0253559
12.405	-0.0237591
12.5805	-0.0222403
12.7584	-0.0207969
12.9389	-0.0194267
13.122	-0.0181271
13.3076	-0.0168956
13.4959	-0.0157298
13.6868	-0.0146273
13.8805	-0.0135854
14.0768	-0.0126017
14.276	-0.0116737
14.4779	-0.010799
14.6828	-0.00997512
14.8905	-0.00919958
15.1011	-0.00847
15.3148	-0.00778398
15.5314	-0.00713919
15.7512	-0.00653327
15.974	-0.00596395
16.2	-0.00542892
16.4292	-0.00492596
16.6616	-0.00445282
16.8973	-0.00400729
17.1364	-0.00358717
17.3788	-0.00319028
17.6247	-0.00281441
17.874	-0.00245737
18.1269	-0.00211692
18.3833	-0.00179081
18.6434	-0.00147674
18.9071	-0.00117232
19.1746	-0.000875083
19.4459	-0.000582464
19.721	-0.000291736
