3.7594e-06	3.52363e-15
7.5188e-06	2.8189e-14
1.12782e-05	9.51374e-14
1.50376e-05	2.25509e-13
1.8797e-05	4.40443e-13
2.25564e-05	7.61077e-13
2.63158e-05	1.20854e-12
3.00752e-05	1.80398e-12
3.38346e-05	2.56851e-12
3.7594e-05	3.52325e-12
4.13534e-05	4.68934e-12
4.51128e-05	6.08789e-12
4.88722e-05	7.74001e-12
5.26316e-05	9.6668e-12
5.6391e-05	1.18894e-11
6.01504e-05	1.44288e-11
6.39098e-05	1.73063e-11
6.76692e-05	2.05428e-11
7.14286e-05	2.41594e-11
7.5188e-05	2.81772e-11
7.89474e-05	3.26174e-11
8.27068e-05	3.75009e-11
8.64662e-05	4.28488e-11
9.02256e-05	4.86822e-11
9.3985e-05	5.50221e-11
9.77444e-05	6.18896e-11
0.000101504	6.93058e-11
0.000105263	7.72916e-11
0.000109023	8.58682e-11
0.000112782	9.50565e-11
0.000116541	1.04878e-10
0.000120301	1.15353e-10
0.00012406	1.26502e-10
0.00012782	1.38348e-10
0.000131579	1.50911e-10
0.000135338	1.64211e-10
0.000139098	1.78271e-10
0.000142857	1.9311e-10
0.000146617	2.08751e-10
0.000150376	2.25213e-10
0.000154135	2.42518e-10
0.000157895	2.60688e-10
0.000161654	2.79742e-10
0.000165414	2.99702e-10
0.000169173	3.20589e-10
0.000172932	3.42423e-10
0.000176692	3.65227e-10
0.000180451	3.8902e-10
0.000184211	4.13824e-10
0.00018797	4.3966e-10
0.000191729	4.66549e-10
0.000195489	4.94511e-10
0.000199248	5.23568e-10
0.000203008	5.5374e-10
0.000206767	5.85049e-10
0.000210526	6.17515e-10
0.000214286	6.51159e-10
0.000218045	6.86003e-10
0.000221805	7.22067e-10
0.000225564	7.59372e-10
0.000229323	7.97939e-10
0.000233083	8.37789e-10
0.000236842	8.78942e-10
0.000240602	9.21421e-10
0.000244361	9.65245e-10
0.00024812	1.01044e-09
0.00025188	1.05701e-09
0.000255639	1.105e-09
0.000259398	1.15442e-09
0.000263158	1.20528e-09
0.000266881	1.2571e-09
0.000270656	1.31115e-09
0.000274486	1.36752e-09
0.000278369	1.42632e-09
0.000282307	1.48764e-09
0.000286301	1.5516e-09
0.000290351	1.6183e-09
0.000294459	1.68787e-09
0.000298625	1.76043e-09
0.000302849	1.83611e-09
0.000307134	1.91504e-09
0.000311479	1.99737e-09
0.000315885	2.08323e-09
0.000320354	2.17277e-09
0.000324886	2.26617e-09
0.000329483	2.36358e-09
0.000334144	2.46517e-09
0.000338871	2.57113e-09
0.000343665	2.68164e-09
0.000348527	2.79689e-09
0.000353458	2.9171e-09
0.000358458	3.04247e-09
0.00036353	3.17323e-09
0.000368673	3.3096e-09
0.000373888	3.45183e-09
0.000379178	3.60017e-09
0.000384542	3.75489e-09
0.000389982	3.91624e-09
0.000395499	4.08453e-09
0.000401095	4.26004e-09
0.000406769	4.44309e-09
0.000412524	4.634e-09
0.00041836	4.83311e-09
0.000424278	5.04077e-09
0.000430281	5.25734e-09
0.000436368	5.48322e-09
0.000442542	5.71879e-09
0.000448802	5.96448e-09
0.000455152	6.22071e-09
0.000461591	6.48795e-09
0.000468121	6.76666e-09
0.000474744	7.05733e-09
0.00048146	7.36048e-09
0.000488271	7.67664e-09
0.000495179	8.00637e-09
0.000502184	8.35026e-09
0.000509289	8.7089e-09
0.000516494	9.08294e-09
0.000523801	9.47303e-09
0.000531211	9.87986e-09
0.000538726	1.03041e-08
0.000546348	1.07466e-08
0.000554077	1.12081e-08
0.000561916	1.16894e-08
0.000569865	1.21913e-08
0.000577927	1.27148e-08
0.000586104	1.32607e-08
0.000594395	1.38301e-08
0.000602804	1.44238e-08
0.000611332	1.50431e-08
0.000619981	1.56889e-08
0.000628752	1.63624e-08
0.000637647	1.70647e-08
0.000646668	1.77972e-08
0.000655817	1.85612e-08
0.000665095	1.93578e-08
0.000674504	2.01887e-08
0.000684046	2.10551e-08
0.000693724	2.19587e-08
0.000703538	2.29011e-08
0.000713491	2.38838e-08
0.000723585	2.49087e-08
0.000733822	2.59775e-08
0.000744203	2.70921e-08
0.000754732	2.82545e-08
0.000765409	2.94667e-08
0.000776238	3.07308e-08
0.000787219	3.20492e-08
0.000798356	3.3424e-08
0.000809651	3.48577e-08
0.000821105	3.63528e-08
0.000832722	3.7912e-08
0.000844502	3.9538e-08
0.00085645	4.12337e-08
0.000868566	4.30019e-08
0.000880854	4.48459e-08
0.000893316	4.67689e-08
0.000905953	4.87742e-08
0.00091877	5.08654e-08
0.000931768	5.30461e-08
0.00094495	5.53202e-08
0.000958319	5.76917e-08
0.000971876	6.01646e-08
0.000985626	6.27435e-08
0.00099957	6.54326e-08
0.00101371	6.82369e-08
0.00102805	7.11612e-08
0.0010426	7.42106e-08
0.00105735	7.73905e-08
0.0010723	8.07064e-08
0.00108747	8.41642e-08
0.00110286	8.77699e-08
0.00111846	9.15298e-08
0.00113428	9.54505e-08
0.00115033	9.95389e-08
0.00116661	1.03802e-07
0.00118311	1.08248e-07
0.00119985	1.12883e-07
0.00121682	1.17717e-07
0.00123404	1.22757e-07
0.0012515	1.28013e-07
0.0012692	1.33493e-07
0.00128716	1.39207e-07
0.00130537	1.45166e-07
0.00132383	1.51379e-07
0.00134256	1.57858e-07
0.00136156	1.64613e-07
0.00138082	1.71657e-07
0.00140035	1.79002e-07
0.00142016	1.8666e-07
0.00144026	1.94645e-07
0.00146063	2.02971e-07
0.00148129	2.11652e-07
0.00150225	2.20704e-07
0.0015235	2.30143e-07
0.00154506	2.39983e-07
0.00156692	2.50244e-07
0.00158908	2.60943e-07
0.00161156	2.72097e-07
0.00163436	2.83728e-07
0.00165749	2.95854e-07
0.00168093	3.08498e-07
0.00170471	3.2168e-07
0.00172883	3.35424e-07
0.00175329	3.49754e-07
0.00177809	3.64695e-07
0.00180325	3.80272e-07
0.00182876	3.96512e-07
0.00185463	4.13445e-07
0.00188087	4.31098e-07
0.00190748	4.49504e-07
0.00193446	4.68692e-07
0.00196183	4.88698e-07
0.00198959	5.09555e-07
0.00201773	5.31299e-07
0.00204628	5.53969e-07
0.00207523	5.77603e-07
0.00210459	6.02242e-07
0.00213436	6.27929e-07
0.00216456	6.54708e-07
0.00219518	6.82626e-07
0.00222623	7.1173e-07
0.00225773	7.42071e-07
0.00228967	7.73701e-07
0.00232206	8.06674e-07
0.00235491	8.41048e-07
0.00238823	8.76882e-07
0.00242202	9.14237e-07
0.00245628	9.53177e-07
0.00249103	9.93771e-07
0.00252627	1.03609e-06
0.00256201	1.0802e-06
0.00259826	1.12618e-06
0.00263502	1.17411e-06
0.00267229	1.22407e-06
0.0027101	1.27615e-06
0.00274844	1.33044e-06
0.00278732	1.38703e-06
0.00282676	1.44601e-06
0.00286675	1.5075e-06
0.0029073	1.57158e-06
0.00294843	1.63838e-06
0.00299015	1.708e-06
0.00303245	1.78057e-06
0.00307535	1.85621e-06
0.00311886	1.93505e-06
0.00316298	2.01722e-06
0.00320773	2.10287e-06
0.00325311	2.19213e-06
0.00329913	2.28517e-06
0.0033458	2.38213e-06
0.00339314	2.48319e-06
0.00344114	2.58851e-06
0.00348982	2.69828e-06
0.0035392	2.81267e-06
0.00358927	2.93189e-06
0.00364004	3.05614e-06
0.00369154	3.18563e-06
0.00374377	3.32057e-06
0.00379673	3.46119e-06
0.00385044	3.60774e-06
0.00390492	3.76045e-06
0.00396016	3.9196e-06
0.00401618	4.08543e-06
0.004073	4.25825e-06
0.00413062	4.43832e-06
0.00418906	4.62597e-06
0.00424833	4.8215e-06
0.00430843	5.02524e-06
0.00436938	5.23753e-06
0.00443119	5.45874e-06
0.00449388	5.68923e-06
0.00455746	5.92938e-06
0.00462194	6.1796e-06
0.00468732	6.44031e-06
0.00475364	6.71193e-06
0.00482089	6.99494e-06
0.00488909	7.28979e-06
0.00495826	7.59697e-06
0.0050284	7.91701e-06
0.00509954	8.25043e-06
0.00517168	8.59778e-06
0.00524485	8.95964e-06
0.00531905	9.33661e-06
0.0053943	9.72931e-06
0.00547061	1.01384e-05
0.00554801	1.05646e-05
0.0056265	1.10085e-05
0.0057061	1.14709e-05
0.00578682	1.19525e-05
0.00586869	1.24542e-05
0.00595172	1.29768e-05
0.00603592	1.35211e-05
0.00612131	1.40881e-05
0.00620791	1.46786e-05
0.00629573	1.52936e-05
0.0063848	1.59341e-05
0.00647513	1.66012e-05
0.00656673	1.7296e-05
0.00665963	1.80195e-05
0.00675385	1.87731e-05
0.0068494	1.95578e-05
0.0069463	2.03749e-05
0.00704457	2.12259e-05
0.00714423	2.2112e-05
0.0072453	2.30347e-05
0.0073478	2.39955e-05
0.00745175	2.49959e-05
0.00755717	2.60375e-05
0.00766409	2.71221e-05
0.00777251	2.82513e-05
0.00788247	2.9427e-05
0.00799399	3.0651e-05
0.00810708	3.19253e-05
0.00822177	3.32519e-05
0.00833809	3.4633e-05
0.00845605	3.60707e-05
0.00857568	3.75673e-05
0.008697	3.91252e-05
0.00882004	4.07469e-05
0.00894482	4.24349e-05
0.00907137	4.41918e-05
0.0091997	4.60205e-05
0.00932985	4.79238e-05
0.00946184	4.99047e-05
0.0095957	5.19663e-05
0.00973145	5.41118e-05
0.00986913	5.63446e-05
0.0100087	5.86681e-05
0.0101503	6.10859e-05
0.0102939	6.36019e-05
0.0104396	6.62198e-05
0.0105873	6.89438e-05
0.010737	7.1778e-05
0.0108889	7.47268e-05
0.011043	7.77948e-05
0.0111992	8.09865e-05
0.0113577	8.43069e-05
0.0115183	8.77611e-05
0.0116813	9.13544e-05
0.0118466	9.5092e-05
0.0120141	9.89798e-05
0.0121841	0.000103024
0.0123565	0.00010723
0.0125313	0.000111604
0.0127086	0.000116153
0.0128884	0.000120884
0.0130707	0.000125804
0.0132556	0.000130921
0.0134432	0.000136241
0.0136333	0.000141772
0.0138262	0.000147524
0.0140218	0.000153503
0.0142202	0.00015972
0.0144214	0.000166183
0.0146254	0.000172902
0.0148323	0.000179886
0.0150421	0.000187146
0.0152549	0.000194692
0.0154707	0.000202535
0.0156896	0.000210686
0.0159116	0.000219157
0.0161367	0.000227961
0.016365	0.000237108
0.0165965	0.000246614
0.0168313	0.000256491
0.0170694	0.000266753
0.0173109	0.000277414
0.0175558	0.00028849
0.0178042	0.000299995
0.018056	0.000311947
0.0183115	0.000324361
0.0185705	0.000337255
0.0188333	0.000350646
0.0190997	0.000364553
0.0193699	0.000378995
0.0196439	0.000393991
0.0199218	0.000409562
0.0202037	0.000425729
0.0204895	0.000442514
0.0207794	0.000459938
0.0210734	0.000478026
0.0213715	0.000496801
0.0216738	0.000516288
0.0219805	0.000536513
0.0222914	0.000557502
0.0226068	0.000579283
0.0229266	0.000601883
0.023251	0.000625332
0.0235799	0.000649661
0.0239135	0.0006749
0.0242518	0.000701081
0.0245949	0.000728237
0.0249428	0.000756404
0.0252957	0.000785615
0.0256536	0.000815907
0.0260165	0.000847319
0.0263846	0.000879888
0.0267578	0.000913654
0.0271364	0.00094866
0.0275203	0.000984946
0.0279096	0.00102256
0.0283045	0.00106154
0.0287049	0.00110193
0.029111	0.00114379
0.0295228	0.00118717
0.0299405	0.0012321
0.0303641	0.00127866
0.0307936	0.00132688
0.0312293	0.00137682
0.0316711	0.00142855
0.0321192	0.00148211
0.0325736	0.00153758
0.0330344	0.00159501
0.0335017	0.00165446
0.0339757	0.00171599
0.0344564	0.00177969
0.0349438	0.00184561
0.0354382	0.00191382
0.0359395	0.0019844
0.036448	0.00205743
0.0369636	0.00213296
0.0374865	0.0022111
0.0380169	0.00229191
0.0385547	0.00237548
0.0391002	0.00246188
0.0396533	0.00255122
0.0402143	0.00264357
0.0407832	0.00273902
0.0413602	0.00283767
0.0419453	0.00293962
0.0425387	0.00304495
0.0431405	0.00315376
0.0437509	0.00326617
0.0443698	0.00338226
0.0449975	0.00350215
0.0456341	0.00362594
0.0462797	0.00375374
0.0469344	0.00388566
0.0475984	0.00402182
0.0482718	0.00416234
0.0489547	0.00430732
0.0496473	0.00445689
0.0503497	0.00461118
0.051062	0.0047703
0.0517844	0.00493439
0.052517	0.00510357
0.05326	0.00527796
0.0540134	0.00545772
0.0547776	0.00564296
0.0555525	0.00583382
0.0563384	0.00603045
0.0571355	0.00623298
0.0579438	0.00644155
0.0587635	0.0066563
0.0595949	0.00687739
0.060438	0.00710495
0.061293	0.00733913
0.0621601	0.00758009
0.0630395	0.00782796
0.0639314	0.0080829
0.0648358	0.00834506
0.0657531	0.00861459
0.0666833	0.00889165
0.0676267	0.00917639
0.0685834	0.00946895
0.0695537	0.0097695
0.0705377	0.0100782
0.0715356	0.0103952
0.0725476	0.0107206
0.073574	0.0110546
0.0746148	0.0113973
0.0756704	0.0117489
0.076741	0.0121096
0.0778266	0.0124795
0.0789277	0.0128586
0.0800443	0.0132473
0.0811767	0.0136455
0.0823251	0.0140535
0.0834898	0.0144714
0.0846709	0.0148993
0.0858688	0.0153373
0.0870836	0.0157855
0.0883156	0.0162442
0.089565	0.0167133
0.0908321	0.017193
0.0921171	0.0176834
0.0934204	0.0181845
0.094742	0.0186966
0.0960823	0.0192196
0.0974416	0.0197536
0.0988202	0.0202987
0.100218	0.0208549
0.101636	0.0214224
0.103074	0.022001
0.104532	0.022591
0.106011	0.0231922
0.107511	0.0238047
0.109032	0.0244285
0.110574	0.0250635
0.112138	0.0257098
0.113725	0.0263673
0.115334	0.0270359
0.116965	0.0277156
0.11862	0.0284063
0.120298	0.0291079
0.122	0.0298202
0.123726	0.0305432
0.125477	0.0312767
0.127252	0.0320205
0.129052	0.0327744
0.130878	0.0335383
0.132729	0.0343118
0.134607	0.0350948
0.136511	0.0358871
0.138443	0.0366882
0.140401	0.0374979
0.142388	0.0383159
0.144402	0.0391419
0.146445	0.0399753
0.148517	0.040816
0.150618	0.0416633
0.152749	0.0425169
0.15491	0.0433764
0.157101	0.0442411
0.159324	0.0451106
0.161578	0.0459843
0.163863	0.0468617
0.166182	0.0477421
0.168533	0.048625
0.170917	0.0495096
0.173335	0.0503953
0.175787	0.0512814
0.178274	0.0521671
0.180796	0.0530517
0.183354	0.0539344
0.185948	0.0548144
0.188579	0.0556907
0.191246	0.0565626
0.193952	0.0574292
0.196696	0.0582895
0.199479	0.0591426
0.202301	0.0599875
0.205163	0.0608232
0.208065	0.0616487
0.211009	0.062463
0.213994	0.0632649
0.217021	0.0640534
0.220092	0.0648275
0.223205	0.0655858
0.226363	0.0663274
0.229565	0.0670511
0.232813	0.0677556
0.236107	0.0684398
0.239447	0.0691024
0.242835	0.0697423
0.24627	0.0703582
0.249754	0.0709488
0.253287	0.0715129
0.256871	0.0720492
0.260505	0.0725565
0.26419	0.0730335
0.267928	0.0734789
0.271718	0.0738914
0.275562	0.0742698
0.279461	0.0746128
0.283414	0.0749191
0.287424	0.0751875
0.29149	0.0754168
0.295614	0.0756056
0.299796	0.0757528
0.304037	0.0758572
0.308339	0.0759175
0.312701	0.0759327
0.317125	0.0759015
0.321611	0.0758229
0.326161	0.0756958
0.330775	0.075519
0.335455	0.0752917
0.340201	0.0750127
0.345013	0.0746811
0.349894	0.0742959
0.354845	0.0738564
0.359865	0.0733616
0.364956	0.0728107
0.370119	0.072203
0.375355	0.0715377
0.380665	0.0708142
0.386051	0.0700318
0.391512	0.06919
0.397051	0.0682882
0.402668	0.0673261
0.408365	0.066303
0.414142	0.0652187
0.420001	0.0640729
0.425943	0.0628653
0.431969	0.0615957
0.43808	0.0602639
0.444278	0.0588699
0.450563	0.0574136
0.456937	0.0558951
0.463402	0.0543144
0.469957	0.0526718
0.476606	0.0509673
0.483349	0.0492012
0.490187	0.0473739
0.497121	0.0454859
0.504154	0.0435374
0.511287	0.041529
0.51852	0.0394614
0.525856	0.0373351
0.533295	0.0351508
0.54084	0.0329093
0.548491	0.0306115
0.556251	0.0282581
0.56412	0.0258502
0.572101	0.0233887
0.580195	0.0208747
0.588403	0.0183094
0.596727	0.0156939
0.605169	0.0130295
0.613731	0.0103176
0.622413	0.0075594
0.631219	0.00475647
0.640149	0.00191026
0.649205	-0.000977671
0.658389	-0.00390571
0.667704	-0.0068722
0.67715	-0.00987541
0.68673	-0.0129136
0.696445	-0.0159848
0.706298	-0.0190874
0.71629	-0.0222192
0.726424	-0.0253784
0.736701	-0.0285629
0.747123	-0.0317707
0.757693	-0.0349997
0.768412	-0.0382476
0.779283	-0.0415124
0.790307	-0.0447919
0.801488	-0.0480836
0.812827	-0.0513855
0.824326	-0.0546952
0.835988	-0.0580102
0.847815	-0.0613284
0.859809	-0.0646472
0.871973	-0.0679643
0.884309	-0.0712771
0.89682	-0.0745834
0.909507	-0.0778805
0.922374	-0.081166
0.935424	-0.0844374
0.948657	-0.0876922
0.962078	-0.0909278
0.975689	-0.0941418
0.989492	-0.0973316
1.00349	-0.100495
1.01769	-0.103628
1.03208	-0.10673
1.04669	-0.109798
1.06149	-0.112829
1.07651	-0.115821
1.09174	-0.11877
1.10719	-0.121676
1.12285	-0.124535
1.13873	-0.127345
1.15484	-0.130104
1.17118	-0.132809
1.18775	-0.135458
1.20455	-0.138048
1.2216	-0.140579
1.23888	-0.143047
1.2564	-0.14545
1.27418	-0.147787
1.29221	-0.150055
1.31049	-0.152252
1.32903	-0.154377
1.34783	-0.156428
1.3669	-0.158403
1.38623	-0.1603
1.40585	-0.162118
1.42573	-0.163855
1.44591	-0.16551
1.46636	-0.167081
1.48711	-0.168567
1.50814	-0.169967
1.52948	-0.17128
1.55112	-0.172504
1.57306	-0.173638
1.59532	-0.174681
1.61789	-0.175632
1.64077	-0.176491
1.66399	-0.177257
1.68753	-0.177928
1.7114	-0.178504
1.73561	-0.178985
1.76017	-0.179369
1.78507	-0.179657
1.81032	-0.179848
1.83593	-0.179941
1.86191	-0.179935
1.88825	-0.179832
1.91496	-0.17963
1.94205	-0.179329
1.96953	-0.178929
1.99739	-0.17843
2.02565	-0.177832
2.05431	-0.177134
2.08337	-0.176337
2.11284	-0.175442
2.14273	-0.174447
2.17305	-0.173353
2.20379	-0.17216
2.23497	-0.170869
2.26659	-0.169479
2.29865	-0.167991
2.33117	-0.166405
2.36415	-0.164722
2.3976	-0.162941
2.43152	-0.161062
2.46592	-0.159088
2.5008	-0.157016
2.53618	-0.154848
2.57206	-0.152584
2.60845	-0.150224
2.64535	-0.147769
2.68278	-0.145218
2.72073	-0.142572
2.75922	-0.139831
2.79826	-0.136995
2.83784	-0.134063
2.87799	-0.131037
2.91871	-0.127917
2.96	-0.124701
3.00188	-0.12139
3.04434	-0.117985
3.08741	-0.114484
3.13109	-0.110888
3.17539	-0.107197
3.22031	-0.103411
3.26587	-0.0995288
3.31207	-0.0955515
3.35893	-0.0914786
3.40645	-0.0873101
3.45464	-0.083046
3.50351	-0.0786864
3.55308	-0.0742313
3.60335	-0.0696809
3.65432	-0.0650354
3.70602	-0.0602952
3.75845	-0.0554606
3.81162	-0.0505322
3.86555	-0.0455105
3.92023	-0.0403962
3.97569	-0.0351901
4.03194	-0.0298932
4.08898	-0.0245066
4.14683	-0.0190314
4.20549	-0.013469
4.26499	-0.00782099
4.32533	-0.00208892
4.38652	0.00372536
4.44858	0.00961987
4.51151	0.0155925
4.57534	0.0216408
4.64007	0.0277624
4.70571	0.0339546
4.77228	0.0402144
4.8398	0.046539
4.90827	0.0529249
4.97771	0.0593688
5.04813	0.065867
5.11954	0.0724158
5.19197	0.0790111
5.26542	0.0856487
5.33992	0.0923243
5.41546	0.0990332
5.49207	0.105771
5.56977	0.112532
5.64857	0.119312
5.72848	0.126104
5.80952	0.132905
5.89171	0.139708
5.97506	0.146507
6.05959	0.153296
6.14532	0.16007
6.23226	0.166822
6.32043	0.173545
6.40985	0.180234
6.50053	0.186882
6.59249	0.193481
6.68576	0.200026
6.78034	0.206509
6.87627	0.212924
6.97355	0.219263
7.0722	0.22552
7.17226	0.231688
7.27372	0.237759
7.37663	0.243727
7.48099	0.249584
7.58682	0.255324
7.69415	0.260939
7.803	0.266423
7.9134	0.271768
8.02535	0.276967
8.13888	0.282015
8.25403	0.286904
8.3708	0.291627
8.48922	0.296177
8.60932	0.300549
8.73112	0.304736
8.85464	0.30873
8.97991	0.312527
9.10695	0.316118
9.23579	0.319499
9.36645	0.322664
9.49896	0.325605
9.63334	0.328317
9.76963	0.330793
9.90784	0.333029
10.048	0.335017
10.1902	0.336751
10.3343	0.338227
10.4805	0.339437
10.6288	0.340375
10.7792	0.341036
10.9317	0.341412
11.0863	0.341499
11.2432	0.341289
11.4022	0.340776
11.5635	0.339953
11.7271	0.338814
11.893	0.337352
12.0613	0.33556
12.2319	0.333431
12.405	0.330958
12.5805	0.328133
12.7584	0.324949
12.9389	0.321398
13.122	0.317474
13.3076	0.313168
13.4959	0.308472
13.6868	0.303379
13.8805	0.297881
14.0768	0.291971
14.276	0.285641
14.4779	0.278883
14.6828	0.271692
14.8905	0.26406
15.1011	0.255981
15.3148	0.247449
15.5314	0.23846
15.7512	0.229008
15.974	0.219091
16.2	0.208706
16.4292	0.197851
16.6616	0.186527
16.8973	0.174735
17.1364	0.162478
17.3788	0.14976
17.6247	0.136589
17.874	0.122973
18.1269	0.108924
18.3833	0.0944563
18.6434	0.0795857
18.9071	0.0643323
19.1746	0.048719
19.4459	0.0327721
19.721	0.0165213
