2.88351e-06	0.000668272
5.76701e-06	0.00133654
8.65052e-06	0.00200478
1.1534e-05	0.00267301
1.44175e-05	0.00334121
1.7301e-05	0.00400936
2.01845e-05	0.00467747
2.30681e-05	0.00534553
2.59516e-05	0.00601353
2.88351e-05	0.00668146
3.17186e-05	0.00734931
3.46021e-05	0.00801708
3.74856e-05	0.00868476
4.03691e-05	0.00935235
4.32526e-05	0.0100198
4.61361e-05	0.0106872
4.90196e-05	0.0113545
5.19031e-05	0.0120216
5.47866e-05	0.0126886
5.76701e-05	0.0133555
6.05536e-05	0.0140222
6.34371e-05	0.0146888
6.63206e-05	0.0153552
6.92042e-05	0.0160215
7.20877e-05	0.0166876
7.49712e-05	0.0173536
7.78547e-05	0.0180194
8.07382e-05	0.018685
8.36217e-05	0.0193504
8.65052e-05	0.0200157
8.93887e-05	0.0206807
9.22722e-05	0.0213456
9.51557e-05	0.0220103
9.80392e-05	0.0226748
0.000100923	0.0233391
0.000103806	0.0240033
0.00010669	0.0246672
0.000109573	0.0253309
0.000112457	0.0259944
0.00011534	0.0266578
0.000118224	0.0273209
0.000121107	0.0279839
0.000123991	0.0286466
0.000126874	0.0293092
0.000129758	0.0299715
0.000132641	0.0306337
0.000135525	0.0312957
0.000138408	0.0319574
0.000141292	0.032619
0.000144175	0.0332804
0.000147059	0.0339416
0.000149942	0.0346026
0.000152826	0.0352634
0.000155709	0.035924
0.000158593	0.0365844
0.000161476	0.0372446
0.00016436	0.0379046
0.000167243	0.0385644
0.000170127	0.039224
0.00017301	0.0398834
0.000175894	0.0405427
0.000178777	0.0412017
0.000181661	0.0418605
0.000184544	0.0425192
0.000187428	0.0431776
0.000190311	0.0438359
0.000193195	0.044494
0.000196078	0.0451518
0.000198926	0.0458012
0.000201814	0.0464598
0.000204744	0.0471278
0.000207717	0.0478052
0.000210733	0.0484923
0.000213793	0.0491892
0.000216898	0.0498959
0.000220047	0.0506127
0.000223242	0.0513396
0.000226484	0.0520769
0.000229773	0.0528246
0.000233109	0.0535829
0.000236494	0.054352
0.000239928	0.0551319
0.000243411	0.0559229
0.000246946	0.0567251
0.000250532	0.0575386
0.000254169	0.0583637
0.00025786	0.0592004
0.000261604	0.0600489
0.000265403	0.0609094
0.000269257	0.0617821
0.000273166	0.062667
0.000277133	0.0635645
0.000281157	0.0644746
0.000285239	0.0653976
0.000289381	0.0663335
0.000293583	0.0672827
0.000297846	0.0682452
0.000302171	0.0692212
0.000306558	0.070211
0.00031101	0.0712147
0.000315526	0.0722325
0.000320107	0.0732645
0.000324755	0.0743111
0.000329471	0.0753723
0.000334255	0.0764485
0.000339108	0.0775397
0.000344032	0.0786462
0.000349028	0.0797681
0.000354096	0.0809058
0.000359237	0.0820594
0.000364453	0.0832291
0.000369745	0.0844152
0.000375114	0.0856178
0.000380561	0.0868372
0.000386087	0.0880736
0.000391693	0.0893272
0.000397381	0.0905983
0.000403151	0.091887
0.000409004	0.0931937
0.000414943	0.0945186
0.000420968	0.0958619
0.000427081	0.0972238
0.000433282	0.0986046
0.000439574	0.100004
0.000445957	0.101424
0.000452432	0.102863
0.000459001	0.104322
0.000465666	0.105801
0.000472428	0.1073
0.000479288	0.10882
0.000486247	0.110361
0.000493308	0.111924
0.000500471	0.113508
0.000507738	0.115113
0.00051511	0.116741
0.00052259	0.118391
0.000530178	0.120064
0.000537876	0.12176
0.000545686	0.123479
0.00055361	0.125221
0.000561648	0.126987
0.000569804	0.128778
0.000578078	0.130593
0.000586471	0.132432
0.000594987	0.134297
0.000603627	0.136187
0.000612391	0.138102
0.000621284	0.140044
0.000630305	0.142012
0.000639457	0.144007
0.000648742	0.146029
0.000658162	0.148078
0.000667719	0.150155
0.000677414	0.15226
0.000687251	0.154393
0.00069723	0.156555
0.000707354	0.158746
0.000717625	0.160966
0.000728045	0.163216
0.000738616	0.165497
0.000749341	0.167807
0.000760222	0.170149
0.000771261	0.172522
0.000782459	0.174927
0.000793821	0.177364
0.000805348	0.179833
0.000817041	0.182334
0.000828905	0.184869
0.000840941	0.187438
0.000853152	0.190041
0.00086554	0.192677
0.000878108	0.195349
0.000890858	0.198056
0.000903794	0.200798
0.000916917	0.203576
0.000930231	0.206391
0.000943738	0.209243
0.000957442	0.212131
0.000971344	0.215058
0.000985448	0.218022
0.000999757	0.221025
0.00101427	0.224067
0.001029	0.227148
0.00104394	0.230269
0.0010591	0.23343
0.00107448	0.236632
0.00109008	0.239875
0.00110591	0.24316
0.00112197	0.246486
0.00113826	0.249855
0.00115479	0.253267
0.00117156	0.256722
0.00118857	0.260222
0.00120583	0.263765
0.00122333	0.267353
0.0012411	0.270986
0.00125912	0.274665
0.0012774	0.27839
0.00129595	0.282162
0.00131477	0.28598
0.00133386	0.289846
0.00135323	0.29376
0.00137288	0.297723
0.00139281	0.301734
0.00141303	0.305795
0.00143355	0.309906
0.00145437	0.314067
0.00147549	0.318279
0.00149691	0.322542
0.00151865	0.326856
0.0015407	0.331223
0.00156307	0.335643
0.00158576	0.340115
0.00160879	0.344642
0.00163215	0.349222
0.00165585	0.353857
0.00167989	0.358546
0.00170429	0.363291
0.00172903	0.368092
0.00175414	0.37295
0.00177961	0.377864
0.00180545	0.382835
0.00183167	0.387864
0.00185826	0.392951
0.00188524	0.398096
0.00191262	0.403301
0.00194039	0.408565
0.00196857	0.413888
0.00199715	0.419272
0.00202615	0.424716
0.00205557	0.430221
0.00208542	0.435788
0.0021157	0.441416
0.00214642	0.447107
0.00217758	0.45286
0.0022092	0.458676
0.00224128	0.464555
0.00227383	0.470497
0.00230684	0.476504
0.00234034	0.482575
0.00237432	0.48871
0.0024088	0.49491
0.00244377	0.501175
0.00247926	0.507505
0.00251526	0.513901
0.00255178	0.520362
0.00258883	0.52689
0.00262642	0.533484
0.00266456	0.540145
0.00270325	0.546872
0.0027425	0.553666
0.00278233	0.560527
0.00282273	0.567455
0.00286371	0.57445
0.00290529	0.581512
0.00294748	0.588642
0.00299028	0.595839
0.0030337	0.603104
0.00307775	0.610436
0.00312244	0.617835
0.00316778	0.625301
0.00321377	0.632835
0.00326044	0.640436
0.00330778	0.648103
0.00335581	0.655838
0.00340454	0.663639
0.00345397	0.671506
0.00350413	0.67944
0.00355501	0.687439
0.00360663	0.695504
0.003659	0.703634
0.00371213	0.711829
0.00376603	0.720087
0.00382071	0.72841
0.00387619	0.736796
0.00393247	0.745245
0.00398957	0.753755
0.0040475	0.762327
0.00410628	0.77096
0.0041659	0.779653
0.00422639	0.788405
0.00428776	0.797216
0.00435002	0.806084
0.00441318	0.815008
0.00447726	0.823988
0.00454227	0.833022
0.00460823	0.84211
0.00467514	0.85125
0.00474303	0.860441
0.0048119	0.869682
0.00488177	0.87897
0.00495265	0.888306
0.00502457	0.897687
0.00509753	0.907112
0.00517154	0.916579
0.00524664	0.926087
0.00532282	0.935633
0.00540011	0.945216
0.00547852	0.954834
0.00555807	0.964485
0.00563877	0.974167
0.00572065	0.983877
0.00580372	0.993614
0.00588799	1.00337
0.00597348	1.01316
0.00606022	1.02296
0.00614822	1.03278
0.00623749	1.04261
0.00632806	1.05245
0.00641995	1.0623
0.00651317	1.07216
0.00660774	1.08201
0.00670369	1.09187
0.00680103	1.10172
0.00689978	1.11156
0.00699997	1.12139
0.00710161	1.13121
0.00720472	1.14101
0.00730934	1.15078
0.00741547	1.16053
0.00752315	1.17024
0.00763239	1.17992
0.00774321	1.18956
0.00785565	1.19916
0.00796971	1.2087
0.00808543	1.21819
0.00820284	1.22763
0.00832195	1.237
0.00844278	1.2463
0.00856537	1.25553
0.00868975	1.26467
0.00881592	1.27373
0.00894393	1.2827
0.0090738	1.29158
0.00920556	1.30034
0.00933923	1.30901
0.00947483	1.31755
0.00961241	1.32597
0.00975199	1.33427
0.00989359	1.34242
0.0100372	1.35044
0.010183	1.3583
0.0103309	1.36601
0.0104809	1.37356
0.010633	1.38093
0.0107874	1.38812
0.0109441	1.39513
0.011103	1.40194
0.0112642	1.40854
0.0114278	1.41493
0.0115937	1.42111
0.011762	1.42705
0.0119328	1.43275
0.0121061	1.43821
0.0122819	1.44341
0.0124602	1.44834
0.0126412	1.453
0.0128247	1.45738
0.0130109	1.46145
0.0131998	1.46523
0.0133915	1.46869
0.013586	1.47182
0.0137832	1.47462
0.0139834	1.47708
0.0141864	1.47917
0.0143924	1.4809
0.0146014	1.48226
0.0148134	1.48322
0.0150285	1.48378
0.0152467	1.48394
0.0154681	1.48367
0.0156927	1.48296
0.0159206	1.48181
0.0161517	1.48021
0.0163863	1.47813
0.0166242	1.47558
0.0168656	1.47253
0.0171105	1.46898
0.0173589	1.46491
0.017611	1.46031
0.0178667	1.45518
0.0181261	1.44949
0.0183893	1.44324
0.0186564	1.43642
0.0189273	1.429
0.0192021	1.42099
0.0194809	1.41237
0.0197638	1.40312
0.0200508	1.39324
0.0203419	1.38271
0.0206373	1.37153
0.0209369	1.35967
0.0212409	1.34713
0.0215494	1.33391
0.0218623	1.31998
0.0221797	1.30533
0.0225018	1.28996
0.0228285	1.27386
0.02316	1.25701
0.0234963	1.23941
0.0238374	1.22104
0.0241836	1.2019
0.0245347	1.18198
0.024891	1.16126
0.0252524	1.13975
0.0256191	1.11743
0.0259911	1.09429
0.0263685	1.07033
0.0267513	1.04554
0.0271398	1.01992
0.0275339	0.993461
0.0279337	0.966155
0.0283393	0.937998
0.0287508	0.908988
0.0291682	0.879121
0.0295918	0.848394
0.0300214	0.816806
0.0304574	0.784355
0.0308996	0.751041
0.0313483	0.716863
0.0318035	0.681824
0.0322653	0.645923
0.0327338	0.609165
0.0332091	0.571553
0.0336913	0.53309
0.0341805	0.493783
0.0346768	0.453637
0.0351803	0.41266
0.0356912	0.370859
0.0362094	0.328244
0.0367352	0.284826
0.0372686	0.240615
0.0378097	0.195623
0.0383587	0.149865
0.0389157	0.103354
0.0394808	0.056107
0.0400541	0.00814047
0.0406357	-0.0405274
0.0412257	-0.0898774
0.0418243	-0.139889
0.0424316	-0.19054
0.0430477	-0.241808
0.0436728	-0.293668
0.044307	-0.346095
0.0449503	-0.399062
0.045603	-0.452541
0.0462652	-0.506502
0.046937	-0.560915
0.0476185	-0.615748
0.0483099	-0.670967
0.0490114	-0.726538
0.0497231	-0.782424
0.0504451	-0.83859
0.0511775	-0.894996
0.0519207	-0.951604
0.0526746	-1.00837
0.0534394	-1.06526
0.0542154	-1.12222
0.0550026	-1.17921
0.0558012	-1.23619
0.0566115	-1.2931
0.0574335	-1.34991
0.0582675	-1.40656
0.0591135	-1.46301
0.0599719	-1.5192
0.0608427	-1.57508
0.0617261	-1.63061
0.0626224	-1.68572
0.0635317	-1.74036
0.0644542	-1.79449
0.0653901	-1.84805
0.0663396	-1.90098
0.0673029	-1.95322
0.0682801	-2.00473
0.0692716	-2.05545
0.0702774	-2.10531
0.0712979	-2.15427
0.0723332	-2.20228
0.0733835	-2.24926
0.074449	-2.29518
0.07553	-2.33997
0.0766268	-2.38358
0.0777394	-2.42596
0.0788682	-2.46706
0.0800134	-2.50682
0.0811752	-2.54519
0.0823539	-2.58212
0.0835497	-2.61757
0.0847629	-2.65148
0.0859937	-2.68381
0.0872423	-2.71452
0.0885091	-2.74356
0.0897943	-2.77089
0.0910981	-2.79648
0.0924209	-2.82028
0.0937629	-2.84226
0.0951243	-2.86239
0.0965056	-2.88063
0.0979069	-2.89697
0.0993285	-2.91136
0.100771	-2.9238
0.102234	-2.93426
0.103718	-2.94272
0.105225	-2.94916
0.106752	-2.95359
0.108302	-2.95598
0.109875	-2.95634
0.11147	-2.95465
0.113089	-2.95093
0.114731	-2.94518
0.116397	-2.9374
0.118087	-2.9276
0.119802	-2.9158
0.121541	-2.90202
0.123306	-2.88628
0.125097	-2.8686
0.126913	-2.84902
0.128756	-2.82755
0.130626	-2.80424
0.132522	-2.77913
0.134447	-2.75225
0.136399	-2.72364
0.138379	-2.69337
0.140389	-2.66147
0.142427	-2.628
0.144495	-2.59302
0.146593	-2.55658
0.148722	-2.51875
0.150881	-2.47958
0.153072	-2.43915
0.155295	-2.39752
0.15755	-2.35475
0.159837	-2.31094
0.162158	-2.26613
0.164513	-2.22042
0.166902	-2.17387
0.169325	-2.12656
0.171784	-2.07857
0.174278	-2.02998
0.176809	-1.98086
0.179376	-1.9313
0.181981	-1.88137
0.184623	-1.83115
0.187304	-1.78072
0.190024	-1.73016
0.192783	-1.67954
0.195582	-1.62894
0.198422	-1.57844
0.201303	-1.52809
0.204226	-1.47799
0.207192	-1.42819
0.2102	-1.37877
0.213252	-1.32979
0.216349	-1.28131
0.21949	-1.23339
0.222677	-1.1861
0.225911	-1.13948
0.229191	-1.09359
0.232519	-1.04848
0.235895	-1.0042
0.23932	-0.960786
0.242795	-0.918281
0.246321	-0.876721
0.249898	-0.836141
0.253526	-0.796571
0.257207	-0.758038
0.260942	-0.720564
0.264731	-0.684172
0.268575	-0.648877
0.272475	-0.614693
0.276431	-0.58163
0.280445	-0.549696
0.284517	-0.518895
0.288649	-0.489228
0.29284	-0.460694
0.297092	-0.433286
0.301406	-0.406999
0.305782	-0.381822
0.310222	-0.357744
0.314727	-0.334748
0.319297	-0.312819
0.323933	-0.291938
0.328637	-0.272084
0.333409	-0.253235
0.33825	-0.235366
0.343161	-0.218453
0.348144	-0.202468
0.353199	-0.187384
0.358328	-0.173172
0.363531	-0.159803
0.36881	-0.147247
0.374165	-0.135474
0.379598	-0.124451
0.38511	-0.114149
0.390702	-0.104536
0.396375	-0.0955811
0.40213	-0.0872529
0.407969	-0.0795209
0.413893	-0.0723548
0.419903	-0.0657247
0.426	-0.0596013
0.432186	-0.0539559
0.438461	-0.0487606
0.444828	-0.0439882
0.451287	-0.0396123
0.45784	-0.0356075
0.464488	-0.0319491
0.471232	-0.0286136
0.478075	-0.0255783
0.485016	-0.0228216
0.492059	-0.0203229
0.499204	-0.0180625
0.506452	-0.0160218
0.513806	-0.0141833
0.521267	-0.0125303
0.528836	-0.0110472
0.536515	-0.00971941
0.544305	-0.00853319
0.552209	-0.00747574
0.560227	-0.00653516
0.568362	-0.00570039
0.576614	-0.00496121
0.584987	-0.00430815
0.593481	-0.00373252
0.602099	-0.00322632
0.610841	-0.00278224
0.619711	-0.00239358
0.628709	-0.00205425
0.637838	-0.00175873
0.6471	-0.001502
0.656496	-0.00127953
0.666029	-0.00108725
0.6757	-0.000921478
0.685511	-0.000778947
0.695465	-0.00065672
0.705563	-0.000552189
0.715808	-0.000463035
0.726202	-0.000387207
0.736747	-0.000322893
0.747444	-0.000268501
0.758298	-0.000222631
0.769308	-0.000184061
0.780479	-0.000151726
0.791812	-0.000124698
0.803309	-0.000102175
0.814973	-8.34634e-05
0.826807	-6.79669e-05
0.838813	-5.51734e-05
0.850992	-4.46452e-05
0.863349	-3.60092e-05
0.875885	-2.89486e-05
0.888603	-2.31951e-05
0.901506	-1.85226e-05
0.914596	-1.47409e-05
0.927877	-1.16907e-05
0.94135	-9.23922e-06
0.955018	-7.27585e-06
0.968885	-5.70909e-06
0.982954	-4.46336e-06
0.997227	-3.47655e-06
1.01171	-2.69777e-06
1.0264	-2.08549e-06
1.0413	-1.60597e-06
1.05642	-1.23188e-06
1.07176	-9.41188e-07
1.08732	-7.1621e-07
1.10311	-5.42795e-07
1.11913	-4.09675e-07
1.13538	-3.07911e-07
1.15186	-2.30446e-07
1.16859	-1.7173e-07
1.18556	-1.27417e-07
1.20277	-9.41226e-08
1.22024	-6.92172e-08
1.23796	-5.06713e-08
1.25593	-3.69242e-08
1.27417	-2.67815e-08
1.29267	-1.93332e-08
1.31144	-1.38897e-08
1.33048	-9.93043e-09
1.3498	-7.06489e-09
1.3694	-5.00119e-09
1.38928	-3.52243e-09
1.40946	-2.46822e-09
1.42992	-1.72054e-09
1.45069	-1.19304e-09
1.47175	-8.22852e-10
1.49312	-5.64464e-10
1.5148	-3.85092e-10
1.5368	-2.61262e-10
1.55911	-1.76253e-10
1.58175	-1.18226e-10
1.60472	-7.88439e-11
1.62802	-5.22709e-11
1.65166	-3.44474e-11
1.67564	-2.25632e-11
1.69997	-1.46899e-11
1.72466	-9.50745e-12
1.7497	-6.11355e-12
1.7751	-3.90592e-12
1.80088	-2.47951e-12
1.82703	-1.56358e-12
1.85356	-9.78884e-13
1.88047	-6.08894e-13
1.90778	-3.75849e-13
1.93548	-2.30774e-13
1.96358	-1.41281e-13
1.99209	-8.67887e-14
2.02102	-5.21178e-14
2.05037	-2.93461e-14
2.08014	-1.76911e-14
2.11034	-1.03688e-14
2.14099	-6.45885e-15
2.17207	-4.36377e-15
2.20361	-2.88405e-15
2.23561	-5.75923e-16
2.26807	1.1827e-15
2.301	4.72234e-16
2.33442	-1.00294e-15
2.36831	-7.73976e-16
2.4027	-5.81003e-16
2.43759	-9.66997e-16
2.47298	1.06864e-15
2.50889	1.90693e-15
2.54532	6.68264e-16
2.58228	-1.24598e-15
2.61978	-1.15036e-15
2.65782	3.60833e-16
2.69641	6.13903e-16
2.73556	5.27484e-16
2.77528	1.0424e-15
2.81558	-1.49253e-16
2.85646	-8.75243e-16
2.89794	-3.42839e-16
2.94002	1.5173e-16
2.98271	8.28123e-16
3.02602	8.06742e-16
3.06996	-2.00567e-16
3.11454	7.53877e-16
3.15976	-1.38767e-16
3.20564	-1.15497e-15
3.25219	2.30733e-16
3.29941	3.65184e-16
3.34732	6.56597e-16
3.39592	-1.06734e-16
3.44523	-4.18766e-16
3.49526	-1.42846e-16
3.54601	4.18694e-16
3.5975	4.24543e-16
3.64974	-5.06949e-16
3.70273	-4.86345e-16
3.7565	4.62414e-16
3.81104	-1.31325e-16
3.86638	3.84469e-16
3.92252	-4.59419e-17
3.97948	-8.53447e-18
4.03726	-8.76705e-16
4.09588	7.00457e-16
4.15536	-5.22877e-16
4.21569	-1.15728e-17
4.27691	7.10601e-16
4.33901	6.63212e-16
4.40201	-9.97316e-16
4.46593	-8.87097e-16
4.53078	1.88568e-15
4.59657	-1.09717e-16
4.66331	-1.8078e-15
4.73102	1.19773e-15
4.79972	1.38488e-15
4.86941	-8.02837e-17
4.94012	-2.46203e-16
5.01185	8.20903e-16
5.08462	-5.64785e-16
5.15845	-7.68156e-16
5.23336	6.80243e-16
5.30935	2.83043e-16
5.38644	-4.93764e-16
5.46465	7.75035e-16
5.544	-3.76035e-16
5.6245	-3.9872e-17
5.70617	-8.90747e-17
5.78903	-3.49624e-16
5.87308	4.01417e-16
5.95836	-3.42311e-16
6.04488	-8.47755e-16
6.13265	2.79212e-16
6.2217	-2.24685e-16
6.31204	-7.3276e-17
6.4037	1.28165e-16
6.49668	2.4063e-17
6.59101	8.02334e-18
6.68672	-1.79621e-17
6.78381	-2.40829e-18
6.88231	-8.51183e-19
6.98225	-1.7272e-20
7.08363	2.39491e-19
7.18649	1.14611e-19
7.29084	2.22787e-20
7.3967	-3.0779e-21
7.50411	-1.99712e-22
7.61307	8.92053e-23
7.72361	1.30514e-22
7.83576	-2.97209e-23
7.94954	2.75313e-25
8.06497	2.82006e-25
8.18208	1.94853e-26
8.30088	-2.01912e-26
8.42141	8.63109e-27
8.54369	-5.08343e-28
8.66775	2.34328e-28
8.79361	-1.46343e-29
8.9213	1.8922e-30
9.05084	-1.33859e-30
9.18226	-1.15513e-31
9.31559	-2.02594e-33
9.45085	7.32218e-33
9.58808	-3.85226e-35
9.7273	6.74573e-35
9.86855	-2.7625e-35
10.0118	3.5288e-37
10.1572	-3.7072e-38
10.3047	2.80283e-38
10.4543	-4.23345e-40
10.6061	7.79393e-41
10.7601	-1.03616e-41
10.9164	5.50655e-43
11.0749	-5.25701e-45
11.2357	1.62632e-44
11.3988	-3.92472e-46
11.5644	1.02222e-47
11.7323	-1.12856e-47
11.9026	2.46216e-49
12.0755	-5.07337e-50
12.2508	2.65618e-51
12.4287	-3.52046e-52
12.6092	3.62971e-54
12.7922	-6.58803e-56
12.978	-3.35651e-56
13.1664	-2.86543e-57
13.3576	2.5691e-58
13.5516	-2.28571e-59
13.7483	7.36502e-61
13.948	-8.1693e-62
14.1505	2.02643e-63
14.356	-3.224e-65
14.5644	1.1039e-65
14.7759	-3.73569e-67
14.9905	1.48042e-69
15.2081	-8.12357e-70
15.429	2.10354e-71
15.653	-1.14799e-72
15.8803	-3.25558e-75
16.1109	-1.94703e-75
16.3448	2.7799e-77
16.5821	-1.18059e-79
16.8229	1.6999e-80
17.0672	-2.53266e-81
17.315	9.84762e-83
17.5664	1.41611e-84
17.8215	1.00487e-85
18.0803	2.14929e-87
18.3428	6.57764e-89
18.6091	1.51157e-90
18.8793	1.1256e-91
19.1535	-2.276e-93
19.4316	2.48155e-96
19.7138	-1.2636e-96
