2.88351e-06	2.16206e-15
5.76701e-06	1.72964e-14
8.65052e-06	5.83752e-14
1.1534e-05	1.3837e-13
1.44175e-05	2.70252e-13
1.7301e-05	4.66992e-13
2.01845e-05	7.41558e-13
2.30681e-05	1.10692e-12
2.59516e-05	1.57604e-12
2.88351e-05	2.16189e-12
3.17186e-05	2.87742e-12
3.46021e-05	3.73561e-12
3.74856e-05	4.74941e-12
4.03691e-05	5.93177e-12
4.32526e-05	7.29565e-12
4.61361e-05	8.854e-12
4.90196e-05	1.06198e-11
5.19031e-05	1.26059e-11
5.47866e-05	1.48253e-11
5.76701e-05	1.7291e-11
6.05536e-05	2.00159e-11
6.34371e-05	2.30129e-11
6.63206e-05	2.62949e-11
6.92042e-05	2.9875e-11
7.20877e-05	3.37659e-11
7.49712e-05	3.79806e-11
7.78547e-05	4.25321e-11
8.07382e-05	4.74332e-11
8.36217e-05	5.26969e-11
8.65052e-05	5.8336e-11
8.93887e-05	6.43635e-11
9.22722e-05	7.07923e-11
9.51557e-05	7.76353e-11
9.80392e-05	8.49053e-11
0.000100923	9.26153e-11
0.000103806	1.00778e-10
0.00010669	1.09407e-10
0.000109573	1.18514e-10
0.000112457	1.28113e-10
0.00011534	1.38216e-10
0.000118224	1.48836e-10
0.000121107	1.59987e-10
0.000123991	1.71681e-10
0.000126874	1.8393e-10
0.000129758	1.96749e-10
0.000132641	2.10149e-10
0.000135525	2.24144e-10
0.000138408	2.38746e-10
0.000141292	2.53968e-10
0.000144175	2.69823e-10
0.000147059	2.86325e-10
0.000149942	3.03485e-10
0.000152826	3.21317e-10
0.000155709	3.39834e-10
0.000158593	3.59048e-10
0.000161476	3.78972e-10
0.00016436	3.99619e-10
0.000167243	4.21002e-10
0.000170127	4.43134e-10
0.00017301	4.66028e-10
0.000175894	4.89696e-10
0.000178777	5.14151e-10
0.000181661	5.39406e-10
0.000184544	5.65474e-10
0.000187428	5.92368e-10
0.000190311	6.20101e-10
0.000193195	6.48685e-10
0.000196078	6.78133e-10
0.000198926	7.0807e-10
0.000201814	7.39328e-10
0.000204744	7.71965e-10
0.000207717	8.06043e-10
0.000210733	8.41624e-10
0.000213793	8.78775e-10
0.000216898	9.17565e-10
0.000220047	9.58066e-10
0.000223242	1.00035e-09
0.000226484	1.04451e-09
0.000229773	1.09061e-09
0.000233109	1.13875e-09
0.000236494	1.18901e-09
0.000239928	1.24148e-09
0.000243411	1.29627e-09
0.000246946	1.35348e-09
0.000250532	1.41322e-09
0.000254169	1.47558e-09
0.00025786	1.5407e-09
0.000261604	1.60869e-09
0.000265403	1.67968e-09
0.000269257	1.7538e-09
0.000273166	1.83119e-09
0.000277133	1.91199e-09
0.000281157	1.99635e-09
0.000285239	2.08444e-09
0.000289381	2.17641e-09
0.000293583	2.27243e-09
0.000297846	2.37269e-09
0.000302171	2.47737e-09
0.000306558	2.58667e-09
0.00031101	2.70078e-09
0.000315526	2.81993e-09
0.000320107	2.94433e-09
0.000324755	3.07421e-09
0.000329471	3.20982e-09
0.000334255	3.35141e-09
0.000339108	3.49924e-09
0.000344032	3.65358e-09
0.000349028	3.81473e-09
0.000354096	3.98298e-09
0.000359237	4.15864e-09
0.000364453	4.34205e-09
0.000369745	4.53354e-09
0.000375114	4.73347e-09
0.000380561	4.94221e-09
0.000386087	5.16015e-09
0.000391693	5.38769e-09
0.000397381	5.62526e-09
0.000403151	5.8733e-09
0.000409004	6.13226e-09
0.000414943	6.40263e-09
0.000420968	6.68491e-09
0.000427081	6.97963e-09
0.000433282	7.28733e-09
0.000439574	7.60858e-09
0.000445957	7.94398e-09
0.000452432	8.29416e-09
0.000459001	8.65976e-09
0.000465666	9.04145e-09
0.000472428	9.43996e-09
0.000479288	9.85601e-09
0.000486247	1.02904e-08
0.000493308	1.07439e-08
0.000500471	1.12173e-08
0.000507738	1.17117e-08
0.00051511	1.22277e-08
0.00052259	1.27665e-08
0.000530178	1.3329e-08
0.000537876	1.39163e-08
0.000545686	1.45294e-08
0.00055361	1.51695e-08
0.000561648	1.58377e-08
0.000569804	1.65354e-08
0.000578078	1.72638e-08
0.000586471	1.80242e-08
0.000594987	1.8818e-08
0.000603627	1.96468e-08
0.000612391	2.05121e-08
0.000621284	2.14154e-08
0.000630305	2.23584e-08
0.000639457	2.33429e-08
0.000648742	2.43707e-08
0.000658162	2.54437e-08
0.000667719	2.65639e-08
0.000677414	2.77333e-08
0.000687251	2.89542e-08
0.00069723	3.02287e-08
0.000707354	3.15592e-08
0.000717625	3.29483e-08
0.000728045	3.43983e-08
0.000738616	3.59121e-08
0.000749341	3.74925e-08
0.000760222	3.91422e-08
0.000771261	4.08645e-08
0.000782459	4.26624e-08
0.000793821	4.45392e-08
0.000805348	4.64986e-08
0.000817041	4.8544e-08
0.000828905	5.06792e-08
0.000840941	5.29081e-08
0.000853152	5.5235e-08
0.00086554	5.7664e-08
0.000878108	6.01996e-08
0.000890858	6.28466e-08
0.000903794	6.56097e-08
0.000916917	6.84941e-08
0.000930231	7.1505e-08
0.000943738	7.46481e-08
0.000957442	7.79291e-08
0.000971344	8.1354e-08
0.000985448	8.49291e-08
0.000999757	8.86611e-08
0.00101427	9.25567e-08
0.001029	9.66231e-08
0.00104394	1.00868e-07
0.0010591	1.05299e-07
0.00107448	1.09924e-07
0.00109008	1.14751e-07
0.00110591	1.19791e-07
0.00112197	1.25051e-07
0.00113826	1.30541e-07
0.00115479	1.36272e-07
0.00117156	1.42255e-07
0.00118857	1.48499e-07
0.00120583	1.55016e-07
0.00122333	1.61819e-07
0.0012411	1.6892e-07
0.00125912	1.76332e-07
0.0012774	1.84068e-07
0.00129595	1.92142e-07
0.00131477	2.0057e-07
0.00133386	2.09366e-07
0.00135323	2.18547e-07
0.00137288	2.2813e-07
0.00139281	2.38132e-07
0.00141303	2.48571e-07
0.00143355	2.59467e-07
0.00145437	2.70838e-07
0.00147549	2.82707e-07
0.00149691	2.95094e-07
0.00151865	3.08022e-07
0.0015407	3.21515e-07
0.00156307	3.35597e-07
0.00158576	3.50294e-07
0.00160879	3.65633e-07
0.00163215	3.81641e-07
0.00165585	3.98348e-07
0.00167989	4.15783e-07
0.00170429	4.3398e-07
0.00172903	4.5297e-07
0.00175414	4.72788e-07
0.00177961	4.9347e-07
0.00180545	5.15053e-07
0.00183167	5.37577e-07
0.00185826	5.61083e-07
0.00188524	5.85612e-07
0.00191262	6.1121e-07
0.00194039	6.37923e-07
0.00196857	6.65798e-07
0.00199715	6.94887e-07
0.00202615	7.25241e-07
0.00205557	7.56916e-07
0.00208542	7.89969e-07
0.0021157	8.24459e-07
0.00214642	8.60449e-07
0.00217758	8.98002e-07
0.0022092	9.37188e-07
0.00224128	9.78076e-07
0.00227383	1.02074e-06
0.00230684	1.06526e-06
0.00234034	1.11171e-06
0.00237432	1.16017e-06
0.0024088	1.21074e-06
0.00244377	1.2635e-06
0.00247926	1.31855e-06
0.00251526	1.37598e-06
0.00255178	1.43591e-06
0.00258883	1.49843e-06
0.00262642	1.56366e-06
0.00266456	1.63171e-06
0.00270325	1.70271e-06
0.0027425	1.77678e-06
0.00278233	1.85406e-06
0.00282273	1.93468e-06
0.00286371	2.01878e-06
0.00290529	2.10652e-06
0.00294748	2.19805e-06
0.00299028	2.29353e-06
0.0030337	2.39314e-06
0.00307775	2.49705e-06
0.00312244	2.60544e-06
0.00316778	2.7185e-06
0.00321377	2.83644e-06
0.00326044	2.95946e-06
0.00330778	3.08779e-06
0.00335581	3.22164e-06
0.00340454	3.36125e-06
0.00345397	3.50687e-06
0.00350413	3.65876e-06
0.00355501	3.81718e-06
0.00360663	3.98241e-06
0.003659	4.15474e-06
0.00371213	4.33447e-06
0.00376603	4.52191e-06
0.00382071	4.71741e-06
0.00387619	4.92128e-06
0.00393247	5.1339e-06
0.00398957	5.35564e-06
0.0040475	5.58687e-06
0.00410628	5.828e-06
0.0041659	6.07945e-06
0.00422639	6.34166e-06
0.00428776	6.61509e-06
0.00435002	6.90019e-06
0.00441318	7.19748e-06
0.00447726	7.50746e-06
0.00454227	7.83067e-06
0.00460823	8.16767e-06
0.00467514	8.51903e-06
0.00474303	8.88536e-06
0.0048119	9.2673e-06
0.00488177	9.66549e-06
0.00495265	1.00806e-05
0.00502457	1.05134e-05
0.00509753	1.09646e-05
0.00517154	1.14349e-05
0.00524664	1.19252e-05
0.00532282	1.24362e-05
0.00540011	1.2969e-05
0.00547852	1.35243e-05
0.00555807	1.41031e-05
0.00563877	1.47065e-05
0.00572065	1.53353e-05
0.00580372	1.59907e-05
0.00588799	1.66738e-05
0.00597348	1.73856e-05
0.00606022	1.81276e-05
0.00614822	1.89008e-05
0.00623749	1.97065e-05
0.00632806	2.05462e-05
0.00641995	2.14211e-05
0.00651317	2.23328e-05
0.00660774	2.32829e-05
0.00670369	2.42727e-05
0.00680103	2.53041e-05
0.00689978	2.63787e-05
0.00699997	2.74982e-05
0.00710161	2.86646e-05
0.00720472	2.98797e-05
0.00730934	3.11456e-05
0.00741547	3.24643e-05
0.00752315	3.38379e-05
0.00763239	3.52688e-05
0.00774321	3.67592e-05
0.00785565	3.83116e-05
0.00796971	3.99284e-05
0.00808543	4.16124e-05
0.00820284	4.33662e-05
0.00832195	4.51926e-05
0.00844278	4.70946e-05
0.00856537	4.90752e-05
0.00868975	5.11376e-05
0.00881592	5.32852e-05
0.00894393	5.55212e-05
0.0090738	5.78493e-05
0.00920556	6.02731e-05
0.00933923	6.27966e-05
0.00947483	6.54236e-05
0.00961241	6.81583e-05
0.00975199	7.1005e-05
0.00989359	7.39681e-05
0.0100372	7.70523e-05
0.010183	8.02624e-05
0.0103309	8.36032e-05
0.0104809	8.70801e-05
0.010633	9.06984e-05
0.0107874	9.44636e-05
0.0109441	9.83815e-05
0.011103	0.000102458
0.0112642	0.0001067
0.0114278	0.000111112
0.0115937	0.000115703
0.011762	0.000120479
0.0119328	0.000125447
0.0121061	0.000130615
0.0122819	0.00013599
0.0124602	0.00014158
0.0126412	0.000147394
0.0128247	0.00015344
0.0130109	0.000159727
0.0131998	0.000166264
0.0133915	0.000173062
0.013586	0.000180129
0.0137832	0.000187476
0.0139834	0.000195114
0.0141864	0.000203053
0.0143924	0.000211306
0.0146014	0.000219883
0.0148134	0.000228797
0.0150285	0.000238061
0.0152467	0.000247688
0.0154681	0.00025769
0.0156927	0.000268083
0.0159206	0.000278881
0.0161517	0.000290097
0.0163863	0.000301749
0.0166242	0.000313852
0.0168656	0.000326422
0.0171105	0.000339476
0.0173589	0.000353032
0.017611	0.000367109
0.0178667	0.000381725
0.0181261	0.000396898
0.0183893	0.000412651
0.0186564	0.000429002
0.0189273	0.000445974
0.0192021	0.000463589
0.0194809	0.000481868
0.0197638	0.000500836
0.0200508	0.000520517
0.0203419	0.000540936
0.0206373	0.000562118
0.0209369	0.00058409
0.0212409	0.000606878
0.0215494	0.000630513
0.0218623	0.000655021
0.0221797	0.000680433
0.0225018	0.00070678
0.0228285	0.000734093
0.02316	0.000762404
0.0234963	0.000791748
0.0238374	0.000822158
0.0241836	0.00085367
0.0245347	0.000886319
0.024891	0.000920145
0.0252524	0.000955183
0.0256191	0.000991475
0.0259911	0.00102906
0.0263685	0.00106798
0.0267513	0.00110828
0.0271398	0.00115
0.0275339	0.00119318
0.0279337	0.00123788
0.0283393	0.00128413
0.0287508	0.00133199
0.0291682	0.00138151
0.0295918	0.00143274
0.0300214	0.00148572
0.0304574	0.00154051
0.0308996	0.00159717
0.0313483	0.00165575
0.0318035	0.00171631
0.0322653	0.0017789
0.0327338	0.00184358
0.0332091	0.00191041
0.0336913	0.00197946
0.0341805	0.00205078
0.0346768	0.00212445
0.0351803	0.00220052
0.0356912	0.00227905
0.0362094	0.00236012
0.0367352	0.0024438
0.0372686	0.00253015
0.0378097	0.00261925
0.0383587	0.00271115
0.0389157	0.00280595
0.0394808	0.0029037
0.0400541	0.00300448
0.0406357	0.00310837
0.0412257	0.00321545
0.0418243	0.00332578
0.0424316	0.00343945
0.0430477	0.00355653
0.0436728	0.00367711
0.044307	0.00380125
0.0449503	0.00392905
0.045603	0.00406057
0.0462652	0.00419589
0.046937	0.00433511
0.0476185	0.00447829
0.0483099	0.00462552
0.0490114	0.00477688
0.0497231	0.00493244
0.0504451	0.00509228
0.0511775	0.00525649
0.0519207	0.00542513
0.0526746	0.00559829
0.0534394	0.00577604
0.0542154	0.00595846
0.0550026	0.00614561
0.0558012	0.00633758
0.0566115	0.00653442
0.0574335	0.0067362
0.0582675	0.006943
0.0591135	0.00715488
0.0599719	0.00737189
0.0608427	0.00759409
0.0617261	0.00782154
0.0626224	0.00805428
0.0635317	0.00829238
0.0644542	0.00853586
0.0653901	0.00878478
0.0663396	0.00903915
0.0673029	0.00929903
0.0682801	0.00956443
0.0692716	0.00983536
0.0702774	0.0101119
0.0712979	0.0103939
0.0723332	0.0106815
0.0733835	0.0109747
0.074449	0.0112735
0.07553	0.0115777
0.0766268	0.0118875
0.0777394	0.0122028
0.0788682	0.0125235
0.0800134	0.0128495
0.0811752	0.0131809
0.0823539	0.0135175
0.0835497	0.0138593
0.0847629	0.0142061
0.0859937	0.014558
0.0872423	0.0149147
0.0885091	0.0152761
0.0897943	0.0156421
0.0910981	0.0160126
0.0924209	0.0163874
0.0937629	0.0167662
0.0951243	0.017149
0.0965056	0.0175356
0.0979069	0.0179256
0.0993285	0.0183189
0.100771	0.0187152
0.102234	0.0191143
0.103718	0.0195158
0.105225	0.0199196
0.106752	0.0203253
0.108302	0.0207325
0.109875	0.0211409
0.11147	0.0215501
0.113089	0.0219599
0.114731	0.0223697
0.116397	0.0227792
0.118087	0.0231879
0.119802	0.0235954
0.121541	0.0240012
0.123306	0.0244049
0.125097	0.0248059
0.126913	0.0252037
0.128756	0.0255978
0.130626	0.0259876
0.132522	0.0263726
0.134447	0.0267521
0.136399	0.0271255
0.138379	0.0274923
0.140389	0.0278517
0.142427	0.0282032
0.144495	0.0285461
0.146593	0.0288796
0.148722	0.029203
0.150881	0.0295157
0.153072	0.029817
0.155295	0.030106
0.15755	0.030382
0.159837	0.0306443
0.162158	0.0308921
0.164513	0.0311246
0.166902	0.031341
0.169325	0.0315406
0.171784	0.0317224
0.174278	0.0318858
0.176809	0.0320299
0.179376	0.0321539
0.181981	0.032257
0.184623	0.0323384
0.187304	0.0323973
0.190024	0.0324328
0.192783	0.0324442
0.195582	0.0324308
0.198422	0.0323917
0.201303	0.0323261
0.204226	0.0322334
0.207192	0.0321127
0.2102	0.0319634
0.213252	0.0317848
0.216349	0.0315762
0.21949	0.031337
0.222677	0.0310665
0.225911	0.0307641
0.229191	0.0304293
0.232519	0.0300615
0.235895	0.0296603
0.23932	0.0292251
0.242795	0.0287556
0.246321	0.0282513
0.249898	0.027712
0.253526	0.0271372
0.257207	0.0265269
0.260942	0.0258807
0.264731	0.0251985
0.268575	0.0244803
0.272475	0.0237259
0.276431	0.0229354
0.280445	0.0221088
0.284517	0.0212463
0.288649	0.0203481
0.29284	0.0194144
0.297092	0.0184455
0.301406	0.0174419
0.305782	0.0164039
0.310222	0.0153321
0.314727	0.014227
0.319297	0.0130894
0.323933	0.0119199
0.328637	0.0107193
0.333409	0.00948854
0.33825	0.00822851
0.343161	0.00694024
0.348144	0.00562481
0.353199	0.00428337
0.358328	0.00291717
0.363531	0.0015275
0.36881	0.000115746
0.374165	-0.00131666
0.379598	-0.00276819
0.38511	-0.00423727
0.390702	-0.00572225
0.396375	-0.0072214
0.40213	-0.00873297
0.407969	-0.0102551
0.413893	-0.0117859
0.419903	-0.0133234
0.426	-0.0148656
0.432186	-0.0164105
0.438461	-0.0179559
0.444828	-0.0194998
0.451287	-0.0210398
0.45784	-0.0225739
0.464488	-0.0240997
0.471232	-0.025615
0.478075	-0.0271174
0.485016	-0.0286047
0.492059	-0.0300745
0.499204	-0.0315244
0.506452	-0.0329521
0.513806	-0.0343553
0.521267	-0.0357315
0.528836	-0.0370784
0.536515	-0.0383938
0.544305	-0.0396752
0.552209	-0.0409204
0.560227	-0.0421272
0.568362	-0.0432932
0.576614	-0.0444163
0.584987	-0.0454943
0.593481	-0.0465252
0.602099	-0.0475069
0.610841	-0.0484375
0.619711	-0.0493149
0.628709	-0.0501373
0.637838	-0.0509031
0.6471	-0.0516104
0.656496	-0.0522577
0.666029	-0.0528434
0.6757	-0.0533662
0.685511	-0.0538246
0.695465	-0.0542174
0.705563	-0.0545436
0.715808	-0.054802
0.726202	-0.0549917
0.736747	-0.0551119
0.747444	-0.0551618
0.758298	-0.0551409
0.769308	-0.0550486
0.780479	-0.0548845
0.791812	-0.0546483
0.803309	-0.0543397
0.814973	-0.0539588
0.826807	-0.0535054
0.838813	-0.0529796
0.850992	-0.0523817
0.863349	-0.0517119
0.875885	-0.0509706
0.888603	-0.0501582
0.901506	-0.0492752
0.914596	-0.0483223
0.927877	-0.0473002
0.94135	-0.0462096
0.955018	-0.0450512
0.968885	-0.0438261
0.982954	-0.0425352
0.997227	-0.0411794
1.01171	-0.0397599
1.0264	-0.0382777
1.0413	-0.036734
1.05642	-0.0351299
1.07176	-0.0334669
1.08732	-0.031746
1.10311	-0.0299687
1.11913	-0.0281362
1.13538	-0.0262499
1.15186	-0.0243112
1.16859	-0.0223215
1.18556	-0.0202822
1.20277	-0.0181948
1.22024	-0.0160607
1.23796	-0.0138814
1.25593	-0.0116582
1.27417	-0.00939278
1.29267	-0.00708645
1.31144	-0.0047407
1.33048	-0.00235699
1.3498	6.32452e-05
1.3694	0.00251857
1.38928	0.00500758
1.40946	0.00752885
1.42992	0.010081
1.45069	0.0126627
1.47175	0.0152725
1.49312	0.0179092
1.5148	0.0205713
1.5368	0.0232578
1.55911	0.0259672
1.58175	0.0286984
1.60472	0.0314502
1.62802	0.0342213
1.65166	0.0370106
1.67564	0.0398171
1.69997	0.0426395
1.72466	0.0454769
1.7497	0.0483282
1.7751	0.0511924
1.80088	0.0540685
1.82703	0.0569554
1.85356	0.0598524
1.88047	0.0627585
1.90778	0.0656728
1.93548	0.0685944
1.96358	0.0715226
1.99209	0.0744565
2.02102	0.0773952
2.05037	0.0803382
2.08014	0.0832846
2.11034	0.0862338
2.14099	0.089185
2.17207	0.0921376
2.20361	0.0950909
2.23561	0.0980444
2.26807	0.100997
2.301	0.103949
2.33442	0.1069
2.36831	0.109848
2.4027	0.112794
2.43759	0.115737
2.47298	0.118676
2.50889	0.121611
2.54532	0.124542
2.58228	0.127468
2.61978	0.130389
2.65782	0.133304
2.69641	0.136213
2.73556	0.139116
2.77528	0.142012
2.81558	0.144901
2.85646	0.147783
2.89794	0.150657
2.94002	0.153522
2.98271	0.15638
3.02602	0.159229
3.06996	0.162068
3.11454	0.164898
3.15976	0.167719
3.20564	0.170529
3.25219	0.173329
3.29941	0.176118
3.34732	0.178895
3.39592	0.181661
3.44523	0.184415
3.49526	0.187156
3.54601	0.189884
3.5975	0.192599
3.64974	0.195299
3.70273	0.197985
3.7565	0.200656
3.81104	0.203311
3.86638	0.20595
3.92252	0.208572
3.97948	0.211177
4.03726	0.213764
4.09588	0.216331
4.15536	0.21888
4.21569	0.221408
4.27691	0.223915
4.33901	0.2264
4.40201	0.228863
4.46593	0.231303
4.53078	0.233719
4.59657	0.23611
4.66331	0.238475
4.73102	0.240814
4.79972	0.243126
4.86941	0.245409
4.94012	0.247664
5.01185	0.249889
5.08462	0.252084
5.15845	0.254247
5.23336	0.256378
5.30935	0.258476
5.38644	0.26054
5.46465	0.26257
5.544	0.264564
5.6245	0.266522
5.70617	0.268443
5.78903	0.270326
5.87308	0.272171
5.95836	0.273976
6.04488	0.275742
6.13265	0.277467
6.2217	0.27915
6.31204	0.280791
6.4037	0.28239
6.49668	0.283944
6.59101	0.285455
6.68672	0.28692
6.78381	0.288339
6.88231	0.289712
6.98225	0.291038
7.08363	0.292315
7.18649	0.293542
7.29084	0.29472
7.3967	0.295847
7.50411	0.296921
7.61307	0.297942
7.72361	0.298909
7.83576	0.29982
7.94954	0.300673
8.06497	0.301468
8.18208	0.302203
8.30088	0.302875
8.42141	0.303483
8.54369	0.304024
8.66775	0.304497
8.79361	0.304899
8.9213	0.305227
9.05084	0.305479
9.18226	0.30565
9.31559	0.305738
9.45085	0.305738
9.58808	0.305648
9.7273	0.305463
9.86855	0.305177
10.0118	0.304786
10.1572	0.304286
10.3047	0.30367
10.4543	0.302932
10.6061	0.302066
10.7601	0.301065
10.9164	0.299923
11.0749	0.298631
11.2357	0.297183
11.3988	0.295569
11.5644	0.293781
11.7323	0.291809
11.9026	0.289646
12.0755	0.28728
12.2508	0.284701
12.4287	0.2819
12.6092	0.278864
12.7922	0.275584
12.978	0.272047
13.1664	0.268243
13.3576	0.264158
13.5516	0.259782
13.7483	0.255102
13.948	0.250106
14.1505	0.244783
14.356	0.23912
14.5644	0.233106
14.7759	0.22673
14.9905	0.21998
15.2081	0.212846
15.429	0.20532
15.653	0.197391
15.8803	0.189053
16.1109	0.180298
16.3448	0.17112
16.5821	0.161517
16.8229	0.151485
17.0672	0.141025
17.315	0.130136
17.5664	0.118824
17.8215	0.107095
18.0803	0.0949573
18.3428	0.0824233
18.6091	0.0695082
18.8793	0.0562305
19.1535	0.0426126
19.4316	0.0286806
19.7138	0.0144648
