1.06838e-05	4.41682e-10
2.13675e-05	1.7667e-09
3.20513e-05	3.97497e-09
4.2735e-05	7.06634e-09
5.34188e-05	1.10406e-08
6.41026e-05	1.58977e-08
7.47863e-05	2.16372e-08
8.54701e-05	2.82591e-08
9.61538e-05	3.57632e-08
0.000106838	4.41493e-08
0.000117521	5.34173e-08
0.000128205	6.35669e-08
0.000138889	7.45981e-08
0.000149573	8.65106e-08
0.000160256	9.93043e-08
0.00017094	1.12979e-07
0.000181624	1.27535e-07
0.000192308	1.42971e-07
0.000202991	1.59287e-07
0.000213675	1.76485e-07
0.000224359	1.94562e-07
0.000235043	2.13519e-07
0.000245726	2.33356e-07
0.00025641	2.54073e-07
0.000267094	2.75669e-07
0.000277778	2.98144e-07
0.000288462	3.21499e-07
0.000299145	3.45732e-07
0.000309829	3.70845e-07
0.000320513	3.96836e-07
0.000331197	4.23705e-07
0.00034188	4.51453e-07
0.000352564	4.80079e-07
0.000363248	5.09583e-07
0.000373932	5.39965e-07
0.000384615	5.71224e-07
0.000395299	6.03361e-07
0.000405983	6.36375e-07
0.000416667	6.70266e-07
0.00042735	7.05034e-07
0.000438034	7.40679e-07
0.000448718	7.77201e-07
0.000459402	8.14598e-07
0.000470085	8.52873e-07
0.000480769	8.92023e-07
0.000491453	9.32049e-07
0.000502137	9.72951e-07
0.000512821	1.01473e-06
0.000523504	1.05738e-06
0.000534188	1.10091e-06
0.000544872	1.14531e-06
0.000555556	1.19059e-06
0.000566239	1.23674e-06
0.000576923	1.28377e-06
0.000587607	1.33167e-06
0.000598291	1.38045e-06
0.000608974	1.4301e-06
0.000619658	1.48063e-06
0.000630342	1.53202e-06
0.000641026	1.5843e-06
0.000651709	1.63744e-06
0.000662393	1.69146e-06
0.000673077	1.74635e-06
0.000683761	1.80211e-06
0.000694444	1.85875e-06
0.000705128	1.91626e-06
0.000715812	1.97464e-06
0.000726496	2.0339e-06
0.000737179	2.09402e-06
0.000747863	2.15502e-06
0.000758547	2.21689e-06
0.000769231	2.27963e-06
0.000779915	2.34324e-06
0.000790598	2.40773e-06
0.000801282	2.47308e-06
0.000811966	2.53931e-06
0.00082265	2.60641e-06
0.000833333	2.67437e-06
0.000843906	2.74249e-06
0.000854613	2.81234e-06
0.000865455	2.88396e-06
0.000876435	2.95741e-06
0.000887555	3.03273e-06
0.000898815	3.10996e-06
0.000910218	3.18915e-06
0.000921766	3.27036e-06
0.000933461	3.35364e-06
0.000945304	3.43903e-06
0.000957297	3.52659e-06
0.000969442	3.61638e-06
0.000981742	3.70845e-06
0.000994197	3.80286e-06
0.00100681	3.89967e-06
0.00101958	3.99895e-06
0.00103252	4.10074e-06
0.00104562	4.20512e-06
0.00105888	4.31216e-06
0.00107232	4.42191e-06
0.00108592	4.53446e-06
0.0010997	4.64986e-06
0.00111365	4.7682e-06
0.00112778	4.88954e-06
0.00114209	5.01396e-06
0.00115658	5.14155e-06
0.00117125	5.27238e-06
0.00118611	5.40653e-06
0.00120116	5.54408e-06
0.0012164	5.68513e-06
0.00123183	5.82976e-06
0.00124746	5.97807e-06
0.00126329	6.13013e-06
0.00127932	6.28606e-06
0.00129555	6.44595e-06
0.00131198	6.6099e-06
0.00132863	6.77801e-06
0.00134548	6.95038e-06
0.00136256	7.12713e-06
0.00137984	7.30837e-06
0.00139735	7.4942e-06
0.00141508	7.68475e-06
0.00143303	7.88013e-06
0.00145121	8.08047e-06
0.00146962	8.28589e-06
0.00148827	8.49652e-06
0.00150715	8.7125e-06
0.00152627	8.93395e-06
0.00154563	9.16101e-06
0.00156524	9.39384e-06
0.0015851	9.63256e-06
0.00160521	9.87734e-06
0.00162558	1.01283e-05
0.0016462	1.03857e-05
0.00166709	1.06495e-05
0.00168824	1.09201e-05
0.00170966	1.11975e-05
0.00173135	1.14819e-05
0.00175331	1.17736e-05
0.00177556	1.20726e-05
0.00179808	1.23792e-05
0.0018209	1.26936e-05
0.001844	1.30159e-05
0.00186739	1.33464e-05
0.00189108	1.36853e-05
0.00191508	1.40327e-05
0.00193937	1.43889e-05
0.00196398	1.47542e-05
0.0019889	1.51287e-05
0.00201413	1.55126e-05
0.00203968	1.59063e-05
0.00206556	1.631e-05
0.00209177	1.67238e-05
0.0021183	1.71481e-05
0.00214518	1.75832e-05
0.0021724	1.80292e-05
0.00219996	1.84866e-05
0.00222787	1.89554e-05
0.00225613	1.94362e-05
0.00228476	1.99291e-05
0.00231374	2.04344e-05
0.0023431	2.09525e-05
0.00237282	2.14837e-05
0.00240293	2.20283e-05
0.00243342	2.25867e-05
0.00246429	2.31592e-05
0.00249555	2.37461e-05
0.00252721	2.43479e-05
0.00255928	2.49648e-05
0.00259175	2.55973e-05
0.00262463	2.62457e-05
0.00265793	2.69106e-05
0.00269165	2.75922e-05
0.0027258	2.82909e-05
0.00276038	2.90074e-05
0.0027954	2.97418e-05
0.00283087	3.04948e-05
0.00286678	3.12668e-05
0.00290315	3.20582e-05
0.00293999	3.28696e-05
0.00297729	3.37014e-05
0.00301506	3.45541e-05
0.00305331	3.54283e-05
0.00309205	3.63246e-05
0.00313128	3.72434e-05
0.003171	3.81853e-05
0.00321123	3.9151e-05
0.00325198	4.01409e-05
0.00329323	4.11557e-05
0.00333502	4.21961e-05
0.00337733	4.32626e-05
0.00342017	4.4356e-05
0.00346357	4.54768e-05
0.00350751	4.66258e-05
0.00355201	4.78037e-05
0.00359707	4.90111e-05
0.00364271	5.02489e-05
0.00368893	5.15178e-05
0.00373573	5.28185e-05
0.00378312	5.41519e-05
0.00383112	5.55187e-05
0.00387973	5.69198e-05
0.00392895	5.83561e-05
0.00397879	5.98284e-05
0.00402927	6.13376e-05
0.00408039	6.28846e-05
0.00413216	6.44704e-05
0.00418459	6.60959e-05
0.00423768	6.77622e-05
0.00429144	6.94702e-05
0.00434589	7.12209e-05
0.00440102	7.30155e-05
0.00445686	7.48549e-05
0.0045134	7.67404e-05
0.00457067	7.86731e-05
0.00462865	8.0654e-05
0.00468738	8.26845e-05
0.00474685	8.47657e-05
0.00480707	8.68989e-05
0.00486806	8.90854e-05
0.00492982	9.13265e-05
0.00499236	9.36236e-05
0.0050557	9.59779e-05
0.00511984	9.8391e-05
0.0051848	0.000100864
0.00525058	0.000103399
0.00531719	0.000105997
0.00538465	0.00010866
0.00545297	0.000111389
0.00552215	0.000114187
0.00559221	0.000117053
0.00566316	0.000119991
0.00573501	0.000123003
0.00580777	0.000126089
0.00588145	0.000129251
0.00595607	0.000132493
0.00603164	0.000135815
0.00610816	0.000139219
0.00618566	0.000142708
0.00626413	0.000146284
0.00634361	0.000149948
0.00642409	0.000153703
0.00650559	0.000157551
0.00658813	0.000161495
0.00667171	0.000165536
0.00675636	0.000169677
0.00684208	0.000173921
0.00692888	0.00017827
0.00701679	0.000182726
0.00710581	0.000187292
0.00719596	0.000191972
0.00728726	0.000196766
0.00737971	0.00020168
0.00747334	0.000206714
0.00756815	0.000211873
0.00766417	0.000217159
0.00776141	0.000222575
0.00785988	0.000228124
0.0079596	0.00023381
0.00806058	0.000239636
0.00816284	0.000245606
0.00826641	0.000251722
0.00837128	0.000257988
0.00847749	0.000264409
0.00858505	0.000270987
0.00869396	0.000277726
0.00880427	0.000284631
0.00891597	0.000291705
0.00902908	0.000298952
0.00914364	0.000306377
0.00925964	0.000313983
0.00937712	0.000321776
0.00949609	0.000329759
0.00961657	0.000337937
0.00973857	0.000346314
0.00986213	0.000354896
0.00998725	0.000363688
0.010114	0.000372693
0.0102423	0.000381919
0.0103722	0.000391368
0.0105038	0.000401048
0.0106371	0.000410963
0.010772	0.000421119
0.0109087	0.000431521
0.0110471	0.000442176
0.0111872	0.000453089
0.0113292	0.000464267
0.0114729	0.000475716
0.0116185	0.000487441
0.0117659	0.000499451
0.0119151	0.00051175
0.0120663	0.000524347
0.0122194	0.000537247
0.0123744	0.000550459
0.0125314	0.000563989
0.0126904	0.000577845
0.0128514	0.000592034
0.0130145	0.000606564
0.0131796	0.000621444
0.0133468	0.000636681
0.0135161	0.000652283
0.0136876	0.000668259
0.0138613	0.000684617
0.0140371	0.000701367
0.0142152	0.000718518
0.0143956	0.000736078
0.0145782	0.000754057
0.0147631	0.000772465
0.0149504	0.000791311
0.0151401	0.000810606
0.0153322	0.00083036
0.0155267	0.000850582
0.0157237	0.000871285
0.0159232	0.000892479
0.0161252	0.000914175
0.0163298	0.000936384
0.016537	0.000959118
0.0167468	0.00098239
0.0169593	0.00100621
0.0171744	0.00103059
0.0173923	0.00105555
0.017613	0.00108109
0.0178364	0.00110723
0.0180627	0.00113399
0.0182919	0.00116137
0.018524	0.0011894
0.018759	0.00121808
0.018997	0.00124743
0.019238	0.00127746
0.0194821	0.00130819
0.0197292	0.00133964
0.0199795	0.00137183
0.020233	0.00140475
0.0204897	0.00143845
0.0207497	0.00147292
0.0210129	0.00150819
0.0212795	0.00154427
0.0215495	0.00158119
0.0218229	0.00161896
0.0220998	0.00165759
0.0223801	0.00169712
0.0226641	0.00173755
0.0229516	0.00177891
0.0232428	0.00182121
0.0235377	0.00186448
0.0238363	0.00190874
0.0241387	0.001954
0.024445	0.00200029
0.0247551	0.00204764
0.0250692	0.00209606
0.0253872	0.00214557
0.0257093	0.0021962
0.0260355	0.00224798
0.0263658	0.00230092
0.0267003	0.00235505
0.0270391	0.0024104
0.0273821	0.00246699
0.0277295	0.00252484
0.0280813	0.00258398
0.0284376	0.00264445
0.0287984	0.00270626
0.0291637	0.00276944
0.0295337	0.00283402
0.0299084	0.00290003
0.0302879	0.00296749
0.0306722	0.00303645
0.0310613	0.00310691
0.0314554	0.00317893
0.0318544	0.00325252
0.0322586	0.00332772
0.0326679	0.00340457
0.0330823	0.00348308
0.033502	0.0035633
0.0339271	0.00364525
0.0343575	0.00372898
0.0347934	0.00381452
0.0352348	0.00390189
0.0356819	0.00399114
0.0361346	0.0040823
0.036593	0.00417541
0.0370573	0.0042705
0.0375274	0.00436762
0.0380035	0.00446679
0.0384857	0.00456807
0.0389739	0.00467147
0.0394684	0.00477706
0.0399691	0.00488486
0.0404762	0.00499491
0.0409898	0.00510726
0.0415098	0.00522195
0.0420364	0.00533902
0.0425698	0.00545851
0.0431098	0.00558047
0.0436568	0.00570493
0.0442107	0.00583195
0.0447716	0.00596156
0.0453396	0.00609381
0.0459148	0.00622875
0.0464973	0.00636642
0.0470872	0.00650687
0.0476846	0.00665015
0.0482896	0.00679629
0.0489023	0.00694536
0.0495227	0.00709739
0.050151	0.00725243
0.0507873	0.00741054
0.0514316	0.00757177
0.0520841	0.00773615
0.0527449	0.00790375
0.0534141	0.00807461
0.0540918	0.00824878
0.054778	0.00842631
0.055473	0.00860726
0.0561768	0.00879167
0.0568895	0.0089796
0.0576113	0.0091711
0.0583422	0.00936622
0.0590824	0.00956501
0.059832	0.00976753
0.0605911	0.00997382
0.0613598	0.0101839
0.0621383	0.0103979
0.0629266	0.0106159
0.063725	0.0108378
0.0645334	0.0110638
0.0653522	0.0112938
0.0661813	0.011528
0.067021	0.0117664
0.0678713	0.0120091
0.0687323	0.012256
0.0696044	0.0125073
0.0704874	0.012763
0.0713817	0.0130232
0.0722873	0.0132879
0.0732045	0.0135571
0.0741332	0.0138309
0.0750737	0.0141094
0.0760262	0.0143926
0.0769907	0.0146805
0.0779675	0.0149732
0.0789567	0.0152708
0.0799584	0.0155733
0.0809729	0.0158807
0.0820002	0.0161931
0.0830405	0.0165105
0.0840941	0.016833
0.085161	0.0171605
0.0862414	0.0174933
0.0873356	0.0178312
0.0884436	0.0181743
0.0895657	0.0185227
0.090702	0.0188764
0.0918528	0.0192354
0.0930181	0.0195997
0.0941982	0.0199695
0.0953933	0.0203446
0.0966036	0.0207252
0.0978292	0.0211113
0.0990704	0.0215028
0.100327	0.0218998
0.1016	0.0223024
0.102889	0.0227105
0.104195	0.0231241
0.105516	0.0235433
0.106855	0.0239681
0.108211	0.0243984
0.109584	0.0248343
0.110974	0.0252757
0.112382	0.0257227
0.113808	0.0261753
0.115252	0.0266334
0.116714	0.027097
0.118195	0.0275662
0.119694	0.0280408
0.121213	0.0285209
0.122751	0.0290064
0.124308	0.0294974
0.125885	0.0299937
0.127482	0.0304953
0.129099	0.0310022
0.130737	0.0315143
0.132396	0.0320316
0.134076	0.032554
0.135777	0.0330814
0.137499	0.0336138
0.139244	0.0341511
0.14101	0.0346933
0.142799	0.0352401
0.144611	0.0357917
0.146446	0.0363477
0.148304	0.0369082
0.150185	0.0374731
0.152091	0.0380422
0.15402	0.0386154
0.155974	0.0391926
0.157953	0.0397736
0.159957	0.0403583
0.161987	0.0409466
0.164042	0.0415383
0.166123	0.0421333
0.168231	0.0427314
0.170365	0.0433324
0.172526	0.0439361
0.174715	0.0445424
0.176932	0.0451511
0.179177	0.0457619
0.18145	0.0463747
0.183752	0.0469893
0.186083	0.0476053
0.188444	0.0482227
0.190835	0.0488411
0.193256	0.0494603
0.195708	0.05008
0.198191	0.0507001
0.200705	0.0513202
0.203252	0.05194
0.20583	0.0525593
0.208442	0.0531778
0.211086	0.0537952
0.213764	0.0544111
0.216476	0.0550253
0.219223	0.0556374
0.222004	0.056247
0.224821	0.056854
0.227673	0.0574578
0.230561	0.0580582
0.233487	0.0586548
0.236449	0.0592472
0.239449	0.059835
0.242487	0.0604178
0.245563	0.0609954
0.248678	0.0615671
0.251833	0.0621327
0.255028	0.0626917
0.258264	0.0632437
0.261541	0.0637883
0.264859	0.064325
0.268219	0.0648533
0.271622	0.0653729
0.275068	0.0658833
0.278558	0.066384
0.282092	0.0668745
0.285671	0.0673543
0.289295	0.0678231
0.292966	0.0682802
0.296682	0.0687253
0.300446	0.0691577
0.304258	0.0695771
0.308118	0.0699828
0.312027	0.0703745
0.315986	0.0707515
0.319995	0.0711134
0.324055	0.0714597
0.328166	0.0717898
0.33233	0.0721032
0.336546	0.0723994
0.340816	0.0726778
0.34514	0.0729381
0.349519	0.0731795
0.353953	0.0734017
0.358444	0.073604
0.362991	0.073786
0.367596	0.0739471
0.37226	0.0740868
0.376983	0.0742047
0.381766	0.0743001
0.386609	0.0743726
0.391514	0.0744217
0.396481	0.0744469
0.401512	0.0744477
0.406606	0.0744235
0.411764	0.074374
0.416988	0.0742986
0.422279	0.0741968
0.427636	0.0740682
0.433062	0.0739123
0.438556	0.0737288
0.44412	0.073517
0.449754	0.0732767
0.455461	0.0730073
0.461239	0.0727085
0.467091	0.0723798
0.473017	0.0720209
0.479018	0.0716314
0.485095	0.0712109
0.49125	0.070759
0.497482	0.0702754
0.503794	0.0697598
0.510186	0.0692118
0.516658	0.0686311
0.523213	0.0680174
0.529851	0.0673705
0.536573	0.06669
0.543381	0.0659756
0.550275	0.0652273
0.557256	0.0644446
0.564326	0.0636274
0.571486	0.0627755
0.578736	0.0618888
0.586079	0.0609669
0.593514	0.0600099
0.601044	0.0590174
0.60867	0.0579895
0.616392	0.056926
0.624212	0.0558268
0.632132	0.0546918
0.640152	0.053521
0.648273	0.0523143
0.656498	0.0510717
0.664827	0.0497932
0.673262	0.0484788
0.681804	0.0471285
0.690454	0.0457424
0.699213	0.0443205
0.708084	0.0428629
0.717068	0.0413697
0.726165	0.039841
0.735378	0.038277
0.744708	0.0366777
0.754156	0.0350434
0.763724	0.0333743
0.773414	0.0316705
0.783226	0.0299323
0.793163	0.02816
0.803226	0.0263537
0.813416	0.0245138
0.823736	0.0226406
0.834187	0.0207344
0.84477	0.0187955
0.855488	0.0168244
0.866342	0.0148214
0.877333	0.0127869
0.888464	0.0107213
0.899736	0.00862509
0.911151	0.00649875
0.922711	0.00434274
0.934417	0.00215758
0.946272	-5.61882e-05
0.958278	-0.00229802
0.970435	-0.00456735
0.982747	-0.00686356
0.995216	-0.00918605
1.00784	-0.0115342
1.02063	-0.0139073
1.03358	-0.0163046
1.04669	-0.0187256
1.05997	-0.0211694
1.07342	-0.0236354
1.08704	-0.0261227
1.10083	-0.0286305
1.11479	-0.0311581
1.12894	-0.0337046
1.14326	-0.0362691
1.15776	-0.0388509
1.17245	-0.0414489
1.18733	-0.0440623
1.20239	-0.0466902
1.21765	-0.0493315
1.2331	-0.0519854
1.24874	-0.0546508
1.26458	-0.0573267
1.28063	-0.060012
1.29687	-0.0627059
1.31333	-0.065407
1.32999	-0.0681145
1.34686	-0.0708271
1.36395	-0.0735437
1.38126	-0.0762633
1.39878	-0.0789845
1.41653	-0.0817063
1.4345	-0.0844275
1.4527	-0.0871467
1.47113	-0.0898629
1.48979	-0.0925746
1.50869	-0.0952806
1.52783	-0.0979797
1.54722	-0.10067
1.56685	-0.103351
1.58673	-0.106021
1.60686	-0.108679
1.62724	-0.111322
1.64789	-0.11395
1.66879	-0.116562
1.68997	-0.119155
1.71141	-0.121727
1.73312	-0.124279
1.75511	-0.126807
1.77738	-0.12931
1.79993	-0.131787
1.82276	-0.134235
1.84589	-0.136654
1.86931	-0.13904
1.89302	-0.141393
1.91704	-0.143711
1.94136	-0.145991
1.96599	-0.148232
1.99093	-0.150431
2.01619	-0.152587
2.04177	-0.154698
2.06768	-0.156762
2.09391	-0.158775
2.12047	-0.160738
2.14738	-0.162646
2.17462	-0.164499
2.20221	-0.166293
2.23015	-0.168027
2.25844	-0.169698
2.2871	-0.171304
2.31611	-0.172843
2.3455	-0.174313
2.37526	-0.17571
2.40539	-0.177034
2.43591	-0.178281
2.46681	-0.179449
2.49811	-0.180537
2.5298	-0.18154
2.5619	-0.182458
2.5944	-0.183288
2.62732	-0.184028
2.66065	-0.184674
2.69441	-0.185226
2.72859	-0.18568
2.76321	-0.186035
2.79826	-0.186287
2.83377	-0.186436
2.86972	-0.186479
2.90613	-0.186413
2.943	-0.186236
2.98034	-0.185947
3.01815	-0.185544
3.05644	-0.185023
3.09522	-0.184385
3.13448	-0.183625
3.17425	-0.182744
3.21452	-0.181738
3.25531	-0.180607
3.29661	-0.179348
3.33843	-0.17796
3.38079	-0.176441
3.42368	-0.17479
3.46712	-0.173006
3.5111	-0.171087
3.55565	-0.169033
3.60076	-0.166841
3.64644	-0.164511
3.6927	-0.162043
3.73955	-0.159435
3.787	-0.156686
3.83504	-0.153796
3.8837	-0.150765
3.93297	-0.147592
3.98287	-0.144277
4.0334	-0.14082
4.08457	-0.137221
4.13639	-0.13348
4.18887	-0.129597
4.24202	-0.125573
4.29584	-0.121408
4.35034	-0.117103
4.40553	-0.112659
4.46142	-0.108077
4.51803	-0.103358
4.57535	-0.0985031
4.6334	-0.0935142
4.69218	-0.0883929
4.75171	-0.0831408
4.81199	-0.07776
4.87304	-0.0722525
4.93487	-0.0666207
4.99748	-0.060867
5.06088	-0.0549941
5.12509	-0.0490047
5.19011	-0.0429018
5.25596	-0.0366884
5.32264	-0.0303679
5.39017	-0.0239437
5.45856	-0.0174195
5.52781	-0.0107988
5.59794	-0.00408576
5.66896	0.00271568
5.74089	0.00960128
5.81372	0.0165667
5.88748	0.0236073
5.96217	0.0307187
6.03782	0.0378958
6.11442	0.0451339
6.19199	0.052428
6.27055	0.0597727
6.35011	0.0671628
6.43067	0.074593
6.51226	0.0820577
6.59488	0.0895512
6.67855	0.0970679
6.76328	0.104602
6.84908	0.112147
6.93598	0.119698
7.02398	0.127248
7.11309	0.134791
7.20333	0.142321
7.29472	0.149832
7.38727	0.157316
7.481	0.164768
7.57591	0.172181
7.67202	0.179549
7.76936	0.186864
7.86793	0.194121
7.96775	0.201311
8.06884	0.208429
8.17121	0.215467
8.27488	0.222419
8.37986	0.229277
8.48618	0.236034
8.59384	0.242683
8.70287	0.249217
8.81329	0.255628
8.9251	0.261909
9.03833	0.268053
9.153	0.274051
9.26913	0.279896
9.38673	0.285581
9.50582	0.291097
9.62642	0.296436
9.74855	0.301591
9.87223	0.306552
9.99748	0.311312
10.1243	0.315862
10.2528	0.320194
10.3828	0.324298
10.5146	0.328166
10.648	0.331789
10.7831	0.335157
10.9199	0.338261
11.0584	0.341092
11.1987	0.343639
11.3408	0.345894
11.4847	0.347845
11.6304	0.349483
11.7779	0.350798
11.9274	0.351778
12.0787	0.352415
12.2319	0.352696
12.3871	0.352611
12.5443	0.35215
12.7034	0.351301
12.8646	0.350054
13.0278	0.348398
13.1931	0.346322
13.3605	0.343814
13.53	0.340866
13.7016	0.337465
13.8755	0.333601
14.0515	0.329266
14.2298	0.324448
14.4103	0.319139
14.5931	0.313329
14.7783	0.307011
14.9658	0.300175
15.1556	0.292817
15.3479	0.284928
15.5426	0.276504
15.7398	0.26754
15.9395	0.258032
16.1417	0.24798
16.3465	0.23738
16.5539	0.226236
16.7639	0.214547
16.9766	0.202319
17.192	0.189558
17.4101	0.176269
17.631	0.162465
17.8547	0.148156
18.0812	0.133358
18.3106	0.118086
18.5429	0.102363
18.7782	0.0862086
19.0164	0.0696503
19.2577	0.0527164
19.502	0.0354392
19.7494	0.0178541
