1.72117e-05	7.40887e-17
3.44234e-05	5.92702e-16
5.16351e-05	2.00031e-15
6.88468e-05	4.7413e-15
8.60585e-05	9.26e-15
0.00010327	1.60006e-14
0.000120482	2.54074e-14
0.000137694	3.79244e-14
0.000154905	5.39957e-14
0.000172117	7.40653e-14
0.000189329	9.85769e-14
0.00020654	1.27975e-13
0.000223752	1.62702e-13
0.000240964	2.03203e-13
0.000258176	2.4992e-13
0.000275387	3.03298e-13
0.000292599	3.63781e-13
0.000309811	4.3181e-13
0.000327022	5.07831e-13
0.000344234	5.92285e-13
0.000361446	6.85616e-13
0.000378657	7.88268e-13
0.000395869	9.00683e-13
0.000413081	1.0233e-12
0.000430293	1.15657e-12
0.000447504	1.30094e-12
0.000464716	1.45683e-12
0.000481928	1.62471e-12
0.000499139	1.805e-12
0.000516351	1.99816e-12
0.000533563	2.20462e-12
0.000550775	2.42483e-12
0.000567986	2.65923e-12
0.000585198	2.90826e-12
0.00060241	3.17237e-12
0.000619621	3.45199e-12
0.000636833	3.74757e-12
0.000654045	4.05955e-12
0.000671256	4.38837e-12
0.000688468	4.73448e-12
0.00070568	5.09831e-12
0.000722892	5.48031e-12
0.000740103	5.88092e-12
0.000757315	6.30058e-12
0.000774527	6.73973e-12
0.000791738	7.19882e-12
0.00080895	7.67828e-12
0.000826162	8.17855e-12
0.000843373	8.70009e-12
0.000860585	9.24332e-12
0.000877797	9.80869e-12
0.000895009	1.03966e-11
0.00091222	1.10076e-11
0.000929432	1.16421e-11
0.000946644	1.23004e-11
0.000963855	1.29831e-11
0.000981067	1.36905e-11
0.000998279	1.44232e-11
0.00101549	1.51816e-11
0.0010327	1.59661e-11
0.00104991	1.67771e-11
0.00106713	1.76151e-11
0.00108434	1.84805e-11
0.00110155	1.93738e-11
0.00111876	2.02954e-11
0.00113597	2.12457e-11
0.00115318	2.22252e-11
0.0011704	2.32344e-11
0.00118761	2.42736e-11
0.00120482	2.53433e-11
0.00122203	2.6444e-11
0.00123924	2.75761e-11
0.00125645	2.87399e-11
0.00127367	2.99361e-11
0.00129088	3.11649e-11
0.00130809	3.24269e-11
0.0013253	3.37225e-11
0.00134251	3.50521e-11
0.00135972	3.64162e-11
0.00137694	3.78151e-11
0.00139415	3.92494e-11
0.00141136	4.07195e-11
0.00142857	4.22258e-11
0.00144572	4.37631e-11
0.00146308	4.53564e-11
0.00148064	4.70077e-11
0.00149842	4.8719e-11
0.00151641	5.04927e-11
0.00153461	5.23309e-11
0.00155303	5.42359e-11
0.00157168	5.62103e-11
0.00159054	5.82566e-11
0.00160964	6.03773e-11
0.00162896	6.25752e-11
0.00164852	6.4853e-11
0.00166831	6.72137e-11
0.00168834	6.96603e-11
0.00170861	7.21959e-11
0.00172912	7.48238e-11
0.00174988	7.75473e-11
0.00177088	8.03698e-11
0.00179214	8.32951e-11
0.00181366	8.63268e-11
0.00183543	8.94687e-11
0.00185746	9.2725e-11
0.00187976	9.60997e-11
0.00190233	9.95971e-11
0.00192517	1.03222e-10
0.00194828	1.06978e-10
0.00197167	1.10872e-10
0.00199534	1.14906e-10
0.00201929	1.19088e-10
0.00204353	1.23421e-10
0.00206807	1.27913e-10
0.00209289	1.32567e-10
0.00211802	1.37391e-10
0.00214345	1.4239e-10
0.00216918	1.47571e-10
0.00219522	1.52941e-10
0.00222157	1.58506e-10
0.00224824	1.64273e-10
0.00227523	1.7025e-10
0.00230255	1.76444e-10
0.00233019	1.82863e-10
0.00235816	1.89516e-10
0.00238647	1.9641e-10
0.00241512	2.03556e-10
0.00244412	2.10961e-10
0.00247346	2.18635e-10
0.00250315	2.26588e-10
0.0025332	2.34831e-10
0.00256361	2.43373e-10
0.00259439	2.52225e-10
0.00262553	2.61399e-10
0.00265705	2.70907e-10
0.00268895	2.8076e-10
0.00272123	2.90972e-10
0.0027539	3.01554e-10
0.00278696	3.12522e-10
0.00282042	3.23887e-10
0.00285428	3.35666e-10
0.00288854	3.47873e-10
0.00292322	3.60523e-10
0.00295831	3.73633e-10
0.00299383	3.8722e-10
0.00302977	4.013e-10
0.00306614	4.15891e-10
0.00310295	4.31013e-10
0.0031402	4.46684e-10
0.0031779	4.62924e-10
0.00321605	4.79755e-10
0.00325466	4.97196e-10
0.00329373	5.15271e-10
0.00333327	5.34003e-10
0.00337329	5.53415e-10
0.00341378	5.73532e-10
0.00345477	5.9438e-10
0.00349624	6.15985e-10
0.00353821	6.38374e-10
0.00358069	6.61577e-10
0.00362368	6.85622e-10
0.00366718	7.1054e-10
0.0037112	7.36363e-10
0.00375576	7.63123e-10
0.00380084	7.90855e-10
0.00384647	8.19593e-10
0.00389265	8.49375e-10
0.00393938	8.80238e-10
0.00398667	9.12221e-10
0.00403453	9.45365e-10
0.00408297	9.79712e-10
0.00413198	1.01531e-09
0.00418159	1.05219e-09
0.00423179	1.09041e-09
0.00428259	1.13002e-09
0.004334	1.17107e-09
0.00438603	1.21361e-09
0.00443869	1.25769e-09
0.00449197	1.30337e-09
0.0045459	1.35071e-09
0.00460047	1.39976e-09
0.0046557	1.45059e-09
0.0047116	1.50327e-09
0.00476816	1.55786e-09
0.0048254	1.61442e-09
0.00488333	1.67304e-09
0.00494195	1.73379e-09
0.00500128	1.79673e-09
0.00506132	1.86196e-09
0.00512208	1.92956e-09
0.00518357	1.9996e-09
0.0052458	2.07218e-09
0.00530878	2.1474e-09
0.00537251	2.22534e-09
0.00543701	2.3061e-09
0.00550228	2.38979e-09
0.00556833	2.47652e-09
0.00563518	2.56639e-09
0.00570283	2.65951e-09
0.00577129	2.75601e-09
0.00584058	2.856e-09
0.00591069	2.95962e-09
0.00598165	3.06699e-09
0.00605346	3.17825e-09
0.00612613	3.29353e-09
0.00619968	3.413e-09
0.00627411	3.53678e-09
0.00634943	3.66506e-09
0.00642565	3.79797e-09
0.00650279	3.9357e-09
0.00658086	4.07841e-09
0.00665986	4.22629e-09
0.00673981	4.37952e-09
0.00682072	4.5383e-09
0.00690261	4.70282e-09
0.00698547	4.87329e-09
0.00706933	5.04994e-09
0.0071542	5.23297e-09
0.00724009	5.42263e-09
0.007327	5.61915e-09
0.00741496	5.82277e-09
0.00750398	6.03376e-09
0.00759407	6.25238e-09
0.00768523	6.4789e-09
0.00777749	6.71361e-09
0.00787086	6.95681e-09
0.00796535	7.2088e-09
0.00806098	7.4699e-09
0.00815775	7.74044e-09
0.00825568	8.02075e-09
0.00835479	8.31119e-09
0.00845509	8.61212e-09
0.00855659	8.92393e-09
0.00865932	9.247e-09
0.00876327	9.58174e-09
0.00886848	9.92857e-09
0.00897494	1.02879e-08
0.00908269	1.06602e-08
0.00919172	1.1046e-08
0.00930207	1.14457e-08
0.00941374	1.18598e-08
0.00952675	1.22889e-08
0.00964112	1.27335e-08
0.00975686	1.3194e-08
0.00987399	1.36713e-08
0.00999253	1.41657e-08
0.0101125	1.46779e-08
0.0102339	1.52087e-08
0.0103568	1.57585e-08
0.0104811	1.63282e-08
0.0106069	1.69185e-08
0.0107342	1.753e-08
0.0108631	1.81635e-08
0.0109935	1.88199e-08
0.0111255	1.94999e-08
0.0112591	2.02045e-08
0.0113942	2.09344e-08
0.011531	2.16906e-08
0.0116694	2.2474e-08
0.0118095	2.32856e-08
0.0119513	2.41265e-08
0.0120948	2.49976e-08
0.01224	2.59001e-08
0.0123869	2.6835e-08
0.0125356	2.78036e-08
0.0126861	2.88071e-08
0.0128384	2.98466e-08
0.0129925	3.09235e-08
0.0131485	3.20391e-08
0.0133064	3.31949e-08
0.0134661	3.43922e-08
0.0136278	3.56325e-08
0.0137914	3.69174e-08
0.0139569	3.82484e-08
0.0141245	3.96273e-08
0.0142941	4.10557e-08
0.0144657	4.25354e-08
0.0146393	4.40682e-08
0.0148151	4.5656e-08
0.0149929	4.73008e-08
0.0151729	4.90046e-08
0.0153551	5.07696e-08
0.0155394	5.25979e-08
0.0157259	5.44917e-08
0.0159147	5.64534e-08
0.0161058	5.84855e-08
0.0162991	6.05904e-08
0.0164948	6.27708e-08
0.0166928	6.50292e-08
0.0168932	6.73686e-08
0.017096	6.97917e-08
0.0173013	7.23016e-08
0.017509	7.49013e-08
0.0177192	7.75941e-08
0.0179319	8.03832e-08
0.0181472	8.32722e-08
0.018365	8.62644e-08
0.0185855	8.93637e-08
0.0188086	9.25738e-08
0.0190344	9.58986e-08
0.0192629	9.93422e-08
0.0194942	1.02909e-07
0.0197282	1.06603e-07
0.019965	1.10429e-07
0.0202047	1.14391e-07
0.0204473	1.18495e-07
0.0206927	1.22746e-07
0.0209411	1.27148e-07
0.0211925	1.31707e-07
0.021447	1.36428e-07
0.0217044	1.41318e-07
0.021965	1.46383e-07
0.0222287	1.51627e-07
0.0224955	1.57059e-07
0.0227656	1.62684e-07
0.0230389	1.68509e-07
0.0233155	1.74541e-07
0.0235954	1.80788e-07
0.0238786	1.87257e-07
0.0241653	1.93957e-07
0.0244554	2.00894e-07
0.024749	2.08078e-07
0.0250461	2.15517e-07
0.0253468	2.23221e-07
0.0256511	2.31198e-07
0.025959	2.39458e-07
0.0262707	2.48011e-07
0.026586	2.56868e-07
0.0269052	2.66039e-07
0.0272282	2.75535e-07
0.0275551	2.85367e-07
0.0278859	2.95548e-07
0.0282206	3.06089e-07
0.0285594	3.17004e-07
0.0289023	3.28305e-07
0.0292493	3.40006e-07
0.0296004	3.5212e-07
0.0299558	3.64663e-07
0.0303154	3.7765e-07
0.0306793	3.91095e-07
0.0310476	4.05015e-07
0.0314203	4.19426e-07
0.0317975	4.34346e-07
0.0321793	4.49792e-07
0.0325656	4.65783e-07
0.0329565	4.82338e-07
0.0333522	4.99477e-07
0.0337526	5.17218e-07
0.0341578	5.35585e-07
0.0345678	5.54598e-07
0.0349828	5.7428e-07
0.0354028	5.94654e-07
0.0358278	6.15745e-07
0.0362579	6.37577e-07
0.0366932	6.60175e-07
0.0371337	6.83567e-07
0.0375795	7.0778e-07
0.0380306	7.32842e-07
0.0384872	7.58783e-07
0.0389492	7.85633e-07
0.0394168	8.13423e-07
0.03989	8.42187e-07
0.0403689	8.71958e-07
0.0408535	9.0277e-07
0.041344	9.34659e-07
0.0418403	9.67664e-07
0.0423426	1.00182e-06
0.0428509	1.03717e-06
0.0433653	1.07375e-06
0.0438859	1.11161e-06
0.0444128	1.15079e-06
0.044946	1.19134e-06
0.0454855	1.23329e-06
0.0460316	1.27671e-06
0.0465842	1.32164e-06
0.0471434	1.36813e-06
0.0477094	1.41624e-06
0.0482822	1.46602e-06
0.0488618	1.51752e-06
0.0494484	1.57081e-06
0.050042	1.62596e-06
0.0506428	1.68301e-06
0.0512507	1.74204e-06
0.051866	1.80311e-06
0.0524886	1.8663e-06
0.0531188	1.93167e-06
0.0537565	1.9993e-06
0.0544018	2.06926e-06
0.0550549	2.14164e-06
0.0557158	2.21652e-06
0.0563847	2.29398e-06
0.0570616	2.37411e-06
0.0577466	2.45699e-06
0.0584399	2.54273e-06
0.0591414	2.63142e-06
0.0598514	2.72316e-06
0.0605699	2.81804e-06
0.0612971	2.91618e-06
0.062033	3.01769e-06
0.0627777	3.12268e-06
0.0635313	3.23126e-06
0.064294	3.34356e-06
0.0650659	3.4597e-06
0.065847	3.57981e-06
0.0666375	3.70403e-06
0.0674375	3.83248e-06
0.068247	3.96531e-06
0.0690663	4.10267e-06
0.0698955	4.24471e-06
0.0707346	4.39158e-06
0.0715838	4.54344e-06
0.0724431	4.70047e-06
0.0733128	4.86282e-06
0.0741929	5.03069e-06
0.0750836	5.20424e-06
0.075985	5.38367e-06
0.0768972	5.56917e-06
0.0778203	5.76095e-06
0.0787546	5.95921e-06
0.0797	6.16416e-06
0.0806568	6.37602e-06
0.0816251	6.59502e-06
0.082605	6.8214e-06
0.0835967	7.05539e-06
0.0846003	7.29725e-06
0.0856159	7.54724e-06
0.0866437	7.80561e-06
0.0876839	8.07264e-06
0.0887365	8.34862e-06
0.0898018	8.63383e-06
0.0908799	8.92858e-06
0.0919709	9.23318e-06
0.093075	9.54794e-06
0.0941924	9.87319e-06
0.0953231	1.02093e-05
0.0964675	1.05566e-05
0.0976256	1.09154e-05
0.0987976	1.12861e-05
0.0999836	1.16691e-05
0.101184	1.20649e-05
0.102399	1.24737e-05
0.103628	1.2896e-05
0.104872	1.33324e-05
0.106131	1.37831e-05
0.107405	1.42486e-05
0.108694	1.47296e-05
0.109999	1.52263e-05
0.11132	1.57393e-05
0.112656	1.62692e-05
0.114009	1.68165e-05
0.115377	1.73817e-05
0.116763	1.79654e-05
0.118164	1.85682e-05
0.119583	1.91907e-05
0.121018	1.98334e-05
0.122471	2.04971e-05
0.123942	2.11824e-05
0.125429	2.189e-05
0.126935	2.26205e-05
0.128459	2.33747e-05
0.130001	2.41534e-05
0.131562	2.49572e-05
0.133141	2.57869e-05
0.13474	2.66435e-05
0.136357	2.75276e-05
0.137994	2.84402e-05
0.139651	2.93821e-05
0.141327	3.03542e-05
0.143024	3.13575e-05
0.144741	3.23929e-05
0.146479	3.34614e-05
0.148237	3.4564e-05
0.150017	3.57017e-05
0.151818	3.68757e-05
0.15364	3.8087e-05
0.155485	3.93368e-05
0.157351	4.06262e-05
0.15924	4.19564e-05
0.161152	4.33286e-05
0.163086	4.47442e-05
0.165044	4.62044e-05
0.167026	4.77106e-05
0.169031	4.92641e-05
0.17106	5.08663e-05
0.173114	5.25188e-05
0.175192	5.42229e-05
0.177295	5.59804e-05
0.179423	5.77926e-05
0.181577	5.96612e-05
0.183757	6.1588e-05
0.185963	6.35746e-05
0.188196	6.56228e-05
0.190455	6.77343e-05
0.192742	6.99111e-05
0.195055	7.21551e-05
0.197397	7.44682e-05
0.199767	7.68523e-05
0.202165	7.93097e-05
0.204592	8.18423e-05
0.207048	8.44525e-05
0.209534	8.71423e-05
0.212049	8.99142e-05
0.214595	9.27704e-05
0.217171	9.57134e-05
0.219778	9.87457e-05
0.222417	0.00010187
0.225087	0.000105088
0.227789	0.000108404
0.230523	0.000111819
0.233291	0.000115337
0.236092	0.000118961
0.238926	0.000122693
0.241794	0.000126537
0.244697	0.000130495
0.247634	0.000134571
0.250607	0.000138768
0.253616	0.00014309
0.256661	0.00014754
0.259742	0.000152122
0.26286	0.000156838
0.266016	0.000161694
0.269209	0.000166692
0.272441	0.000171836
0.275712	0.000177131
0.279022	0.000182581
0.282371	0.00018819
0.285761	0.000193962
0.289192	0.000199901
0.292663	0.000206012
0.296177	0.000212301
0.299732	0.00021877
0.303331	0.000225426
0.306972	0.000232273
0.310657	0.000239317
0.314387	0.000246562
0.318161	0.000254014
0.321981	0.000261678
0.325846	0.000269561
0.329758	0.000277667
0.333716	0.000286002
0.337723	0.000294574
0.341777	0.000303386
0.34588	0.000312447
0.350032	0.000321763
0.354235	0.000331339
0.358487	0.000341183
0.362791	0.000351302
0.367146	0.000361702
0.371554	0.000372391
0.376014	0.000383377
0.380528	0.000394666
0.385096	0.000406267
0.38972	0.000418188
0.394398	0.000430436
0.399133	0.00044302
0.403924	0.000455948
0.408774	0.000469229
0.413681	0.000482872
0.418647	0.000496885
0.423673	0.000511279
0.428759	0.000526062
0.433906	0.000541244
0.439116	0.000556835
0.444387	0.000572846
0.449722	0.000589285
0.455121	0.000606165
0.460585	0.000623495
0.466114	0.000641287
0.47171	0.000659551
0.477373	0.0006783
0.483103	0.000697546
0.488903	0.000717299
0.494772	0.000737572
0.500712	0.000758378
0.506723	0.000779729
0.512806	0.000801639
0.518963	0.000824121
0.525193	0.000847188
0.531498	0.000870855
0.537878	0.000895135
0.544336	0.000920042
0.55087	0.000945592
0.557483	0.0009718
0.564176	0.000998681
0.570949	0.00102625
0.577803	0.00105453
0.58474	0.00108352
0.59176	0.00111326
0.598864	0.00114375
0.606053	0.00117501
0.613329	0.00120706
0.620692	0.00123992
0.628143	0.00127361
0.635684	0.00130814
0.643315	0.00134354
0.651038	0.00137983
0.658854	0.00141702
0.666764	0.00145514
0.674768	0.0014942
0.682869	0.00153424
0.691067	0.00157526
0.699363	0.00161731
0.707759	0.00166038
0.716255	0.00170452
0.724854	0.00174975
0.733556	0.00179609
0.742362	0.00184356
0.751274	0.00189219
0.760293	0.00194201
0.769421	0.00199305
0.778657	0.00204533
0.788005	0.00209888
0.797465	0.00215373
0.807039	0.00220992
0.816727	0.00226747
0.826532	0.00232641
0.836455	0.00238677
0.846496	0.0024486
0.856659	0.00251191
0.866943	0.00257676
0.87735	0.00264316
0.887883	0.00271117
0.898542	0.00278081
0.909329	0.00285213
0.920246	0.00292516
0.931293	0.00299994
0.942473	0.00307653
0.953788	0.00315495
0.965238	0.00323525
0.976826	0.00331749
0.988552	0.00340169
1.00042	0.00348792
1.01243	0.00357621
1.02458	0.00366662
1.03688	0.00375921
1.04933	0.00385401
1.06193	0.00395109
1.07468	0.00405051
1.08758	0.00415231
1.10064	0.00425655
1.11385	0.00436331
1.12722	0.00447263
1.14075	0.00458458
1.15445	0.00469923
1.16831	0.00481665
1.18233	0.00493689
1.19653	0.00506003
1.21089	0.00518615
1.22543	0.00531531
1.24014	0.0054476
1.25503	0.00558309
1.27009	0.00572186
1.28534	0.005864
1.30077	0.00600958
1.31639	0.0061587
1.33219	0.00631144
1.34818	0.0064679
1.36437	0.00662816
1.38075	0.00679234
1.39732	0.00696051
1.4141	0.00713279
1.43107	0.00730928
1.44825	0.00749009
1.46564	0.00767532
1.48324	0.00786509
1.50104	0.00805951
1.51906	0.0082587
1.5373	0.00846278
1.55575	0.00867187
1.57443	0.00888611
1.59333	0.00910562
1.61246	0.00933054
1.63182	0.00956099
1.65141	0.00979713
1.67123	0.0100391
1.6913	0.010287
1.7116	0.0105411
1.73215	0.0108014
1.75294	0.0110682
1.77399	0.0113416
1.79528	0.0116217
1.81683	0.0119087
1.83865	0.0122029
1.86072	0.0125043
1.88306	0.0128132
1.90566	0.0131298
1.92854	0.0134542
1.95169	0.0137866
1.97512	0.0141272
1.99883	0.0144763
2.02283	0.014834
2.04711	0.0152006
2.07169	0.0155762
2.09656	0.0159611
2.12173	0.0163556
2.1472	0.0167597
2.17298	0.0171739
2.19906	0.0175982
2.22546	0.0180331
2.25218	0.0184786
2.27922	0.0189352
2.30658	0.0194029
2.33427	0.0198822
2.36229	0.0203732
2.39065	0.0208763
2.41935	0.0213917
2.4484	0.0219197
2.47779	0.0224607
2.50754	0.0230149
2.53764	0.0235826
2.5681	0.0241641
2.59893	0.0247599
2.63013	0.0253701
2.66171	0.0259951
2.69366	0.0266353
2.726	0.0272909
2.75873	0.0279625
2.79184	0.0286502
2.82536	0.0293546
2.85928	0.0300759
2.8936	0.0308145
2.92834	0.0315708
2.9635	0.0323453
2.99907	0.0331382
3.03508	0.0339501
3.07151	0.0347813
3.10839	0.0356323
3.1457	0.0365035
3.18347	0.0373953
3.22168	0.0383082
3.26036	0.0392426
3.2995	0.0401991
3.33911	0.041178
3.3792	0.0421798
3.41977	0.0432051
3.46082	0.0442543
3.50237	0.045328
3.54441	0.0464266
3.58696	0.0475507
3.63002	0.0487008
3.6736	0.0498775
3.71771	0.0510812
3.76234	0.0523126
3.8075	0.0535722
3.85321	0.0548606
3.89947	0.0561784
3.94628	0.0575261
3.99366	0.0589044
4.0416	0.0603139
4.09012	0.0617552
4.13922	0.0632289
4.18891	0.0647356
4.2392	0.066276
4.29009	0.0678508
4.3416	0.0694605
4.39372	0.0711059
4.44646	0.0727877
4.49984	0.0745064
4.55386	0.0762629
4.60853	0.0780577
4.66386	0.0798916
4.71985	0.0817652
4.77651	0.0836794
4.83385	0.0856347
4.89188	0.0876319
4.95061	0.0896717
5.01004	0.0917548
5.07019	0.0938819
5.13106	0.0960537
5.19265	0.098271
5.25499	0.100534
5.31808	0.102845
5.38192	0.105202
5.44653	0.107608
5.51192	0.110063
5.57809	0.112568
5.64505	0.115122
5.71282	0.117727
5.7814	0.120384
5.85081	0.123093
5.92105	0.125854
5.99213	0.128668
6.06407	0.131536
6.13687	0.134458
6.21054	0.137434
6.2851	0.140465
6.36055	0.143552
6.43691	0.146694
6.51418	0.149891
6.59239	0.153144
6.67153	0.156454
6.75162	0.159819
6.83267	0.16324
6.9147	0.166717
6.99771	0.17025
7.08172	0.173837
7.16673	0.17748
7.25277	0.181177
7.33984	0.184927
7.42795	0.18873
7.51713	0.192585
7.60737	0.196491
7.6987	0.200447
7.79112	0.20445
7.88465	0.2085
7.97931	0.212595
8.0751	0.216732
8.17204	0.22091
8.27015	0.225126
8.36943	0.229378
8.4699	0.233662
8.57158	0.237975
8.67449	0.242315
8.77862	0.246676
8.88401	0.251056
8.99066	0.255449
9.0986	0.259851
9.20783	0.264257
9.31837	0.268661
9.43023	0.273058
9.54344	0.277441
9.65801	0.281804
9.77396	0.28614
9.89129	0.290441
10.01	0.294699
10.1302	0.298905
10.2518	0.303052
10.3749	0.307129
10.4994	0.311126
10.6255	0.315033
10.7531	0.318839
10.8821	0.322532
11.0128	0.326101
11.145	0.329532
11.2788	0.332813
11.4142	0.335929
11.5512	0.338867
11.6899	0.341612
11.8302	0.344147
11.9722	0.346458
12.116	0.348527
12.2614	0.350339
12.4086	0.351874
12.5576	0.353115
12.7083	0.354045
12.8609	0.354643
13.0153	0.354892
13.1716	0.354771
13.3297	0.35426
13.4897	0.353341
13.6516	0.351993
13.8155	0.350195
13.9814	0.347928
14.1492	0.345171
14.3191	0.341906
14.491	0.338112
14.665	0.33377
14.841	0.328862
15.0192	0.323371
15.1995	0.317279
15.382	0.31057
15.5666	0.30323
15.7535	0.295245
15.9426	0.286602
16.134	0.277293
16.3277	0.267309
16.5237	0.256642
16.7221	0.24529
16.9228	0.233251
17.126	0.220527
17.3316	0.207122
17.5396	0.193044
17.7502	0.178303
17.9633	0.162916
18.1789	0.146902
18.3972	0.130283
18.618	0.113088
18.8416	0.0953496
19.0677	0.0771048
19.2967	0.0583966
19.5283	0.0392731
19.7627	0.0197878
