6.43501e-06	4.90643e-30
1.287e-05	1.07941e-28
1.9305e-05	7.50679e-28
2.574e-05	3.06157e-27
3.2175e-05	9.19933e-27
3.861e-05	2.26963e-26
4.5045e-05	4.88016e-26
5.14801e-05	9.48245e-26
5.79151e-05	1.70477e-25
6.43501e-05	2.88219e-25
7.07851e-05	4.63597e-25
7.72201e-05	7.15592e-25
8.36551e-05	1.06696e-24
9.00901e-05	1.54457e-24
9.65251e-05	2.17976e-24
0.00010296	3.00867e-24
0.000109395	4.07258e-24
0.00011583	5.41826e-24
0.000122265	7.09833e-24
0.0001287	9.17155e-24
0.000135135	1.17032e-23
0.00014157	1.47655e-23
0.000148005	1.84378e-23
0.00015444	2.28069e-23
0.000160875	2.79676e-23
0.00016731	3.4023e-23
0.000173745	4.10847e-23
0.00018018	4.92731e-23
0.000186615	5.8718e-23
0.00019305	6.95588e-23
0.000199485	8.19446e-23
0.00020592	9.60352e-23
0.000212355	1.12001e-22
0.00021879	1.30022e-22
0.000225225	1.50292e-22
0.00023166	1.73015e-22
0.000238095	1.98406e-22
0.00024453	2.26694e-22
0.000250965	2.58121e-22
0.0002574	2.92939e-22
0.000263835	3.31418e-22
0.00027027	3.73837e-22
0.000276705	4.20493e-22
0.00028314	4.71694e-22
0.000289575	5.27766e-22
0.00029601	5.89046e-22
0.000302445	6.55891e-22
0.00030888	7.2867e-22
0.000315315	8.07771e-22
0.00032175	8.93595e-22
0.000328185	9.86564e-22
0.00033462	1.08711e-21
0.000341055	1.1957e-21
0.00034749	1.31279e-21
0.000353925	1.43888e-21
0.00036036	1.57447e-21
0.000366795	1.7201e-21
0.00037323	1.87631e-21
0.000379665	2.04367e-21
0.0003861	2.22276e-21
0.000392535	2.41418e-21
0.00039897	2.61858e-21
0.000405405	2.83658e-21
0.00041184	3.06887e-21
0.000418275	3.31613e-21
0.00042471	3.57907e-21
0.000431145	3.85843e-21
0.00043758	4.15497e-21
0.000444015	4.46946e-21
0.00045045	4.8027e-21
0.000456885	5.15554e-21
0.00046332	5.5288e-21
0.000469755	5.92338e-21
0.00047619	6.34017e-21
0.000482569	6.77615e-21
0.000489034	7.24211e-21
0.000495585	7.7401e-21
0.000502223	8.27233e-21
0.000508951	8.84115e-21
0.000515769	9.44908e-21
0.000522678	1.00988e-20
0.00052968	1.07932e-20
0.000536775	1.15353e-20
0.000543965	1.23285e-20
0.000551252	1.31761e-20
0.000558637	1.40821e-20
0.00056612	1.50503e-20
0.000573704	1.60851e-20
0.000581389	1.71911e-20
0.000589177	1.8373e-20
0.000597069	1.96363e-20
0.000605067	2.09863e-20
0.000613173	2.24292e-20
0.000621387	2.39713e-20
0.000629711	2.56194e-20
0.000638146	2.73807e-20
0.000646694	2.92632e-20
0.000655357	3.1275e-20
0.000664136	3.34252e-20
0.000673033	3.57231e-20
0.000682049	3.8179e-20
0.000691185	4.08038e-20
0.000700444	4.36089e-20
0.000709827	4.66069e-20
0.000719336	4.9811e-20
0.000728972	5.32353e-20
0.000738737	5.68949e-20
0.000748633	6.08062e-20
0.000758661	6.49862e-20
0.000768824	6.94536e-20
0.000779123	7.4228e-20
0.00078956	7.93306e-20
0.000800137	8.47839e-20
0.000810855	9.0612e-20
0.000821717	9.68407e-20
0.000832724	1.03498e-19
0.000843879	1.10612e-19
0.000855184	1.18215e-19
0.000866639	1.26341e-19
0.000878249	1.35025e-19
0.000890014	1.44306e-19
0.000901936	1.54225e-19
0.000914018	1.64826e-19
0.000926262	1.76155e-19
0.00093867	1.88263e-19
0.000951244	2.01203e-19
0.000963987	2.15032e-19
0.0009769	2.29811e-19
0.000989986	2.45606e-19
0.00100325	2.62486e-19
0.00101669	2.80527e-19
0.00103031	2.99807e-19
0.00104411	3.20411e-19
0.00105809	3.42432e-19
0.00107227	3.65966e-19
0.00108663	3.91117e-19
0.00110119	4.17996e-19
0.00111594	4.46722e-19
0.00113089	4.77421e-19
0.00114604	5.1023e-19
0.00116139	5.45293e-19
0.00117695	5.82765e-19
0.00119271	6.22812e-19
0.00120869	6.6561e-19
0.00122488	7.11348e-19
0.00124129	7.60229e-19
0.00125792	8.12467e-19
0.00127477	8.68295e-19
0.00129184	9.27957e-19
0.00130915	9.91719e-19
0.00132669	1.05986e-18
0.00134446	1.13268e-18
0.00136247	1.21051e-18
0.00138072	1.29368e-18
0.00139922	1.38256e-18
0.00141796	1.47755e-18
0.00143695	1.57906e-18
0.0014562	1.68755e-18
0.00147571	1.80349e-18
0.00149548	1.92739e-18
0.00151551	2.0598e-18
0.00153581	2.2013e-18
0.00155639	2.35252e-18
0.00157723	2.51413e-18
0.00159836	2.68684e-18
0.00161977	2.87141e-18
0.00164147	3.06865e-18
0.00166346	3.27944e-18
0.00168574	3.5047e-18
0.00170833	3.74543e-18
0.00173121	4.00269e-18
0.0017544	4.27762e-18
0.0017779	4.57142e-18
0.00180172	4.8854e-18
0.00182585	5.22093e-18
0.00185031	5.5795e-18
0.0018751	5.96269e-18
0.00190022	6.37219e-18
0.00192567	6.8098e-18
0.00195147	7.27745e-18
0.00197761	7.77721e-18
0.0020041	8.31128e-18
0.00203095	8.882e-18
0.00205815	9.49191e-18
0.00208572	1.01437e-17
0.00211366	1.08402e-17
0.00214198	1.15845e-17
0.00217067	1.23799e-17
0.00219975	1.32299e-17
0.00222921	1.41382e-17
0.00225908	1.51089e-17
0.00228934	1.61462e-17
0.00232001	1.72546e-17
0.00235108	1.84392e-17
0.00238258	1.9705e-17
0.00241449	2.10577e-17
0.00244684	2.25032e-17
0.00247962	2.40479e-17
0.00251283	2.56985e-17
0.00254649	2.74624e-17
0.0025806	2.93474e-17
0.00261517	3.13616e-17
0.00265021	3.3514e-17
0.00268571	3.58141e-17
0.00272168	3.8272e-17
0.00275814	4.08985e-17
0.00279509	4.37051e-17
0.00283253	4.67042e-17
0.00287048	4.99091e-17
0.00290893	5.33337e-17
0.0029479	5.69932e-17
0.00298739	6.09037e-17
0.0030274	6.50823e-17
0.00306796	6.95475e-17
0.00310905	7.43189e-17
0.0031507	7.94174e-17
0.00319291	8.48656e-17
0.00323568	9.06872e-17
0.00327902	9.6908e-17
0.00332295	1.03555e-16
0.00336746	1.10658e-16
0.00341257	1.18248e-16
0.00345829	1.26358e-16
0.00350461	1.35024e-16
0.00355156	1.44284e-16
0.00359913	1.54179e-16
0.00364735	1.64751e-16
0.00369621	1.76049e-16
0.00374572	1.8812e-16
0.0037959	2.01019e-16
0.00384674	2.14801e-16
0.00389827	2.29528e-16
0.00395049	2.45264e-16
0.00400341	2.62078e-16
0.00405704	2.80043e-16
0.00411139	2.99239e-16
0.00416647	3.19751e-16
0.00422228	3.41667e-16
0.00427884	3.65084e-16
0.00433616	3.90105e-16
0.00439424	4.16839e-16
0.00445311	4.45404e-16
0.00451276	4.75925e-16
0.00457321	5.08536e-16
0.00463447	5.43379e-16
0.00469655	5.80608e-16
0.00475947	6.20386e-16
0.00482322	6.62886e-16
0.00488783	7.08296e-16
0.00495331	7.56813e-16
0.00501966	8.08651e-16
0.00508691	8.64036e-16
0.00515505	9.23212e-16
0.0052241	9.86436e-16
0.00529408	1.05399e-15
0.005365	1.12616e-15
0.00543687	1.20327e-15
0.0055097	1.28565e-15
0.00558351	1.37367e-15
0.0056583	1.46771e-15
0.0057341	1.56818e-15
0.00581091	1.67552e-15
0.00588875	1.7902e-15
0.00596764	1.91272e-15
0.00604758	2.04362e-15
0.00612859	2.18347e-15
0.00621069	2.33288e-15
0.00629388	2.4925e-15
0.00637819	2.66302e-15
0.00646363	2.84521e-15
0.00655022	3.03984e-15
0.00663796	3.24777e-15
0.00672688	3.46991e-15
0.006817	3.70722e-15
0.00690831	3.96074e-15
0.00700086	4.23158e-15
0.00709464	4.52092e-15
0.00718968	4.83002e-15
0.00728599	5.16022e-15
0.00738359	5.51297e-15
0.0074825	5.88981e-15
0.00758273	6.29236e-15
0.0076843	6.7224e-15
0.00778724	7.18178e-15
0.00789156	7.67252e-15
0.00799727	8.19674e-15
0.0081044	8.75672e-15
0.00821296	9.35491e-15
0.00832298	9.99391e-15
0.00843447	1.06765e-14
0.00854746	1.14056e-14
0.00866196	1.21845e-14
0.00877799	1.30164e-14
0.00889558	1.39051e-14
0.00901474	1.48544e-14
0.0091355	1.58683e-14
0.00925788	1.69514e-14
0.00938189	1.81083e-14
0.00950757	1.93439e-14
0.00963493	2.06638e-14
0.009764	2.20736e-14
0.00989479	2.35794e-14
0.0100273	2.51877e-14
0.0101617	2.69056e-14
0.0102978	2.87404e-14
0.0104357	3.07001e-14
0.0105755	3.27932e-14
0.0107172	3.50288e-14
0.0108608	3.74165e-14
0.0110062	3.99666e-14
0.0111537	4.26902e-14
0.0113031	4.5599e-14
0.0114545	4.87057e-14
0.0116079	5.20236e-14
0.0117634	5.5567e-14
0.011921	5.93513e-14
0.0120807	6.33929e-14
0.0122425	6.77091e-14
0.0124065	7.23185e-14
0.0125727	7.7241e-14
0.0127412	8.2498e-14
0.0129118	8.81119e-14
0.0130848	9.41069e-14
0.0132601	1.00509e-13
0.0134377	1.07346e-13
0.0136177	1.14646e-13
0.0138001	1.22442e-13
0.013985	1.30767e-13
0.0141723	1.39656e-13
0.0143622	1.49149e-13
0.0145546	1.59285e-13
0.0147495	1.70108e-13
0.0149471	1.81665e-13
0.0151474	1.94004e-13
0.0153503	2.0718e-13
0.0155559	2.21248e-13
0.0157643	2.3627e-13
0.0159754	2.52308e-13
0.0161894	2.69432e-13
0.0164063	2.87715e-13
0.0166261	3.07235e-13
0.0168488	3.28076e-13
0.0170745	3.50327e-13
0.0173032	3.74082e-13
0.017535	3.99444e-13
0.0177699	4.2652e-13
0.018008	4.55426e-13
0.0182492	4.86284e-13
0.0184937	5.19228e-13
0.0187414	5.54396e-13
0.0189924	5.91939e-13
0.0192469	6.32017e-13
0.0195047	6.74799e-13
0.019766	7.20467e-13
0.0200307	7.69216e-13
0.0202991	8.21253e-13
0.020571	8.76798e-13
0.0208466	9.36088e-13
0.0211258	9.99372e-13
0.0214088	1.06692e-12
0.0216956	1.13902e-12
0.0219862	1.21597e-12
0.0222807	1.2981e-12
0.0225792	1.38576e-12
0.0228817	1.47932e-12
0.0231882	1.57917e-12
0.0234988	1.68573e-12
0.0238136	1.79946e-12
0.0241326	1.92083e-12
0.0244559	2.05035e-12
0.0247835	2.18858e-12
0.0251155	2.33608e-12
0.0254519	2.49348e-12
0.0257928	2.66145e-12
0.0261384	2.84068e-12
0.0264885	3.03194e-12
0.0268433	3.23601e-12
0.0272029	3.45376e-12
0.0275673	3.6861e-12
0.0279366	3.934e-12
0.0283108	4.1985e-12
0.0286901	4.4807e-12
0.0290744	4.78178e-12
0.0294639	5.10299e-12
0.0298586	5.44569e-12
0.0302585	5.81129e-12
0.0306639	6.20131e-12
0.0310746	6.61738e-12
0.0314909	7.06123e-12
0.0319127	7.53471e-12
0.0323402	8.03977e-12
0.0327735	8.57851e-12
0.0332125	9.15317e-12
0.0336574	9.76612e-12
0.0341083	1.04199e-11
0.0345652	1.11172e-11
0.0350282	1.1861e-11
0.0354974	1.26542e-11
0.0359729	1.35001e-11
0.0364548	1.44023e-11
0.0369431	1.53645e-11
0.037438	1.63906e-11
0.0379395	1.74847e-11
0.0384478	1.86515e-11
0.0389628	1.98958e-11
0.0394847	2.12225e-11
0.0400137	2.26371e-11
0.0405497	2.41455e-11
0.0410929	2.57537e-11
0.0416433	2.74684e-11
0.0422012	2.92966e-11
0.0427665	3.12456e-11
0.0433394	3.33235e-11
0.0439199	3.55386e-11
0.0445083	3.79e-11
0.0451045	4.04172e-11
0.0457087	4.31005e-11
0.046321	4.59608e-11
0.0469415	4.90095e-11
0.0475703	5.22591e-11
0.0482076	5.57225e-11
0.0488533	5.94139e-11
0.0495078	6.33481e-11
0.0501709	6.75408e-11
0.050843	7.2009e-11
0.0515241	7.67706e-11
0.0522143	8.18446e-11
0.0529137	8.72515e-11
0.0536226	9.30128e-11
0.0543409	9.91515e-11
0.0550688	1.05692e-10
0.0558065	1.12661e-10
0.0565541	1.20085e-10
0.0573116	1.27995e-10
0.0580794	1.36422e-10
0.0588574	1.45398e-10
0.0596458	1.54961e-10
0.0604448	1.65147e-10
0.0612545	1.75996e-10
0.0620751	1.87553e-10
0.0629066	1.99861e-10
0.0637493	2.1297e-10
0.0646033	2.26931e-10
0.0654687	2.41799e-10
0.0663457	2.57633e-10
0.0672344	2.74493e-10
0.0681351	2.92447e-10
0.0690478	3.11564e-10
0.0699727	3.31919e-10
0.0709101	3.5359e-10
0.07186	3.76664e-10
0.0728226	4.01227e-10
0.0737981	4.27377e-10
0.0747867	4.55215e-10
0.0757885	4.84847e-10
0.0768037	5.16388e-10
0.0778326	5.4996e-10
0.0788752	5.85692e-10
0.0799318	6.23722e-10
0.0810025	6.64194e-10
0.0820876	7.07264e-10
0.0831872	7.53098e-10
0.0843016	8.01869e-10
0.0854309	8.53764e-10
0.0865753	9.0898e-10
0.087735	9.67727e-10
0.0889103	1.03023e-09
0.0901013	1.09672e-09
0.0913083	1.16745e-09
0.0925314	1.24269e-09
0.0937709	1.32273e-09
0.095027	1.40786e-09
0.0963	1.4984e-09
0.09759	1.59469e-09
0.0988973	1.6971e-09
0.100222	1.806e-09
0.101565	1.92181e-09
0.102925	2.04495e-09
0.104304	2.17587e-09
0.105701	2.31508e-09
0.107117	2.46307e-09
0.108552	2.62041e-09
0.110006	2.78766e-09
0.11148	2.96545e-09
0.112973	3.15443e-09
0.114486	3.35529e-09
0.11602	3.56876e-09
0.117574	3.79564e-09
0.119149	4.03674e-09
0.120745	4.29294e-09
0.122363	4.56518e-09
0.124002	4.85444e-09
0.125663	5.16176e-09
0.127346	5.48827e-09
0.129052	5.83513e-09
0.130781	6.2036e-09
0.132533	6.595e-09
0.134308	7.01072e-09
0.136107	7.45227e-09
0.137931	7.9212e-09
0.139778	8.4192e-09
0.141651	8.94804e-09
0.143548	9.50959e-09
0.145471	1.01058e-08
0.14742	1.07389e-08
0.149395	1.1411e-08
0.151396	1.21245e-08
0.153424	1.28819e-08
0.155479	1.36858e-08
0.157562	1.45392e-08
0.159673	1.54449e-08
0.161812	1.6406e-08
0.163979	1.74261e-08
0.166176	1.85085e-08
0.168402	1.9657e-08
0.170658	2.08756e-08
0.172944	2.21685e-08
0.175261	2.35401e-08
0.177608	2.49951e-08
0.179987	2.65386e-08
0.182398	2.81757e-08
0.184842	2.99121e-08
0.187318	3.17536e-08
0.189827	3.37065e-08
0.19237	3.57775e-08
0.194947	3.79734e-08
0.197558	4.03017e-08
0.200205	4.27703e-08
0.202887	4.53874e-08
0.205605	4.81617e-08
0.208359	5.11025e-08
0.21115	5.42197e-08
0.213978	5.75236e-08
0.216845	6.10251e-08
0.21975	6.47358e-08
0.222693	6.8668e-08
0.225676	7.28347e-08
0.2287	7.72494e-08
0.231763	8.19268e-08
0.234868	8.6882e-08
0.238014	9.21314e-08
0.241202	9.76919e-08
0.244433	1.03582e-07
0.247708	1.0982e-07
0.251026	1.16426e-07
0.254389	1.23423e-07
0.257796	1.30831e-07
0.26125	1.38676e-07
0.264749	1.46982e-07
0.268296	1.55776e-07
0.27189	1.65086e-07
0.275532	1.74942e-07
0.279223	1.85374e-07
0.282963	1.96416e-07
0.286754	2.08102e-07
0.290595	2.20471e-07
0.294488	2.33559e-07
0.298433	2.4741e-07
0.302431	2.62065e-07
0.306482	2.7757e-07
0.310587	2.93975e-07
0.314748	3.1133e-07
0.318964	3.29688e-07
0.323237	3.49107e-07
0.327567	3.69647e-07
0.331955	3.9137e-07
0.336402	4.14344e-07
0.340908	4.38639e-07
0.345475	4.64329e-07
0.350103	4.91493e-07
0.354792	5.20214e-07
0.359545	5.50578e-07
0.364361	5.82678e-07
0.369242	6.1661e-07
0.374189	6.52478e-07
0.379201	6.9039e-07
0.384281	7.30458e-07
0.389429	7.72804e-07
0.394645	8.17554e-07
0.399932	8.64843e-07
0.405289	9.14809e-07
0.410718	9.67604e-07
0.41622	1.02338e-06
0.421796	1.08231e-06
0.427446	1.14456e-06
0.433172	1.21032e-06
0.438975	1.27978e-06
0.444855	1.35315e-06
0.450814	1.43064e-06
0.456853	1.51247e-06
0.462973	1.5989e-06
0.469175	1.69016e-06
0.47546	1.78653e-06
0.481829	1.88829e-06
0.488283	1.99573e-06
0.494824	2.10917e-06
0.501453	2.22893e-06
0.50817	2.35535e-06
0.514977	2.48882e-06
0.521876	2.6297e-06
0.528867	2.77841e-06
0.535951	2.93538e-06
0.543131	3.10105e-06
0.550406	3.2759e-06
0.557779	3.46043e-06
0.565251	3.65517e-06
0.572823	3.86068e-06
0.580497	4.07753e-06
0.588273	4.30636e-06
0.596153	4.5478e-06
0.604139	4.80256e-06
0.612232	5.07134e-06
0.620433	5.35491e-06
0.628744	5.65408e-06
0.637167	5.96969e-06
0.645702	6.30263e-06
0.654352	6.65384e-06
0.663117	7.02432e-06
0.672	7.4151e-06
0.681002	7.82729e-06
0.690124	8.26205e-06
0.699369	8.7206e-06
0.708738	9.20423e-06
0.718232	9.71431e-06
0.727853	1.02523e-05
0.737603	1.08196e-05
0.747484	1.14179e-05
0.757497	1.20489e-05
0.767644	1.27143e-05
0.777927	1.3416e-05
0.788348	1.41559e-05
0.798909	1.49363e-05
0.809611	1.57591e-05
0.820456	1.66269e-05
0.831446	1.75419e-05
0.842584	1.85068e-05
0.853871	1.95244e-05
0.865309	2.05974e-05
0.876901	2.17289e-05
0.888648	2.29221e-05
0.900552	2.41804e-05
0.912615	2.55073e-05
0.92484	2.69067e-05
0.937229	2.83823e-05
0.949784	2.99386e-05
0.962507	3.15798e-05
0.975401	3.33107e-05
0.988467	3.51362e-05
1.00171	3.70614e-05
1.01513	3.9092e-05
1.02872	4.12336e-05
1.04251	4.34925e-05
1.05647	4.58751e-05
1.07062	4.83882e-05
1.08496	5.1039e-05
1.0995	5.38353e-05
1.11423	5.67849e-05
1.12915	5.98965e-05
1.14428	6.3179e-05
1.15961	6.66419e-05
1.17514	7.02952e-05
1.19088	7.41495e-05
1.20684	7.82159e-05
1.223	8.25063e-05
1.23938	8.70332e-05
1.25599	9.18096e-05
1.27281	9.68494e-05
1.28986	0.000102167
1.30714	0.000107779
1.32465	0.000113701
1.3424	0.00011995
1.36038	0.000126545
1.3786	0.000133504
1.39707	0.000140849
1.41578	0.000148601
1.43475	0.000156783
1.45397	0.000165418
1.47344	0.000174532
1.49318	0.000184151
1.51319	0.000194305
1.53346	0.000205023
1.554	0.000216337
1.57481	0.000228279
1.59591	0.000240886
1.61729	0.000254194
1.63895	0.000268243
1.66091	0.000283075
1.68316	0.000298732
1.7057	0.000315262
1.72855	0.000332714
1.75171	0.000351139
1.77517	0.000370591
1.79895	0.000391129
1.82305	0.000412814
1.84747	0.000435709
1.87222	0.000459883
1.8973	0.000485407
1.92272	0.000512356
1.94847	0.000540812
1.97457	0.000570858
2.00102	0.000602582
2.02783	0.000636079
2.05499	0.000671449
2.08252	0.000708794
2.11042	0.000748226
2.13869	0.00078986
2.16734	0.00083382
2.19637	0.000880233
2.22579	0.000929237
2.25561	0.000980974
2.28582	0.0010356
2.31645	0.00109326
2.34748	0.00115414
2.37892	0.0012184
2.41079	0.00128623
2.44308	0.00135784
2.47581	0.00143341
2.50898	0.00151318
2.54258	0.00159736
2.57664	0.0016862
2.61116	0.00177994
2.64614	0.00187886
2.68159	0.00198322
2.71751	0.00209332
2.75391	0.00220947
2.7908	0.00233198
2.82819	0.00246119
2.86607	0.00259747
2.90446	0.00274117
2.94337	0.0028927
2.9828	0.00305245
3.02276	0.00322086
3.06325	0.00339838
3.10428	0.00358548
3.14587	0.00378265
3.18801	0.00399042
3.23071	0.00420932
3.27399	0.00443992
3.31785	0.00468283
3.36229	0.00493865
3.40733	0.00520805
3.45298	0.00549171
3.49923	0.00579034
3.54611	0.00610469
3.59361	0.00643553
3.64175	0.00678369
3.69053	0.00715001
3.73997	0.00753538
3.79007	0.00794074
3.84084	0.00836705
3.89229	0.00881532
3.94443	0.00928662
3.99727	0.00978203
4.05082	0.0103027
4.10508	0.0108498
4.16007	0.0114247
4.2158	0.0120285
4.27227	0.0126627
4.3295	0.0133286
4.3875	0.0140277
4.44627	0.0147615
4.50583	0.0155316
4.56619	0.0163396
4.62736	0.0171872
4.68935	0.0180762
4.75216	0.0190083
4.81582	0.0199855
4.88033	0.0210097
4.94571	0.022083
5.01196	0.0232073
5.0791	0.0243849
5.14714	0.025618
5.21609	0.0269089
5.28596	0.02826
5.35677	0.0296737
5.42853	0.0311525
5.50125	0.032699
5.57494	0.0343159
5.64962	0.0360059
5.7253	0.0377718
5.80199	0.0396165
5.87972	0.0415429
5.95848	0.0435541
6.0383	0.0456531
6.11918	0.0478432
6.20115	0.0501273
6.28422	0.0525089
6.36841	0.0549913
6.45371	0.0575778
6.54017	0.0602718
6.62778	0.0630767
6.71656	0.0659961
6.80653	0.0690333
6.89771	0.072192
6.99011	0.0754755
7.08375	0.0788874
7.17864	0.0824312
7.2748	0.0861102
7.37226	0.0899278
7.47101	0.0938874
7.57109	0.097992
7.67251	0.102245
7.77529	0.106649
7.87945	0.111207
7.985	0.115921
8.09196	0.120795
8.20036	0.125829
8.31021	0.131027
8.42153	0.136388
8.53434	0.141915
8.64867	0.147609
8.76452	0.153469
8.88193	0.159494
9.00091	0.165686
9.12148	0.172041
9.24367	0.178557
9.3675	0.185233
9.49298	0.192063
9.62014	0.199043
9.74901	0.206168
9.87961	0.21343
10.012	0.220822
10.1461	0.228334
10.282	0.235956
10.4197	0.243676
10.5593	0.25148
10.7007	0.259353
10.8441	0.267278
10.9894	0.275235
11.1366	0.283205
11.2857	0.291164
11.4369	0.299086
11.5901	0.306946
11.7454	0.314712
11.9027	0.322352
12.0622	0.329832
12.2238	0.337115
12.3875	0.344159
12.5534	0.350924
12.7216	0.357362
12.892	0.363426
13.0647	0.369065
13.2397	0.374226
13.4171	0.378853
13.5968	0.382887
13.779	0.386268
13.9635	0.388932
14.1506	0.390817
14.3401	0.391855
14.5322	0.391981
14.7269	0.391127
14.9242	0.389224
15.1241	0.386207
15.3267	0.382009
15.532	0.376567
15.7401	0.369818
15.9509	0.361705
16.1646	0.352176
16.3811	0.341181
16.6006	0.328681
16.823	0.314642
17.0483	0.299041
17.2767	0.281865
17.5081	0.263112
17.7426	0.242795
17.9803	0.220941
18.2212	0.197593
18.4653	0.172813
18.7126	0.14668
18.9633	0.119294
19.2173	0.0907775
19.4747	0.0612743
19.7356	0.0309516
