9.27644e-06	1.89414e-06
1.85529e-05	7.57616e-06
2.78293e-05	1.7045e-05
3.71058e-05	3.02987e-05
4.63822e-05	4.73351e-05
5.56586e-05	6.81512e-05
6.49351e-05	9.27439e-05
7.42115e-05	0.00012111
8.34879e-05	0.000153247
9.27644e-05	0.000189151
0.000102041	0.000228819
0.000111317	0.000272249
0.000120594	0.000319438
0.00012987	0.000370383
0.000139147	0.00042508
0.000148423	0.000483527
0.000157699	0.000545721
0.000166976	0.000611659
0.000176252	0.000681338
0.000185529	0.000754755
0.000194805	0.000831908
0.000204082	0.000912792
0.000213358	0.000997407
0.000222635	0.00108575
0.000231911	0.00117781
0.000241187	0.0012736
0.000250464	0.0013731
0.00025974	0.00147631
0.000269017	0.00158324
0.000278293	0.00169388
0.00028757	0.00180823
0.000296846	0.00192627
0.000306122	0.00204802
0.000315399	0.00217346
0.000324675	0.0023026
0.000333952	0.00243543
0.000343228	0.00257195
0.000352505	0.00271216
0.000361781	0.00285604
0.000371058	0.00300361
0.000380334	0.00315485
0.00038961	0.00330977
0.000398887	0.00346836
0.000408163	0.00363062
0.00041744	0.00379654
0.000426716	0.00396613
0.000435993	0.00413938
0.000445269	0.00431628
0.000454545	0.00449683
0.000463822	0.00468104
0.000473098	0.0048689
0.000482375	0.0050604
0.000491651	0.00525554
0.000500928	0.00545432
0.000510204	0.00565674
0.000519481	0.00586279
0.000528757	0.00607248
0.000538033	0.00628579
0.00054731	0.00650272
0.000556586	0.00672328
0.000565863	0.00694746
0.000575139	0.00717526
0.000584416	0.00740667
0.000593692	0.00764168
0.000602968	0.00788031
0.000612245	0.00812254
0.000621521	0.00836838
0.000630798	0.00861781
0.000640074	0.00887084
0.000649351	0.00912747
0.000658627	0.00938768
0.000667904	0.00965149
0.00067718	0.00991887
0.000686456	0.0101898
0.000695733	0.0104644
0.000705009	0.0107425
0.000714286	0.0110242
0.000723487	0.0113072
0.000732807	0.0115974
0.000742248	0.0118949
0.000751809	0.0122001
0.000761494	0.0125131
0.000771304	0.012834
0.00078124	0.0131632
0.000791304	0.0135007
0.000801498	0.0138468
0.000811823	0.0142018
0.000822281	0.0145658
0.000832874	0.0149391
0.000843603	0.0153218
0.000854471	0.0157144
0.000865478	0.0161169
0.000876628	0.0165296
0.00088792	0.0169529
0.000899359	0.0173869
0.000910945	0.017832
0.00092268	0.0182884
0.000934566	0.0187564
0.000946605	0.0192363
0.000958799	0.0197284
0.000971151	0.0202329
0.000983661	0.0207503
0.000996333	0.0212808
0.00100917	0.0218248
0.00102217	0.0223826
0.00103534	0.0229545
0.00104867	0.023541
0.00106218	0.0241423
0.00107587	0.0247588
0.00108973	0.025391
0.00110376	0.0260392
0.00111798	0.0267037
0.00113238	0.0273852
0.00114697	0.0280838
0.00116175	0.0288001
0.00117671	0.0295345
0.00119187	0.0302875
0.00120723	0.0310596
0.00122278	0.0318511
0.00123853	0.0326626
0.00125449	0.0334946
0.00127065	0.0343476
0.00128701	0.0352221
0.00130359	0.0361187
0.00132039	0.0370379
0.0013374	0.0379802
0.00135463	0.0389462
0.00137208	0.0399366
0.00138975	0.0409519
0.00140765	0.0419928
0.00142579	0.0430598
0.00144416	0.0441537
0.00146276	0.0452751
0.0014816	0.0464246
0.00150069	0.047603
0.00152002	0.0488109
0.0015396	0.0500492
0.00155944	0.0513185
0.00157953	0.0526196
0.00159987	0.0539533
0.00162048	0.0553204
0.00164136	0.0567218
0.0016625	0.0581582
0.00168392	0.0596305
0.00170561	0.0611396
0.00172758	0.0626864
0.00174984	0.0642719
0.00177238	0.0658969
0.00179521	0.0675624
0.00181834	0.0692695
0.00184176	0.0710191
0.00186549	0.0728123
0.00188952	0.0746502
0.00191386	0.0765337
0.00193852	0.0784641
0.00196349	0.0804425
0.00198878	0.08247
0.0020144	0.0845478
0.00204035	0.0866772
0.00206664	0.0888594
0.00209326	0.0910957
0.00212023	0.0933873
0.00214754	0.0957357
0.00217521	0.0981422
0.00220323	0.100608
0.00223161	0.103135
0.00226036	0.105724
0.00228948	0.108377
0.00231897	0.111096
0.00234884	0.113881
0.0023791	0.116735
0.00240975	0.11966
0.00244079	0.122656
0.00247224	0.125726
0.00250408	0.128871
0.00253634	0.132093
0.00256902	0.135395
0.00260211	0.138777
0.00263563	0.142242
0.00266958	0.145792
0.00270397	0.149429
0.00273881	0.153154
0.00277409	0.15697
0.00280983	0.16088
0.00284602	0.164884
0.00288269	0.168986
0.00291982	0.173188
0.00295743	0.177492
0.00299553	0.1819
0.00303412	0.186416
0.00307321	0.19104
0.0031128	0.195777
0.0031529	0.200629
0.00319351	0.205597
0.00323465	0.210686
0.00327632	0.215897
0.00331853	0.221234
0.00336128	0.226699
0.00340458	0.232296
0.00344844	0.238027
0.00349286	0.243896
0.00353786	0.249905
0.00358343	0.256059
0.0036296	0.262359
0.00367635	0.268811
0.00372371	0.275416
0.00377168	0.282178
0.00382027	0.289102
0.00386948	0.296191
0.00391933	0.303447
0.00396982	0.310876
0.00402096	0.318482
0.00407276	0.326267
0.00412523	0.334236
0.00417837	0.342393
0.0042322	0.350743
0.00428672	0.35929
0.00434194	0.368037
0.00439787	0.37699
0.00445453	0.386153
0.00451191	0.395531
0.00457003	0.405128
0.00462891	0.414949
0.00468854	0.424999
0.00474893	0.435283
0.00481011	0.445807
0.00487208	0.456575
0.00493484	0.467592
0.00499841	0.478865
0.0050628	0.490398
0.00512802	0.502197
0.00519408	0.514268
0.00526099	0.526616
0.00532877	0.539249
0.00539741	0.55217
0.00546694	0.565388
0.00553737	0.578907
0.0056087	0.592734
0.00568096	0.606877
0.00575414	0.62134
0.00582827	0.636131
0.00590335	0.651257
0.0059794	0.666725
0.00605642	0.682542
0.00613444	0.698714
0.00621347	0.71525
0.00629351	0.732155
0.00637459	0.749439
0.0064567	0.767109
0.00653988	0.785172
0.00662413	0.803636
0.00670946	0.82251
0.0067959	0.841801
0.00688344	0.861518
0.00697212	0.881668
0.00706193	0.902262
0.00715291	0.923306
0.00724505	0.94481
0.00733838	0.966784
0.00743292	0.989235
0.00752867	1.01217
0.00762566	1.03561
0.00772389	1.05955
0.00782339	1.084
0.00792418	1.10898
0.00802626	1.1345
0.00812965	1.16055
0.00823438	1.18717
0.00834046	1.21434
0.0084479	1.2421
0.00855673	1.27044
0.00866696	1.29937
0.00877861	1.32891
0.0088917	1.35907
0.00900624	1.38985
0.00912226	1.42127
0.00923978	1.45335
0.00935881	1.48608
0.00947937	1.51949
0.00960148	1.55358
0.00972517	1.58836
0.00985045	1.62386
0.00997735	1.66007
0.0101059	1.69701
0.0102361	1.73469
0.0103679	1.77313
0.0105015	1.81233
0.0106368	1.85231
0.0107738	1.89308
0.0109126	1.93466
0.0110532	1.97705
0.0111956	2.02026
0.0113398	2.06431
0.0114859	2.10922
0.0116338	2.15499
0.0117837	2.20164
0.0119355	2.24917
0.0120893	2.29761
0.012245	2.34696
0.0124027	2.39723
0.0125625	2.44845
0.0127243	2.50061
0.0128883	2.55374
0.0130543	2.60785
0.0132225	2.66294
0.0133928	2.71903
0.0135653	2.77614
0.0137401	2.83426
0.0139171	2.89343
0.0140964	2.95364
0.0142779	3.01492
0.0144619	3.07726
0.0146482	3.14069
0.0148369	3.20521
0.015028	3.27083
0.0152216	3.33757
0.0154177	3.40544
0.0156163	3.47444
0.0158175	3.54459
0.0160212	3.6159
0.0162276	3.68837
0.0164367	3.76201
0.0166484	3.83684
0.0168629	3.91287
0.0170801	3.99009
0.0173002	4.06853
0.017523	4.14817
0.0177488	4.22905
0.0179774	4.31115
0.018209	4.39449
0.0184436	4.47906
0.0186811	4.56489
0.0189218	4.65196
0.0191656	4.74029
0.0194125	4.82988
0.0196625	4.92073
0.0199158	5.01284
0.0201724	5.10621
0.0204323	5.20085
0.0206955	5.29675
0.0209621	5.39391
0.0212321	5.49234
0.0215056	5.59203
0.0217827	5.69297
0.0220633	5.79516
0.0223475	5.89861
0.0226354	6.00329
0.022927	6.1092
0.0232223	6.21634
0.0235215	6.3247
0.0238245	6.43426
0.0241314	6.54502
0.0244423	6.65696
0.0247571	6.77007
0.0250761	6.88433
0.0253991	6.99973
0.0257263	7.11626
0.0260577	7.23388
0.0263934	7.35259
0.0267334	7.47236
0.0270778	7.59317
0.0274266	7.71499
0.0277799	7.83781
0.0281378	7.96159
0.0285003	8.0863
0.0288674	8.21191
0.0292393	8.3384
0.029616	8.46573
0.0299975	8.59386
0.0303839	8.72277
0.0307753	8.8524
0.0311718	8.98273
0.0315733	9.11371
0.0319801	9.24529
0.032392	9.37744
0.0328093	9.5101
0.033232	9.64323
0.0336601	9.77677
0.0340937	9.91069
0.0345329	10.0449
0.0349778	10.1794
0.0354284	10.3141
0.0358847	10.4489
0.036347	10.5838
0.0368153	10.7187
0.0372895	10.8536
0.0377699	10.9883
0.0382564	11.1229
0.0387493	11.2572
0.0392485	11.3912
0.0397541	11.5248
0.0402662	11.658
0.0407849	11.7906
0.0413103	11.9225
0.0418425	12.0538
0.0423815	12.1842
0.0429275	12.3138
0.0434805	12.4424
0.0440406	12.57
0.0446079	12.6965
0.0451826	12.8217
0.0457646	12.9457
0.0463542	13.0682
0.0469513	13.1893
0.0475562	13.3088
0.0481688	13.4266
0.0487893	13.5426
0.0494178	13.6567
0.0500544	13.7689
0.0506992	13.8791
0.0513524	13.987
0.0520139	14.0928
0.052684	14.1962
0.0533626	14.2971
0.0540501	14.3955
0.0547464	14.4912
0.0554516	14.5842
0.0561659	14.6744
0.0568895	14.7617
0.0576224	14.8459
0.0583647	14.927
0.0591165	15.0049
0.0598781	15.0795
0.0606494	15.1507
0.0614307	15.2184
0.0622221	15.2826
0.0630237	15.3431
0.0638355	15.3999
0.0646579	15.4529
0.0654908	15.502
0.0663345	15.5472
0.067189	15.5883
0.0680546	15.6253
0.0689313	15.6582
0.0698193	15.6869
0.0707187	15.7113
0.0716297	15.7314
0.0725524	15.7471
0.0734871	15.7584
0.0744338	15.7653
0.0753926	15.7677
0.0763639	15.7655
0.0773476	15.7589
0.078344	15.7477
0.0793532	15.7319
0.0803755	15.7116
0.0814109	15.6867
0.0824597	15.6573
0.0835219	15.6233
0.0845979	15.5848
0.0856877	15.5419
0.0867915	15.4944
0.0879096	15.4426
0.0890421	15.3864
0.0901891	15.3259
0.091351	15.2611
0.0925278	15.1922
0.0937197	15.1192
0.094927	15.0421
0.0961499	14.9612
0.0973885	14.8764
0.0986431	14.7879
0.0999139	14.6959
0.101201	14.6004
0.102505	14.5015
0.103825	14.3995
0.105163	14.2944
0.106517	14.1864
0.10789	14.0757
0.109279	13.9624
0.110687	13.8468
0.112113	13.7289
0.113557	13.609
0.11502	13.4873
0.116502	13.364
0.118003	13.2393
0.119523	13.1134
0.121063	12.9865
0.122622	12.8588
0.124202	12.7306
0.125802	12.6021
0.127422	12.4736
0.129064	12.3452
0.130726	12.2172
0.132411	12.0898
0.134116	11.9634
0.135844	11.8381
0.137594	11.7142
0.139366	11.592
0.141162	11.4716
0.14298	11.3533
0.144822	11.2375
0.146688	11.1242
0.148578	11.0138
0.150492	10.9065
0.15243	10.8025
0.154394	10.7021
0.156383	10.6054
0.158397	10.5127
0.160438	10.4242
0.162505	10.3402
0.164598	10.2607
0.166718	10.186
0.168866	10.1163
0.171042	10.0517
0.173245	9.9924
0.175477	9.93855
0.177737	9.89029
0.180027	9.84774
0.182346	9.811
0.184695	9.78019
0.187074	9.75539
0.189484	9.73668
0.191925	9.72411
0.194398	9.71773
0.196902	9.71758
0.199438	9.72366
0.202008	9.73598
0.20461	9.75453
0.207246	9.77927
0.209916	9.81016
0.21262	9.84713
0.215359	9.89012
0.218133	9.93901
0.220943	9.99371
0.223789	10.0541
0.226672	10.12
0.229592	10.1912
0.23255	10.2677
0.235546	10.3492
0.23858	10.4355
0.241654	10.5263
0.244767	10.6215
0.24792	10.7209
0.251113	10.824
0.254348	10.9307
0.257625	11.0407
0.260944	11.1537
0.264305	11.2693
0.26771	11.3873
0.271159	11.5073
0.274652	11.629
0.27819	11.752
0.281774	11.876
0.285404	12.0006
0.28908	12.1255
0.292804	12.2502
0.296576	12.3744
0.300397	12.4978
0.304267	12.62
0.308186	12.7405
0.312156	12.859
0.316178	12.9751
0.320251	13.0884
0.324376	13.1986
0.328555	13.3054
0.332787	13.4082
0.337074	13.5069
0.341417	13.601
0.345815	13.6902
0.35027	13.7742
0.354782	13.8526
0.359352	13.9251
0.363982	13.9916
0.36867	14.0515
0.37342	14.1048
0.37823	14.1511
0.383103	14.1903
0.388038	14.222
0.393037	14.2461
0.3981	14.2623
0.403228	14.2706
0.408423	14.2708
0.413684	14.2627
0.419013	14.2463
0.424411	14.2213
0.429879	14.1879
0.435416	14.1458
0.441025	14.0951
0.446707	14.0358
0.452461	13.9679
0.45829	13.8914
0.464194	13.8063
0.470174	13.7128
0.476231	13.6108
0.482366	13.5007
0.488579	13.3824
0.494873	13.2561
0.501249	13.122
0.507706	12.9803
0.514246	12.8311
0.520871	12.6748
0.527581	12.5115
0.534377	12.3416
0.541261	12.1652
0.548234	11.9827
0.555296	11.7943
0.56245	11.6004
0.569695	11.4014
0.577034	11.1975
0.584468	10.989
0.591997	10.7764
0.599623	10.56
0.607348	10.3402
0.615172	10.1174
0.623096	9.89185
0.631123	9.66403
0.639253	9.43431
0.647488	9.20307
0.65583	8.97071
0.664278	8.73761
0.672836	8.50415
0.681503	8.27071
0.690282	8.03768
0.699175	7.80542
0.708182	7.57429
0.717305	7.34467
0.726545	7.11689
0.735905	6.8913
0.745385	6.66822
0.754987	6.44799
0.764713	6.2309
0.774564	6.01725
0.784542	5.80732
0.794649	5.60139
0.804886	5.3997
0.815254	5.20249
0.825757	5.00998
0.836394	4.82239
0.847169	4.6399
0.858082	4.46268
0.869136	4.29089
0.880333	4.12467
0.891673	3.96414
0.90316	3.8094
0.914795	3.66054
0.926579	3.51763
0.938516	3.38072
0.950606	3.24983
0.962852	3.125
0.975255	3.00622
0.987819	2.89347
1.00054	2.78672
1.01343	2.68592
1.02649	2.59102
1.03971	2.50193
1.05311	2.41857
1.06667	2.34083
1.08041	2.2686
1.09433	2.20174
1.10843	2.14013
1.12271	2.08361
1.13717	2.03202
1.15182	1.9852
1.16666	1.94298
1.18169	1.90516
1.19691	1.87157
1.21233	1.842
1.22795	1.81627
1.24377	1.79416
1.25979	1.77548
1.27602	1.76001
1.29245	1.74754
1.3091	1.73788
1.32597	1.73079
1.34305	1.72609
1.36035	1.72355
1.37788	1.72298
1.39563	1.72416
1.4136	1.72689
1.43181	1.73099
1.45026	1.73626
1.46894	1.7425
1.48787	1.74954
1.50703	1.7572
1.52645	1.7653
1.54611	1.77369
1.56603	1.78221
1.5862	1.79069
1.60664	1.79901
1.62733	1.80703
1.6483	1.81461
1.66953	1.82164
1.69104	1.828
1.71282	1.8336
1.73489	1.83833
1.75724	1.84211
1.77987	1.84485
1.8028	1.8465
1.82603	1.84698
1.84955	1.84625
1.87337	1.84425
1.89751	1.84095
1.92195	1.83631
1.94671	1.83031
1.97179	1.82294
1.99719	1.81419
2.02292	1.80405
2.04898	1.79252
2.07537	1.77963
2.10211	1.76538
2.12919	1.74979
2.15662	1.7329
2.1844	1.71473
2.21254	1.69532
2.24104	1.67471
2.26991	1.65295
2.29915	1.63008
2.32877	1.60615
2.35877	1.58122
2.38916	1.55534
2.41993	1.52858
2.45111	1.50099
2.48268	1.47263
2.51467	1.44357
2.54706	1.41387
2.57987	1.38359
2.61311	1.35281
2.64677	1.32157
2.68087	1.28996
2.7154	1.25803
2.75038	1.22584
2.78581	1.19345
2.8217	1.16094
2.85805	1.12835
2.89487	1.09574
2.93216	1.06317
2.96993	1.0307
3.00819	0.998369
3.04695	0.966237
3.0862	0.934347
3.12595	0.902746
3.16622	0.871476
3.20701	0.840579
3.24832	0.810093
3.29017	0.780052
3.33256	0.750491
3.37549	0.721439
3.41897	0.692925
3.46301	0.664975
3.50762	0.637611
3.55281	0.610855
3.59858	0.584724
3.64494	0.559234
3.69189	0.534399
3.73945	0.510231
3.78762	0.486738
3.83642	0.463928
3.88584	0.441806
3.9359	0.420375
3.9866	0.399636
4.03796	0.37959
4.08997	0.360233
4.14266	0.341564
4.19603	0.323576
4.25008	0.306263
4.30483	0.289619
4.36029	0.273633
4.41646	0.258296
4.47335	0.243597
4.53098	0.229525
4.58935	0.216067
4.64847	0.203209
4.70835	0.190938
4.76901	0.179239
4.83044	0.168097
4.89267	0.157497
4.9557	0.147423
5.01954	0.137859
5.0842	0.128788
5.1497	0.120195
5.21604	0.112062
5.28323	0.104374
5.35129	0.0971144
5.42023	0.0902658
5.49005	0.0838124
5.56077	0.0777381
5.63241	0.072027
5.70497	0.0666632
5.77846	0.0616313
5.8529	0.0569162
5.9283	0.0525028
6.00467	0.0483768
6.08202	0.0445238
6.16037	0.04093
6.23973	0.037582
6.32011	0.0344667
6.40153	0.0315715
6.48399	0.0288842
6.56752	0.0263928
6.65213	0.0240861
6.73782	0.021953
6.82462	0.0199831
6.91254	0.0181662
7.00158	0.0164927
7.09178	0.0149533
7.18314	0.0135392
7.27567	0.012242
7.3694	0.0110537
7.46433	0.00996661
7.56049	0.00897363
7.65789	0.0080679
7.75654	0.00724295
7.85646	0.0064927
7.95767	0.00581142
8.06018	0.0051937
8.16401	0.00463449
8.26918	0.00412903
8.37571	0.00367288
8.48361	0.0032619
8.59289	0.0028922
8.70359	0.0025602
8.81571	0.00226255
8.92928	0.00199613
9.04431	0.00175809
9.16082	0.00154577
9.27883	0.00135672
9.39836	0.00118869
9.51943	0.00103961
9.64206	0.000907581
9.76627	0.000790871
9.89209	0.000687893
10.0195	0.000597203
10.1486	0.000517487
10.2793	0.000447552
10.4117	0.000386316
10.5459	0.000332805
10.6817	0.000286136
10.8193	0.000245517
10.9587	0.000210236
11.0999	0.000179654
11.2429	0.000153202
11.3877	0.000130369
11.5344	0.000110702
11.683	9.38001e-05
11.8335	7.93049e-05
11.9859	6.69017e-05
12.1403	5.63121e-05
12.2967	4.72914e-05
12.4551	3.96247e-05
12.6156	3.31239e-05
12.7781	2.76245e-05
12.9427	2.29832e-05
13.1095	1.90755e-05
13.2783	1.57935e-05
13.4494	1.30436e-05
13.6226	1.07453e-05
13.7981	8.8293e-06
13.9759	7.23595e-06
14.1559	5.91435e-06
14.3383	4.82098e-06
14.523	3.9188e-06
14.7101	3.17635e-06
14.8996	2.56698e-06
15.0915	2.0682e-06
15.2859	1.66106e-06
15.4829	1.32965e-06
15.6823	1.06064e-06
15.8843	8.42899e-07
16.089	6.67172e-07
16.2962	5.25766e-07
16.5061	4.12318e-07
16.7188	3.2158e-07
16.9342	2.49232e-07
17.1523	1.91735e-07
17.3733	1.46198e-07
17.5971	1.10266e-07
17.8238	8.20304e-08
18.0534	5.99499e-08
18.2859	4.27876e-08
18.5215	2.95575e-08
18.7601	1.94814e-08
19.0018	1.19544e-08
19.2466	6.51826e-09
19.4945	2.84123e-09
19.7456	7.05324e-10
