2.88351e-06	5.3746e-09
5.76701e-06	2.14984e-08
8.65052e-06	4.8371e-08
1.1534e-05	8.59923e-08
1.44175e-05	1.34362e-07
1.7301e-05	1.93478e-07
2.01845e-05	2.63341e-07
2.30681e-05	3.4395e-07
2.59516e-05	4.35304e-07
2.88351e-05	5.374e-07
3.17186e-05	6.50239e-07
3.46021e-05	7.73818e-07
3.74856e-05	9.08136e-07
4.03691e-05	1.05319e-06
4.32526e-05	1.20898e-06
4.61361e-05	1.37551e-06
4.90196e-05	1.55276e-06
5.19031e-05	1.74074e-06
5.47866e-05	1.93945e-06
5.76701e-05	2.14889e-06
6.05536e-05	2.36905e-06
6.34371e-05	2.59992e-06
6.63206e-05	2.84152e-06
6.92042e-05	3.09382e-06
7.20877e-05	3.35684e-06
7.49712e-05	3.63057e-06
7.78547e-05	3.915e-06
8.07382e-05	4.21014e-06
8.36217e-05	4.51597e-06
8.65052e-05	4.83251e-06
8.93887e-05	5.15974e-06
9.22722e-05	5.49766e-06
9.51557e-05	5.84627e-06
9.80392e-05	6.20556e-06
0.000100923	6.57554e-06
0.000103806	6.9562e-06
0.00010669	7.34754e-06
0.000109573	7.74956e-06
0.000112457	8.16224e-06
0.00011534	8.5856e-06
0.000118224	9.01963e-06
0.000121107	9.46433e-06
0.000123991	9.91969e-06
0.000126874	1.03857e-05
0.000129758	1.08624e-05
0.000132641	1.13497e-05
0.000135525	1.18477e-05
0.000138408	1.23564e-05
0.000141292	1.28757e-05
0.000144175	1.34056e-05
0.000147059	1.39462e-05
0.000149942	1.44974e-05
0.000152826	1.50593e-05
0.000155709	1.56318e-05
0.000158593	1.6215e-05
0.000161476	1.68087e-05
0.00016436	1.74132e-05
0.000167243	1.80282e-05
0.000170127	1.86539e-05
0.00017301	1.92902e-05
0.000175894	1.99371e-05
0.000178777	2.05946e-05
0.000181661	2.12628e-05
0.000184544	2.19416e-05
0.000187428	2.26309e-05
0.000190311	2.33309e-05
0.000193195	2.40415e-05
0.000196078	2.47627e-05
0.000198926	2.54853e-05
0.000201814	2.62288e-05
0.000204744	2.6994e-05
0.000207717	2.77816e-05
0.000210733	2.8592e-05
0.000213793	2.94261e-05
0.000216898	3.02845e-05
0.000220047	3.11679e-05
0.000223242	3.2077e-05
0.000226484	3.30126e-05
0.000229773	3.39754e-05
0.000233109	3.49663e-05
0.000236494	3.5986e-05
0.000239928	3.70354e-05
0.000243411	3.81154e-05
0.000246946	3.92268e-05
0.000250532	4.03705e-05
0.000254169	4.15476e-05
0.00025786	4.27589e-05
0.000261604	4.40055e-05
0.000265403	4.52883e-05
0.000269257	4.66085e-05
0.000273166	4.79671e-05
0.000277133	4.93652e-05
0.000281157	5.0804e-05
0.000285239	5.22847e-05
0.000289381	5.38084e-05
0.000293583	5.53764e-05
0.000297846	5.69901e-05
0.000302171	5.86507e-05
0.000306558	6.03596e-05
0.00031101	6.21181e-05
0.000315526	6.39278e-05
0.000320107	6.57901e-05
0.000324755	6.77066e-05
0.000329471	6.96787e-05
0.000334255	7.17082e-05
0.000339108	7.37966e-05
0.000344032	7.59457e-05
0.000349028	7.81573e-05
0.000354096	8.04331e-05
0.000359237	8.27751e-05
0.000364453	8.51851e-05
0.000369745	8.7665e-05
0.000375114	9.0217e-05
0.000380561	9.28431e-05
0.000386087	9.55454e-05
0.000391693	9.83262e-05
0.000397381	0.000101188
0.000403151	0.000104132
0.000409004	0.000107162
0.000414943	0.00011028
0.000420968	0.000113489
0.000427081	0.00011679
0.000433282	0.000120188
0.000439574	0.000123683
0.000445957	0.000127281
0.000452432	0.000130982
0.000459001	0.000134791
0.000465666	0.00013871
0.000472428	0.000142743
0.000479288	0.000146893
0.000486247	0.000151163
0.000493308	0.000155556
0.000500471	0.000160077
0.000507738	0.000164729
0.00051511	0.000169516
0.00052259	0.000174441
0.000530178	0.000179509
0.000537876	0.000184724
0.000545686	0.00019009
0.00055361	0.00019561
0.000561648	0.000201291
0.000569804	0.000207136
0.000578078	0.00021315
0.000586471	0.000219338
0.000594987	0.000225705
0.000603627	0.000232256
0.000612391	0.000238996
0.000621284	0.000245931
0.000630305	0.000253067
0.000639457	0.000260409
0.000648742	0.000267963
0.000658162	0.000275735
0.000667719	0.000283731
0.000677414	0.000291959
0.000687251	0.000300423
0.00069723	0.000309132
0.000707354	0.000318093
0.000717625	0.000327312
0.000728045	0.000336797
0.000738616	0.000346555
0.000749341	0.000356594
0.000760222	0.000366924
0.000771261	0.00037755
0.000782459	0.000388483
0.000793821	0.000399731
0.000805348	0.000411303
0.000817041	0.000423207
0.000828905	0.000435455
0.000840941	0.000448055
0.000853152	0.000461018
0.00086554	0.000474353
0.000878108	0.000488072
0.000890858	0.000502185
0.000903794	0.000516705
0.000916917	0.000531641
0.000930231	0.000547006
0.000943738	0.000562813
0.000957442	0.000579073
0.000971344	0.000595801
0.000985448	0.000613008
0.000999757	0.000630709
0.00101427	0.000648918
0.001029	0.000667648
0.00104394	0.000686916
0.0010591	0.000706736
0.00107448	0.000727123
0.00109008	0.000748095
0.00110591	0.000769667
0.00112197	0.000791856
0.00113826	0.00081468
0.00115479	0.000838157
0.00117156	0.000862305
0.00118857	0.000887143
0.00120583	0.000912691
0.00122333	0.000938969
0.0012411	0.000965997
0.00125912	0.000993796
0.0012774	0.00102239
0.00129595	0.0010518
0.00131477	0.00108204
0.00133386	0.00111315
0.00135323	0.00114515
0.00137288	0.00117805
0.00139281	0.0012119
0.00141303	0.0012467
0.00143355	0.0012825
0.00145437	0.00131931
0.00147549	0.00135717
0.00149691	0.00139611
0.00151865	0.00143615
0.0015407	0.00147732
0.00156307	0.00151967
0.00158576	0.00156321
0.00160879	0.00160799
0.00163215	0.00165404
0.00165585	0.0017014
0.00167989	0.00175009
0.00170429	0.00180016
0.00172903	0.00185165
0.00175414	0.00190459
0.00177961	0.00195903
0.00180545	0.002015
0.00183167	0.00207255
0.00185826	0.00213173
0.00188524	0.00219257
0.00191262	0.00225513
0.00194039	0.00231945
0.00196857	0.00238558
0.00199715	0.00245357
0.00202615	0.00252347
0.00205557	0.00259533
0.00208542	0.00266921
0.0021157	0.00274516
0.00214642	0.00282325
0.00217758	0.00290352
0.0022092	0.00298603
0.00224128	0.00307086
0.00227383	0.00315806
0.00230684	0.0032477
0.00234034	0.00333983
0.00237432	0.00343454
0.0024088	0.0035319
0.00244377	0.00363196
0.00247926	0.00373481
0.00251526	0.00384052
0.00255178	0.00394917
0.00258883	0.00406084
0.00262642	0.00417561
0.00266456	0.00429357
0.00270325	0.00441479
0.0027425	0.00453937
0.00278233	0.0046674
0.00282273	0.00479896
0.00286371	0.00493416
0.00290529	0.0050731
0.00294748	0.00521586
0.00299028	0.00536256
0.0030337	0.00551329
0.00307775	0.00566817
0.00312244	0.00582731
0.00316778	0.00599081
0.00321377	0.0061588
0.00326044	0.00633139
0.00330778	0.0065087
0.00335581	0.00669086
0.00340454	0.00687799
0.00345397	0.00707023
0.00350413	0.00726771
0.00355501	0.00747057
0.00360663	0.00767894
0.003659	0.00789297
0.00371213	0.00811281
0.00376603	0.0083386
0.00382071	0.00857051
0.00387619	0.00880869
0.00393247	0.00905329
0.00398957	0.0093045
0.0040475	0.00956247
0.00410628	0.00982738
0.0041659	0.0100994
0.00422639	0.0103787
0.00428776	0.0106655
0.00435002	0.01096
0.00441318	0.0112624
0.00447726	0.0115728
0.00454227	0.0118915
0.00460823	0.0122187
0.00467514	0.0125545
0.00474303	0.0128993
0.0048119	0.0132532
0.00488177	0.0136165
0.00495265	0.0139893
0.00502457	0.014372
0.00509753	0.0147648
0.00517154	0.0151678
0.00524664	0.0155815
0.00532282	0.016006
0.00540011	0.0164415
0.00547852	0.0168885
0.00555807	0.017347
0.00563877	0.0178175
0.00572065	0.0183002
0.00580372	0.0187954
0.00588799	0.0193034
0.00597348	0.0198245
0.00606022	0.020359
0.00614822	0.0209073
0.00623749	0.0214695
0.00632806	0.0220462
0.00641995	0.0226376
0.00651317	0.0232441
0.00660774	0.023866
0.00670369	0.0245036
0.00680103	0.0251574
0.00689978	0.0258276
0.00699997	0.0265147
0.00710161	0.0272191
0.00720472	0.0279412
0.00730934	0.0286812
0.00741547	0.0294397
0.00752315	0.0302171
0.00763239	0.0310137
0.00774321	0.03183
0.00785565	0.0326665
0.00796971	0.0335235
0.00808543	0.0344015
0.00820284	0.0353009
0.00832195	0.0362223
0.00844278	0.037166
0.00856537	0.0381326
0.00868975	0.0391225
0.00881592	0.0401362
0.00894393	0.0411742
0.0090738	0.0422371
0.00920556	0.0433252
0.00933923	0.0444391
0.00947483	0.0455794
0.00961241	0.0467465
0.00975199	0.047941
0.00989359	0.0491634
0.0100372	0.0504143
0.010183	0.0516942
0.0103309	0.0530036
0.0104809	0.0543431
0.010633	0.0557134
0.0107874	0.0571148
0.0109441	0.0585481
0.011103	0.0600138
0.0112642	0.0615124
0.0114278	0.0630445
0.0115937	0.0646108
0.011762	0.0662118
0.0119328	0.0678482
0.0121061	0.0695204
0.0122819	0.0712291
0.0124602	0.0729749
0.0126412	0.0747584
0.0128247	0.0765801
0.0130109	0.0784407
0.0131998	0.0803408
0.0133915	0.0822809
0.013586	0.0842617
0.0137832	0.0862837
0.0139834	0.0883475
0.0141864	0.0904537
0.0143924	0.0926028
0.0146014	0.0947955
0.0148134	0.0970322
0.0150285	0.0993136
0.0152467	0.10164
0.0154681	0.104012
0.0156927	0.106431
0.0159206	0.108896
0.0161517	0.111409
0.0163863	0.113969
0.0166242	0.116577
0.0168656	0.119234
0.0171105	0.12194
0.0173589	0.124696
0.017611	0.127501
0.0178667	0.130357
0.0181261	0.133263
0.0183893	0.13622
0.0186564	0.139229
0.0189273	0.142289
0.0192021	0.1454
0.0194809	0.148564
0.0197638	0.151779
0.0200508	0.155047
0.0203419	0.158367
0.0206373	0.16174
0.0209369	0.165165
0.0212409	0.168642
0.0215494	0.172172
0.0218623	0.175754
0.0221797	0.179388
0.0225018	0.183073
0.0228285	0.18681
0.02316	0.190599
0.0234963	0.194438
0.0238374	0.198328
0.0241836	0.202267
0.0245347	0.206256
0.024891	0.210293
0.0252524	0.214378
0.0256191	0.218511
0.0259911	0.222689
0.0263685	0.226913
0.0267513	0.231181
0.0271398	0.235491
0.0275339	0.239844
0.0279337	0.244237
0.0283393	0.248669
0.0287508	0.253139
0.0291682	0.257645
0.0295918	0.262184
0.0300214	0.266757
0.0304574	0.271359
0.0308996	0.27599
0.0313483	0.280647
0.0318035	0.285328
0.0322653	0.290031
0.0327338	0.294752
0.0332091	0.29949
0.0336913	0.304241
0.0341805	0.309003
0.0346768	0.313772
0.0351803	0.318545
0.0356912	0.323319
0.0362094	0.32809
0.0367352	0.332855
0.0372686	0.337609
0.0378097	0.34235
0.0383587	0.347072
0.0389157	0.351771
0.0394808	0.356443
0.0400541	0.361084
0.0406357	0.365688
0.0412257	0.37025
0.0418243	0.374766
0.0424316	0.37923
0.0430477	0.383637
0.0436728	0.387981
0.044307	0.392256
0.0449503	0.396456
0.045603	0.400576
0.0462652	0.404608
0.046937	0.408548
0.0476185	0.412386
0.0483099	0.416118
0.0490114	0.419736
0.0497231	0.423233
0.0504451	0.426602
0.0511775	0.429835
0.0519207	0.432925
0.0526746	0.435864
0.0534394	0.438644
0.0542154	0.441258
0.0550026	0.443697
0.0558012	0.445952
0.0566115	0.448017
0.0574335	0.449881
0.0582675	0.451537
0.0591135	0.452976
0.0599719	0.45419
0.0608427	0.455169
0.0617261	0.455905
0.0626224	0.456389
0.0635317	0.456612
0.0644542	0.456566
0.0653901	0.45624
0.0663396	0.455627
0.0673029	0.454718
0.0682801	0.453503
0.0692716	0.451974
0.0702774	0.450122
0.0712979	0.447939
0.0723332	0.445416
0.0733835	0.442544
0.074449	0.439317
0.07553	0.435725
0.0766268	0.431761
0.0777394	0.427417
0.0788682	0.422685
0.0800134	0.41756
0.0811752	0.412034
0.0823539	0.4061
0.0835497	0.399752
0.0847629	0.392985
0.0859937	0.385793
0.0872423	0.378172
0.0885091	0.370116
0.0897943	0.361623
0.0910981	0.352687
0.0924209	0.343307
0.0937629	0.33348
0.0951243	0.323205
0.0965056	0.312479
0.0979069	0.301303
0.0993285	0.289676
0.100771	0.2776
0.102234	0.265076
0.103718	0.252107
0.105225	0.238696
0.106752	0.224846
0.108302	0.210563
0.109875	0.195852
0.11147	0.180721
0.113089	0.165175
0.114731	0.149225
0.116397	0.13288
0.118087	0.116149
0.119802	0.0990452
0.121541	0.0815802
0.123306	0.0637677
0.125097	0.0456224
0.126913	0.02716
0.128756	0.00839714
0.130626	-0.0106482
0.132522	-0.0299572
0.134447	-0.0495098
0.136399	-0.0692847
0.138379	-0.0892599
0.140389	-0.109412
0.142427	-0.129717
0.144495	-0.150148
0.146593	-0.17068
0.148722	-0.191285
0.150881	-0.211934
0.153072	-0.232598
0.155295	-0.253247
0.15755	-0.273848
0.159837	-0.294369
0.162158	-0.314777
0.164513	-0.335039
0.166902	-0.355119
0.169325	-0.374981
0.171784	-0.394589
0.174278	-0.413908
0.176809	-0.432898
0.179376	-0.451522
0.181981	-0.469742
0.184623	-0.48752
0.187304	-0.504815
0.190024	-0.52159
0.192783	-0.537804
0.195582	-0.553419
0.198422	-0.568395
0.201303	-0.582693
0.204226	-0.596274
0.207192	-0.6091
0.2102	-0.621133
0.213252	-0.632335
0.216349	-0.642669
0.21949	-0.652099
0.222677	-0.66059
0.225911	-0.668107
0.229191	-0.674618
0.232519	-0.680089
0.235895	-0.684491
0.23932	-0.687794
0.242795	-0.689969
0.246321	-0.690991
0.249898	-0.690834
0.253526	-0.689477
0.257207	-0.686897
0.260942	-0.683077
0.264731	-0.677998
0.268575	-0.671646
0.272475	-0.66401
0.276431	-0.655077
0.280445	-0.644842
0.284517	-0.633299
0.288649	-0.620444
0.29284	-0.606279
0.297092	-0.590806
0.301406	-0.574029
0.305782	-0.555958
0.310222	-0.536604
0.314727	-0.51598
0.319297	-0.494103
0.323933	-0.470992
0.328637	-0.446672
0.333409	-0.421166
0.33825	-0.394504
0.343161	-0.366717
0.348144	-0.337839
0.353199	-0.307908
0.358328	-0.276963
0.363531	-0.245046
0.36881	-0.212205
0.374165	-0.178485
0.379598	-0.143939
0.38511	-0.108619
0.390702	-0.0725811
0.396375	-0.0358823
0.40213	0.0014174
0.407969	0.039256
0.413893	0.0775698
0.419903	0.116293
0.426	0.155359
0.432186	0.1947
0.438461	0.234245
0.444828	0.273923
0.451287	0.313664
0.45784	0.353395
0.464488	0.393043
0.471232	0.432534
0.478075	0.471796
0.485016	0.510756
0.492059	0.54934
0.499204	0.587477
0.506452	0.625094
0.513806	0.662122
0.521267	0.698489
0.528836	0.734129
0.536515	0.768975
0.544305	0.802961
0.552209	0.836024
0.560227	0.868104
0.568362	0.899142
0.576614	0.929081
0.584987	0.957868
0.593481	0.985453
0.602099	1.01179
0.610841	1.03683
0.619711	1.06053
0.628709	1.08286
0.637838	1.10379
0.6471	1.12327
0.656496	1.14129
0.666029	1.15783
0.6757	1.17286
0.685511	1.18636
0.695465	1.19834
0.705563	1.20877
0.715808	1.21767
0.726202	1.22502
0.736747	1.23084
0.747444	1.23513
0.758298	1.23791
0.769308	1.23919
0.780479	1.23899
0.791812	1.23734
0.803309	1.23426
0.814973	1.22978
0.826807	1.22394
0.838813	1.21678
0.850992	1.20832
0.863349	1.19862
0.875885	1.18771
0.888603	1.17565
0.901506	1.16247
0.914596	1.14824
0.927877	1.133
0.94135	1.1168
0.955018	1.0997
0.968885	1.08176
0.982954	1.06302
0.997227	1.04355
1.01171	1.0234
1.0264	1.00263
1.0413	0.981299
1.05642	0.959457
1.07176	0.937164
1.08732	0.914475
1.10311	0.891446
1.11913	0.868131
1.13538	0.844584
1.15186	0.820857
1.16859	0.797002
1.18556	0.773067
1.20277	0.749102
1.22024	0.725153
1.23796	0.701265
1.25593	0.677482
1.27417	0.653846
1.29267	0.630396
1.31144	0.60717
1.33048	0.584204
1.3498	0.561532
1.3694	0.539185
1.38928	0.517193
1.40946	0.495584
1.42992	0.474382
1.45069	0.453611
1.47175	0.433293
1.49312	0.413447
1.5148	0.394088
1.5368	0.375233
1.55911	0.356894
1.58175	0.339082
1.60472	0.321806
1.62802	0.305073
1.65166	0.288889
1.67564	0.273257
1.69997	0.258179
1.72466	0.243656
1.7497	0.229685
1.7751	0.216265
1.80088	0.203391
1.82703	0.191058
1.85356	0.179259
1.88047	0.167988
1.90778	0.157234
1.93548	0.146988
1.96358	0.137241
1.99209	0.12798
2.02102	0.119193
2.05037	0.110868
2.08014	0.102992
2.11034	0.0955508
2.14099	0.0885308
2.17207	0.0819174
2.20361	0.0756962
2.23561	0.0698524
2.26807	0.0643711
2.301	0.0592375
2.33442	0.0544366
2.36831	0.0499537
2.4027	0.045774
2.43759	0.0418829
2.47298	0.0382662
2.50889	0.0349097
2.54532	0.0317995
2.58228	0.0289222
2.61978	0.0262646
2.65782	0.0238139
2.69641	0.0215577
2.73556	0.019484
2.77528	0.0175811
2.81558	0.0158381
2.85646	0.0142441
2.89794	0.0127889
2.94002	0.0114628
2.98271	0.0102565
3.02602	0.00916106
3.06996	0.00816811
3.11454	0.00726971
3.15976	0.00645836
3.20564	0.00572699
3.25219	0.00506896
3.29941	0.00447806
3.34732	0.00394846
3.39592	0.00347473
3.44523	0.00305183
3.49526	0.00267505
3.54601	0.00234005
3.5975	0.00204282
3.64974	0.00177964
3.70273	0.00154711
3.7565	0.00134209
3.81104	0.00116173
3.86638	0.0010034
3.92252	0.00086473
3.97948	0.000743546
4.03726	0.000637888
4.09588	0.000545978
4.15536	0.000466215
4.21569	0.00039716
4.27691	0.000337518
4.33901	0.000286131
4.40201	0.000241968
4.46593	0.000204107
4.53078	0.000171733
4.59657	0.00014412
4.66331	0.000120631
4.73102	0.000100702
4.79972	8.38392e-05
4.86941	6.96098e-05
4.94012	5.76356e-05
5.01185	4.75873e-05
5.08462	3.9179e-05
5.15845	3.21634e-05
5.23336	2.63268e-05
5.30935	2.14855e-05
5.38644	1.74817e-05
5.46465	1.41806e-05
5.544	1.14673e-05
5.6245	9.2441e-06
5.70617	7.42821e-06
5.78903	5.94978e-06
5.87308	4.75001e-06
5.95836	3.7796e-06
6.04488	2.99733e-06
6.13265	2.36887e-06
6.2217	1.8657e-06
6.31204	1.46426e-06
6.4037	1.14511e-06
6.49668	8.92293e-07
6.59101	6.92751e-07
6.68672	5.35839e-07
6.78381	4.12911e-07
6.88231	3.16971e-07
6.98225	2.42382e-07
7.08363	1.8462e-07
7.18649	1.40063e-07
7.29084	1.05832e-07
7.3967	7.96407e-08
7.50411	5.96827e-08
7.61307	4.45384e-08
7.72361	3.30953e-08
7.83576	2.44861e-08
7.94954	1.80371e-08
8.06497	1.32277e-08
8.18208	9.65696e-09
8.30088	7.01796e-09
8.42141	5.07654e-09
8.54369	3.65496e-09
8.66775	2.61895e-09
8.79361	1.86755e-09
8.9213	1.32523e-09
9.05084	9.35731e-10
9.18226	6.5739e-10
9.31559	4.59492e-10
9.45085	3.1951e-10
9.58808	2.21009e-10
9.7273	1.52064e-10
9.86855	1.04064e-10
10.0118	7.08267e-11
10.1572	4.79382e-11
10.3047	3.22649e-11
10.4543	2.15925e-11
10.6061	1.43673e-11
10.7601	9.50361e-12
10.9164	6.2492e-12
11.0749	4.08385e-12
11.2357	2.65321e-12
11.3988	1.71304e-12
11.5644	1.0995e-12
11.7323	7.0116e-13
11.9026	4.43878e-13
12.0755	2.78534e-13
12.2508	1.74372e-13
12.4287	1.08702e-13
12.6092	6.7576e-14
12.7922	4.11581e-14
12.978	2.45179e-14
13.1664	1.52526e-14
13.3576	8.62705e-15
13.5516	5.80194e-15
13.7483	3.8915e-15
13.948	1.41355e-15
14.1505	6.21484e-16
14.356	6.47825e-16
14.5644	5.03373e-16
14.7759	2.02179e-16
14.9905	4.16283e-18
15.2081	-3.88383e-16
15.429	9.90373e-17
15.653	2.44935e-16
15.8803	-4.9361e-19
16.1109	-1.41181e-16
16.3448	1.73683e-16
16.5821	-1.00162e-16
16.8229	8.90978e-17
17.0672	1.16163e-16
17.315	3.72751e-16
17.5664	-2.90606e-16
17.8215	1.19944e-17
18.0803	-2.03941e-16
18.3428	3.12304e-16
18.6091	-2.03877e-16
18.8793	-3.14276e-16
19.1535	3.25604e-16
19.4316	1.78792e-16
19.7138	-4.30131e-16
