2.88351e-06	3.34379e-22
5.76701e-06	4.6813e-21
8.65052e-06	2.30721e-20
1.1534e-05	7.22254e-20
1.44175e-05	1.75547e-19
1.7301e-05	3.63129e-19
2.01845e-05	6.7175e-19
2.30681e-05	1.14487e-18
2.59516e-05	1.83265e-18
2.88351e-05	2.7919e-18
3.17186e-05	4.08616e-18
3.46021e-05	5.7856e-18
3.74856e-05	7.96712e-18
4.03691e-05	1.07143e-17
4.32526e-05	1.41173e-17
4.61361e-05	1.8273e-17
4.90196e-05	2.32851e-17
5.19031e-05	2.92638e-17
5.47866e-05	3.63261e-17
5.76701e-05	4.45955e-17
6.05536e-05	5.42023e-17
6.34371e-05	6.52834e-17
6.63206e-05	7.79824e-17
6.92042e-05	9.24496e-17
7.20877e-05	1.08842e-16
7.49712e-05	1.27323e-16
7.78547e-05	1.48063e-16
8.07382e-05	1.71239e-16
8.36217e-05	1.97034e-16
8.65052e-05	2.25639e-16
8.93887e-05	2.5725e-16
9.22722e-05	2.92071e-16
9.51557e-05	3.30312e-16
9.80392e-05	3.7219e-16
0.000100923	4.17929e-16
0.000103806	4.67758e-16
0.00010669	5.21915e-16
0.000109573	5.80642e-16
0.000112457	6.4419e-16
0.00011534	7.12815e-16
0.000118224	7.86781e-16
0.000121107	8.66359e-16
0.000123991	9.51823e-16
0.000126874	1.04346e-15
0.000129758	1.14156e-15
0.000132641	1.24641e-15
0.000135525	1.35832e-15
0.000138408	1.47761e-15
0.000141292	1.60458e-15
0.000144175	1.73956e-15
0.000147059	1.88288e-15
0.000149942	2.03488e-15
0.000152826	2.19589e-15
0.000155709	2.36628e-15
0.000158593	2.54639e-15
0.000161476	2.73659e-15
0.00016436	2.93724e-15
0.000167243	3.14873e-15
0.000170127	3.37143e-15
0.00017301	3.60574e-15
0.000175894	3.85205e-15
0.000178777	4.11077e-15
0.000181661	4.3823e-15
0.000184544	4.66705e-15
0.000187428	4.96546e-15
0.000190311	5.27795e-15
0.000193195	5.60496e-15
0.000196078	5.94692e-15
0.000198926	6.29969e-15
0.000201814	6.67338e-15
0.000204744	7.06922e-15
0.000207717	7.48855e-15
0.000210733	7.93274e-15
0.000213793	8.40326e-15
0.000216898	8.9017e-15
0.000220047	9.42969e-15
0.000223242	9.98899e-15
0.000226484	1.05814e-14
0.000229773	1.1209e-14
0.000233109	1.18739e-14
0.000236494	1.25781e-14
0.000239928	1.33241e-14
0.000243411	1.41143e-14
0.000246946	1.49514e-14
0.000250532	1.58381e-14
0.000254169	1.67774e-14
0.00025786	1.77724e-14
0.000261604	1.88263e-14
0.000265403	1.99428e-14
0.000269257	2.11255e-14
0.000273166	2.23782e-14
0.000277133	2.37053e-14
0.000281157	2.5111e-14
0.000285239	2.66001e-14
0.000289381	2.81774e-14
0.000293583	2.98483e-14
0.000297846	3.16182e-14
0.000302171	3.3493e-14
0.000306558	3.5479e-14
0.00031101	3.75827e-14
0.000315526	3.98111e-14
0.000320107	4.21716e-14
0.000324755	4.4672e-14
0.000329471	4.73206e-14
0.000334255	5.01262e-14
0.000339108	5.30982e-14
0.000344032	5.62462e-14
0.000349028	5.95809e-14
0.000354096	6.31132e-14
0.000359237	6.68549e-14
0.000364453	7.08183e-14
0.000369745	7.50166e-14
0.000375114	7.94637e-14
0.000380561	8.41743e-14
0.000386087	8.91642e-14
0.000391693	9.44497e-14
0.000397381	1.00048e-13
0.000403151	1.05979e-13
0.000409004	1.12261e-13
0.000414943	1.18915e-13
0.000420968	1.25963e-13
0.000427081	1.33429e-13
0.000433282	1.41338e-13
0.000439574	1.49715e-13
0.000445957	1.58588e-13
0.000452432	1.67987e-13
0.000459001	1.77943e-13
0.000465666	1.88489e-13
0.000472428	1.99659e-13
0.000479288	2.11491e-13
0.000486247	2.24024e-13
0.000493308	2.373e-13
0.000500471	2.51361e-13
0.000507738	2.66256e-13
0.00051511	2.82033e-13
0.00052259	2.98744e-13
0.000530178	3.16446e-13
0.000537876	3.35195e-13
0.000545686	3.55055e-13
0.00055361	3.76091e-13
0.000561648	3.98373e-13
0.000569804	4.21974e-13
0.000578078	4.46973e-13
0.000586471	4.73452e-13
0.000594987	5.01499e-13
0.000603627	5.31207e-13
0.000612391	5.62673e-13
0.000621284	5.96003e-13
0.000630305	6.31306e-13
0.000639457	6.68698e-13
0.000648742	7.08305e-13
0.000658162	7.50255e-13
0.000667719	7.9469e-13
0.000677414	8.41754e-13
0.000687251	8.91604e-13
0.00069723	9.44404e-13
0.000707354	1.00033e-12
0.000717625	1.05956e-12
0.000728045	1.12231e-12
0.000738616	1.18876e-12
0.000749341	1.25915e-12
0.000760222	1.3337e-12
0.000771261	1.41266e-12
0.000782459	1.49629e-12
0.000793821	1.58487e-12
0.000805348	1.6787e-12
0.000817041	1.77807e-12
0.000828905	1.88332e-12
0.000840941	1.9948e-12
0.000853152	2.11287e-12
0.00086554	2.23793e-12
0.000878108	2.37038e-12
0.000890858	2.51066e-12
0.000903794	2.65924e-12
0.000916917	2.81661e-12
0.000930231	2.98328e-12
0.000943738	3.15981e-12
0.000957442	3.34677e-12
0.000971344	3.54479e-12
0.000985448	3.75452e-12
0.000999757	3.97664e-12
0.00101427	4.21189e-12
0.001029	4.46105e-12
0.00104394	4.72493e-12
0.0010591	5.00442e-12
0.00107448	5.30041e-12
0.00109008	5.6139e-12
0.00110591	5.94591e-12
0.00112197	6.29754e-12
0.00113826	6.66995e-12
0.00115479	7.06435e-12
0.00117156	7.48206e-12
0.00118857	7.92443e-12
0.00120583	8.39294e-12
0.00122333	8.88912e-12
0.0012411	9.4146e-12
0.00125912	9.97112e-12
0.0012774	1.05605e-11
0.00129595	1.11847e-11
0.00131477	1.18457e-11
0.00133386	1.25457e-11
0.00135323	1.32871e-11
0.00137288	1.40722e-11
0.00139281	1.49037e-11
0.00141303	1.57843e-11
0.00143355	1.67168e-11
0.00145437	1.77043e-11
0.00147549	1.87501e-11
0.00149691	1.98576e-11
0.00151865	2.10304e-11
0.0015407	2.22724e-11
0.00156307	2.35877e-11
0.00158576	2.49805e-11
0.00160879	2.64555e-11
0.00163215	2.80174e-11
0.00165585	2.96715e-11
0.00167989	3.1423e-11
0.00170429	3.32778e-11
0.00172903	3.52419e-11
0.00175414	3.73218e-11
0.00177961	3.95242e-11
0.00180545	4.18564e-11
0.00183167	4.43261e-11
0.00185826	4.69412e-11
0.00188524	4.97103e-11
0.00191262	5.26426e-11
0.00194039	5.57475e-11
0.00196857	5.90352e-11
0.00199715	6.25166e-11
0.00202615	6.62029e-11
0.00205557	7.01062e-11
0.00208542	7.42392e-11
0.0021157	7.86154e-11
0.00214642	8.32492e-11
0.00217758	8.81555e-11
0.0022092	9.33506e-11
0.00224128	9.88511e-11
0.00227383	1.04675e-10
0.00230684	1.10842e-10
0.00234034	1.17371e-10
0.00237432	1.24284e-10
0.0024088	1.31603e-10
0.00244377	1.39353e-10
0.00247926	1.47558e-10
0.00251526	1.56245e-10
0.00255178	1.65442e-10
0.00258883	1.7518e-10
0.00262642	1.85489e-10
0.00266456	1.96404e-10
0.00270325	2.07959e-10
0.0027425	2.20193e-10
0.00278233	2.33145e-10
0.00282273	2.46857e-10
0.00286371	2.61374e-10
0.00290529	2.76742e-10
0.00294748	2.93012e-10
0.00299028	3.10235e-10
0.0030337	3.28469e-10
0.00307775	3.47771e-10
0.00312244	3.68205e-10
0.00316778	3.89837e-10
0.00321377	4.12735e-10
0.00326044	4.36975e-10
0.00330778	4.62635e-10
0.00335581	4.89798e-10
0.00340454	5.1855e-10
0.00345397	5.48986e-10
0.00350413	5.81203e-10
0.00355501	6.15305e-10
0.00360663	6.51401e-10
0.003659	6.89609e-10
0.00371213	7.30051e-10
0.00376603	7.72858e-10
0.00382071	8.18166e-10
0.00387619	8.66122e-10
0.00393247	9.1688e-10
0.00398957	9.70602e-10
0.0040475	1.02746e-09
0.00410628	1.08764e-09
0.0041659	1.15133e-09
0.00422639	1.21874e-09
0.00428776	1.29008e-09
0.00435002	1.36558e-09
0.00441318	1.44549e-09
0.00447726	1.53005e-09
0.00454227	1.61954e-09
0.00460823	1.71425e-09
0.00467514	1.81447e-09
0.00474303	1.92052e-09
0.0048119	2.03276e-09
0.00488177	2.15152e-09
0.00495265	2.27719e-09
0.00502457	2.41018e-09
0.00509753	2.55089e-09
0.00517154	2.69979e-09
0.00524664	2.85734e-09
0.00532282	3.02405e-09
0.00540011	3.20043e-09
0.00547852	3.38706e-09
0.00555807	3.58452e-09
0.00563877	3.79344e-09
0.00572065	4.01448e-09
0.00580372	4.24833e-09
0.00588799	4.49574e-09
0.00597348	4.75749e-09
0.00606022	5.0344e-09
0.00614822	5.32734e-09
0.00623749	5.63725e-09
0.00632806	5.96508e-09
0.00641995	6.31188e-09
0.00651317	6.67873e-09
0.00660774	7.06679e-09
0.00670369	7.47727e-09
0.00680103	7.91146e-09
0.00689978	8.37071e-09
0.00699997	8.85647e-09
0.00710161	9.37025e-09
0.00720472	9.91366e-09
0.00730934	1.04884e-08
0.00741547	1.10962e-08
0.00752315	1.17391e-08
0.00763239	1.24189e-08
0.00774321	1.31379e-08
0.00785565	1.38983e-08
0.00796971	1.47023e-08
0.00808543	1.55525e-08
0.00820284	1.64516e-08
0.00832195	1.74023e-08
0.00844278	1.84076e-08
0.00856537	1.94705e-08
0.00868975	2.05943e-08
0.00881592	2.17825e-08
0.00894393	2.30388e-08
0.0090738	2.4367e-08
0.00920556	2.57712e-08
0.00933923	2.72556e-08
0.00947483	2.88249e-08
0.00961241	3.04839e-08
0.00975199	3.22375e-08
0.00989359	3.40912e-08
0.0100372	3.60506e-08
0.010183	3.81216e-08
0.0103309	4.03106e-08
0.0104809	4.26242e-08
0.010633	4.50694e-08
0.0107874	4.76537e-08
0.0109441	5.03848e-08
0.011103	5.32709e-08
0.0112642	5.63208e-08
0.0114278	5.95437e-08
0.0115937	6.29493e-08
0.011762	6.65477e-08
0.0119328	7.03497e-08
0.0121061	7.43669e-08
0.0122819	7.8611e-08
0.0124602	8.30949e-08
0.0126412	8.78318e-08
0.0128247	9.28359e-08
0.0130109	9.81221e-08
0.0131998	1.03706e-07
0.0133915	1.09604e-07
0.013586	1.15834e-07
0.0137832	1.22413e-07
0.0139834	1.29363e-07
0.0141864	1.36702e-07
0.0143924	1.44452e-07
0.0146014	1.52636e-07
0.0148134	1.61279e-07
0.0150285	1.70405e-07
0.0152467	1.8004e-07
0.0154681	1.90213e-07
0.0156927	2.00954e-07
0.0159206	2.12294e-07
0.0161517	2.24264e-07
0.0163863	2.369e-07
0.0166242	2.50239e-07
0.0168656	2.64318e-07
0.0171105	2.79178e-07
0.0173589	2.94861e-07
0.017611	3.11412e-07
0.0178667	3.28879e-07
0.0181261	3.4731e-07
0.0183893	3.66759e-07
0.0186564	3.8728e-07
0.0189273	4.08931e-07
0.0192021	4.31773e-07
0.0194809	4.55871e-07
0.0197638	4.81291e-07
0.0200508	5.08105e-07
0.0203419	5.36388e-07
0.0206373	5.66218e-07
0.0209369	5.97679e-07
0.0212409	6.30856e-07
0.0215494	6.65842e-07
0.0218623	7.02733e-07
0.0221797	7.41631e-07
0.0225018	7.82641e-07
0.0228285	8.25875e-07
0.02316	8.71453e-07
0.0234963	9.19496e-07
0.0238374	9.70135e-07
0.0241836	1.02351e-06
0.0245347	1.07976e-06
0.024891	1.13903e-06
0.0252524	1.20149e-06
0.0256191	1.26731e-06
0.0259911	1.33665e-06
0.0263685	1.4097e-06
0.0267513	1.48665e-06
0.0271398	1.56771e-06
0.0275339	1.65309e-06
0.0279337	1.74301e-06
0.0283393	1.83771e-06
0.0287508	1.93743e-06
0.0291682	2.04242e-06
0.0295918	2.15297e-06
0.0300214	2.26935e-06
0.0304574	2.39186e-06
0.0308996	2.52082e-06
0.0313483	2.65654e-06
0.0318035	2.79938e-06
0.0322653	2.94969e-06
0.0327338	3.10786e-06
0.0332091	3.27426e-06
0.0336913	3.44933e-06
0.0341805	3.63349e-06
0.0346768	3.8272e-06
0.0351803	4.03093e-06
0.0356912	4.24518e-06
0.0362094	4.47048e-06
0.0367352	4.70736e-06
0.0372686	4.9564e-06
0.0378097	5.21821e-06
0.0383587	5.49339e-06
0.0389157	5.78262e-06
0.0394808	6.08656e-06
0.0400541	6.40595e-06
0.0406357	6.74153e-06
0.0412257	7.09407e-06
0.0418243	7.46441e-06
0.0424316	7.85338e-06
0.0430477	8.2619e-06
0.0436728	8.69088e-06
0.044307	9.14131e-06
0.0449503	9.6142e-06
0.045603	1.01106e-05
0.0462652	1.06316e-05
0.046937	1.11785e-05
0.0476185	1.17523e-05
0.0483099	1.23544e-05
0.0490114	1.2986e-05
0.0497231	1.36486e-05
0.0504451	1.43436e-05
0.0511775	1.50724e-05
0.0519207	1.58366e-05
0.0526746	1.66378e-05
0.0534394	1.74777e-05
0.0542154	1.83581e-05
0.0550026	1.92808e-05
0.0558012	2.02476e-05
0.0566115	2.12606e-05
0.0574335	2.23218e-05
0.0582675	2.34333e-05
0.0591135	2.45974e-05
0.0599719	2.58163e-05
0.0608427	2.70925e-05
0.0617261	2.84285e-05
0.0626224	2.98269e-05
0.0635317	3.12903e-05
0.0644542	3.28215e-05
0.0653901	3.44234e-05
0.0663396	3.60991e-05
0.0673029	3.78517e-05
0.0682801	3.96844e-05
0.0692716	4.16005e-05
0.0702774	4.36035e-05
0.0712979	4.56971e-05
0.0723332	4.78849e-05
0.0733835	5.01709e-05
0.074449	5.25589e-05
0.07553	5.50532e-05
0.0766268	5.7658e-05
0.0777394	6.03778e-05
0.0788682	6.32171e-05
0.0800134	6.61807e-05
0.0811752	6.92734e-05
0.0823539	7.25002e-05
0.0835497	7.58665e-05
0.0847629	7.93775e-05
0.0859937	8.30388e-05
0.0872423	8.68561e-05
0.0885091	9.08354e-05
0.0897943	9.49826e-05
0.0910981	9.9304e-05
0.0924209	0.000103806
0.0937629	0.000108496
0.0951243	0.000113379
0.0965056	0.000118464
0.0979069	0.000123757
0.0993285	0.000129265
0.100771	0.000134997
0.102234	0.000140961
0.103718	0.000147163
0.105225	0.000153613
0.106752	0.000160319
0.108302	0.000167289
0.109875	0.000174532
0.11147	0.000182058
0.113089	0.000189875
0.114731	0.000197994
0.116397	0.000206423
0.118087	0.000215174
0.119802	0.000224255
0.121541	0.000233677
0.123306	0.000243451
0.125097	0.000253587
0.126913	0.000264097
0.128756	0.000274992
0.130626	0.000286282
0.132522	0.00029798
0.134447	0.000310097
0.136399	0.000322646
0.138379	0.000335637
0.140389	0.000349085
0.142427	0.000363
0.144495	0.000377396
0.146593	0.000392285
0.148722	0.000407681
0.150881	0.000423597
0.153072	0.000440045
0.155295	0.00045704
0.15755	0.000474595
0.159837	0.000492722
0.162158	0.000511437
0.164513	0.000530753
0.166902	0.000550683
0.169325	0.000571243
0.171784	0.000592445
0.174278	0.000614303
0.176809	0.000636833
0.179376	0.000660048
0.181981	0.000683962
0.184623	0.000708589
0.187304	0.000733944
0.190024	0.00076004
0.192783	0.000786891
0.195582	0.000814512
0.198422	0.000842916
0.201303	0.000872116
0.204226	0.000902127
0.207192	0.000932962
0.2102	0.000964635
0.213252	0.000997157
0.216349	0.00103054
0.21949	0.0010648
0.222677	0.00109996
0.225911	0.00113601
0.229191	0.00117297
0.232519	0.00121086
0.235895	0.00124968
0.23932	0.00128945
0.242795	0.00133018
0.246321	0.00137187
0.249898	0.00141454
0.253526	0.0014582
0.257207	0.00150286
0.260942	0.00154852
0.264731	0.00159519
0.268575	0.00164288
0.272475	0.0016916
0.276431	0.00174135
0.280445	0.00179214
0.284517	0.00184397
0.288649	0.00189685
0.29284	0.00195079
0.297092	0.00200578
0.301406	0.00206182
0.305782	0.00211893
0.310222	0.0021771
0.314727	0.00223633
0.319297	0.00229662
0.323933	0.00235797
0.328637	0.00242037
0.333409	0.00248383
0.33825	0.00254834
0.343161	0.0026139
0.348144	0.00268049
0.353199	0.00274812
0.358328	0.00281677
0.363531	0.00288645
0.36881	0.00295713
0.374165	0.00302881
0.379598	0.00310148
0.38511	0.00317513
0.390702	0.00324975
0.396375	0.00332532
0.40213	0.00340184
0.407969	0.00347928
0.413893	0.00355764
0.419903	0.0036369
0.426	0.00371705
0.432186	0.00379807
0.438461	0.00387994
0.444828	0.00396265
0.451287	0.00404619
0.45784	0.00413054
0.464488	0.00421569
0.471232	0.00430161
0.478075	0.00438829
0.485016	0.00447573
0.492059	0.0045639
0.499204	0.00465278
0.506452	0.00474238
0.513806	0.00483266
0.521267	0.00492363
0.528836	0.00501526
0.536515	0.00510755
0.544305	0.00520048
0.552209	0.00529405
0.560227	0.00538825
0.568362	0.00548308
0.576614	0.00557852
0.584987	0.00567458
0.593481	0.00577125
0.602099	0.00586854
0.610841	0.00596644
0.619711	0.00606497
0.628709	0.00616414
0.637838	0.00626396
0.6471	0.00636444
0.656496	0.0064656
0.666029	0.00656747
0.6757	0.00667007
0.685511	0.00677343
0.695465	0.00687759
0.705563	0.00698259
0.715808	0.00708848
0.726202	0.0071953
0.736747	0.00730311
0.747444	0.00741197
0.758298	0.00752194
0.769308	0.00763309
0.780479	0.00774551
0.791812	0.00785926
0.803309	0.00797445
0.814973	0.00809116
0.826807	0.00820949
0.838813	0.00832955
0.850992	0.00845145
0.863349	0.0085753
0.875885	0.00870123
0.888603	0.00882937
0.901506	0.00895986
0.914596	0.00909283
0.927877	0.00922844
0.94135	0.00936684
0.955018	0.00950819
0.968885	0.00965267
0.982954	0.00980044
0.997227	0.00995169
1.01171	0.0101066
1.0264	0.0102654
1.0413	0.0104282
1.05642	0.0105954
1.07176	0.010767
1.08732	0.0109433
1.10311	0.0111247
1.11913	0.0113112
1.13538	0.0115031
1.15186	0.0117008
1.16859	0.0119045
1.18556	0.0121144
1.20277	0.0123309
1.22024	0.0125542
1.23796	0.0127847
1.25593	0.0130227
1.27417	0.0132685
1.29267	0.0135224
1.31144	0.0137849
1.33048	0.0140562
1.3498	0.0143368
1.3694	0.014627
1.38928	0.0149273
1.40946	0.0152381
1.42992	0.0155597
1.45069	0.0158928
1.47175	0.0162377
1.49312	0.0165949
1.5148	0.0169649
1.5368	0.0173482
1.55911	0.0177454
1.58175	0.018157
1.60472	0.0185836
1.62802	0.0190258
1.65166	0.0194841
1.67564	0.0199592
1.69997	0.0204518
1.72466	0.0209625
1.7497	0.021492
1.7751	0.022041
1.80088	0.0226103
1.82703	0.0232005
1.85356	0.0238126
1.88047	0.0244472
1.90778	0.0251052
1.93548	0.0257875
1.96358	0.026495
1.99209	0.0272285
2.02102	0.027989
2.05037	0.0287775
2.08014	0.0295949
2.11034	0.0304423
2.14099	0.0313207
2.17207	0.0322312
2.20361	0.033175
2.23561	0.0341531
2.26807	0.0351668
2.301	0.0362172
2.33442	0.0373057
2.36831	0.0384335
2.4027	0.0396019
2.43759	0.0408123
2.47298	0.042066
2.50889	0.0433646
2.54532	0.0447093
2.58228	0.0461018
2.61978	0.0475436
2.65782	0.0490362
2.69641	0.0505811
2.73556	0.0521801
2.77528	0.0538348
2.81558	0.0555469
2.85646	0.057318
2.89794	0.05915
2.94002	0.0610445
2.98271	0.0630034
3.02602	0.0650285
3.06996	0.0671215
3.11454	0.0692844
3.15976	0.071519
3.20564	0.073827
3.25219	0.0762105
3.29941	0.0786711
3.34732	0.0812109
3.39592	0.0838315
3.44523	0.0865348
3.49526	0.0893225
3.54601	0.0921966
3.5975	0.0951585
3.64974	0.0982101
3.70273	0.101353
3.7565	0.104588
3.81104	0.107918
3.86638	0.111344
3.92252	0.114866
3.97948	0.118486
4.03726	0.122206
4.09588	0.126025
4.15536	0.129946
4.21569	0.133967
4.27691	0.138091
4.33901	0.142317
4.40201	0.146645
4.46593	0.151074
4.53078	0.155606
4.59657	0.160238
4.66331	0.164969
4.73102	0.1698
4.79972	0.174726
4.86941	0.179748
4.94012	0.184862
5.01185	0.190065
5.08462	0.195354
5.15845	0.200726
5.23336	0.206176
5.30935	0.211699
5.38644	0.217291
5.46465	0.222944
5.544	0.228654
5.6245	0.234411
5.70617	0.240209
5.78903	0.246039
5.87308	0.251891
5.95836	0.257755
6.04488	0.26362
6.13265	0.269474
6.2217	0.275305
6.31204	0.281098
6.4037	0.286838
6.49668	0.292509
6.59101	0.298095
6.68672	0.303578
6.78381	0.308938
6.88231	0.314154
6.98225	0.319206
7.08363	0.324071
7.18649	0.328723
7.29084	0.333139
7.3967	0.337292
7.50411	0.341154
7.61307	0.344695
7.72361	0.347886
7.83576	0.350695
7.94954	0.35309
8.06497	0.355037
8.18208	0.356501
8.30088	0.357447
8.42141	0.357838
8.54369	0.357637
8.66775	0.356806
8.79361	0.355308
8.9213	0.353104
9.05084	0.350155
9.18226	0.346425
9.31559	0.341874
9.45085	0.336468
9.58808	0.330171
9.7273	0.322949
9.86855	0.314771
10.0118	0.305608
10.1572	0.295434
10.3047	0.284227
10.4543	0.271969
10.6061	0.258646
10.7601	0.244252
10.9164	0.228784
11.0749	0.212248
11.2357	0.194657
11.3988	0.176033
11.5644	0.156406
11.7323	0.135816
11.9026	0.114316
12.0755	0.0919682
12.2508	0.0688478
12.4287	0.0450431
12.6092	0.0206557
12.7922	-0.00419885
12.978	-0.0293904
13.1664	-0.0547743
13.3576	-0.0801911
13.5516	-0.105467
13.7483	-0.130413
13.948	-0.154828
14.1505	-0.178495
14.356	-0.20119
14.5644	-0.222675
14.7759	-0.242705
14.9905	-0.261028
15.2081	-0.277392
15.429	-0.291541
15.653	-0.303225
15.8803	-0.312201
16.1109	-0.318237
16.3448	-0.321121
16.5821	-0.320661
16.8229	-0.316692
17.0672	-0.309087
17.315	-0.297755
17.5664	-0.282654
17.8215	-0.263792
18.0803	-0.241237
18.3428	-0.21512
18.6091	-0.185641
18.8793	-0.153072
19.1535	-0.11776
19.4316	-0.0801303
19.7138	-0.0406846
