2.72331e-06	3.15082e-10
5.44662e-06	1.26033e-09
8.16993e-06	2.83572e-09
1.08932e-05	5.04124e-09
1.36166e-05	7.87687e-09
1.63399e-05	1.13426e-08
1.90632e-05	1.54383e-08
2.17865e-05	2.01639e-08
2.45098e-05	2.55195e-08
2.72331e-05	3.1505e-08
2.99564e-05	3.81202e-08
3.26797e-05	4.53651e-08
3.54031e-05	5.32396e-08
3.81264e-05	6.17436e-08
4.08497e-05	7.0877e-08
4.3573e-05	8.06397e-08
4.62963e-05	9.10315e-08
4.90196e-05	1.02052e-07
5.17429e-05	1.13702e-07
5.44662e-05	1.25981e-07
5.71895e-05	1.38888e-07
5.99129e-05	1.52424e-07
6.26362e-05	1.66588e-07
6.53595e-05	1.81381e-07
6.80828e-05	1.96801e-07
7.08061e-05	2.1285e-07
7.35294e-05	2.29526e-07
7.62527e-05	2.4683e-07
7.8976e-05	2.64761e-07
8.16993e-05	2.8332e-07
8.44227e-05	3.02505e-07
8.7146e-05	3.22318e-07
8.98693e-05	3.42757e-07
9.25926e-05	3.63823e-07
9.53159e-05	3.85515e-07
9.80392e-05	4.07834e-07
0.000100763	4.30779e-07
0.000103486	4.5435e-07
0.000106209	4.78546e-07
0.000108932	5.03368e-07
0.000111656	5.28816e-07
0.000114379	5.54889e-07
0.000117102	5.81588e-07
0.000119826	6.08911e-07
0.000122549	6.36859e-07
0.000125272	6.65433e-07
0.000127996	6.94631e-07
0.000130719	7.24453e-07
0.000133442	7.549e-07
0.000136166	7.85971e-07
0.000138889	8.17667e-07
0.000141612	8.49986e-07
0.000144336	8.8293e-07
0.000147059	9.16497e-07
0.000149782	9.50687e-07
0.000152505	9.85502e-07
0.000155229	1.02094e-06
0.000157952	1.057e-06
0.000160675	1.09368e-06
0.000163399	1.13099e-06
0.000166122	1.16892e-06
0.000168845	1.20747e-06
0.000171569	1.24665e-06
0.000174292	1.28644e-06
0.000177015	1.32686e-06
0.000179739	1.3679e-06
0.000182462	1.40957e-06
0.000185185	1.45185e-06
0.000187888	1.49443e-06
0.000190629	1.53825e-06
0.000193411	1.58335e-06
0.000196234	1.62978e-06
0.000199097	1.67756e-06
0.000202003	1.72675e-06
0.00020495	1.77737e-06
0.000207941	1.82948e-06
0.000210976	1.88311e-06
0.000214054	1.93831e-06
0.000217178	1.99512e-06
0.000220347	2.0536e-06
0.000223563	2.11379e-06
0.000226825	2.17574e-06
0.000230135	2.23951e-06
0.000233493	2.30514e-06
0.000236901	2.37269e-06
0.000240358	2.44222e-06
0.000243865	2.51378e-06
0.000247424	2.58743e-06
0.000251035	2.66324e-06
0.000254698	2.74126e-06
0.000258415	2.82157e-06
0.000262186	2.90422e-06
0.000266012	2.9893e-06
0.000269894	3.07686e-06
0.000273832	3.16698e-06
0.000277828	3.25973e-06
0.000281882	3.35519e-06
0.000285996	3.45345e-06
0.000290169	3.55458e-06
0.000294404	3.65866e-06
0.0002987	3.76578e-06
0.000303059	3.87603e-06
0.000307481	3.98951e-06
0.000311968	4.1063e-06
0.000316521	4.2265e-06
0.00032114	4.35021e-06
0.000325826	4.47753e-06
0.000330581	4.60857e-06
0.000335405	4.74344e-06
0.000340299	4.88225e-06
0.000345265	5.0251e-06
0.000350304	5.17213e-06
0.000355415	5.32345e-06
0.000360602	5.47919e-06
0.000365864	5.63946e-06
0.000371203	5.80442e-06
0.00037662	5.97419e-06
0.000382116	6.14891e-06
0.000387692	6.32872e-06
0.00039335	6.51379e-06
0.00039909	6.70424e-06
0.000404914	6.90025e-06
0.000410822	7.10198e-06
0.000416817	7.30958e-06
0.0004229	7.52324e-06
0.000429071	7.74312e-06
0.000435333	7.96941e-06
0.000441685	8.20229e-06
0.000448131	8.44196e-06
0.00045467	8.6886e-06
0.000461305	8.94243e-06
0.000468037	9.20365e-06
0.000474867	9.47248e-06
0.000481797	9.74913e-06
0.000488827	1.00338e-05
0.000495961	1.03268e-05
0.000503198	1.06283e-05
0.000510541	1.09386e-05
0.000517991	1.12579e-05
0.00052555	1.15865e-05
0.00053322	1.19247e-05
0.000541001	1.22727e-05
0.000548896	1.26308e-05
0.000556905	1.29993e-05
0.000565032	1.33785e-05
0.000573278	1.37688e-05
0.000581643	1.41704e-05
0.000590131	1.45836e-05
0.000598743	1.50089e-05
0.00060748	1.54464e-05
0.000616345	1.58967e-05
0.000625339	1.63601e-05
0.000634465	1.68369e-05
0.000643723	1.73276e-05
0.000653117	1.78324e-05
0.000662648	1.8352e-05
0.000672318	1.88865e-05
0.000682129	1.94366e-05
0.000692083	2.00027e-05
0.000702182	2.05851e-05
0.000712429	2.11844e-05
0.000722826	2.18011e-05
0.000733374	2.24356e-05
0.000744076	2.30885e-05
0.000754934	2.37603e-05
0.00076595	2.44515e-05
0.000777128	2.51628e-05
0.000788468	2.58946e-05
0.000799974	2.66475e-05
0.000811648	2.74223e-05
0.000823492	2.82194e-05
0.000835509	2.90396e-05
0.000847702	2.98835e-05
0.000860072	3.07517e-05
0.000872623	3.1645e-05
0.000885357	3.25642e-05
0.000898277	3.35098e-05
0.000911385	3.44827e-05
0.000924685	3.54837e-05
0.000938179	3.65135e-05
0.000951869	3.75731e-05
0.00096576	3.86632e-05
0.000979853	3.97846e-05
0.000994152	4.09384e-05
0.00100866	4.21254e-05
0.00102338	4.33466e-05
0.00103831	4.46029e-05
0.00105346	4.58954e-05
0.00106884	4.7225e-05
0.00108443	4.85928e-05
0.00110026	5e-05
0.00111632	5.14476e-05
0.00113261	5.29368e-05
0.00114913	5.44687e-05
0.0011659	5.60446e-05
0.00118292	5.76656e-05
0.00120018	5.93332e-05
0.00121769	6.10486e-05
0.00123546	6.28132e-05
0.00125349	6.46283e-05
0.00127178	6.64954e-05
0.00129034	6.84159e-05
0.00130917	7.03913e-05
0.00132828	7.24233e-05
0.00134766	7.45134e-05
0.00136733	7.66632e-05
0.00138728	7.88744e-05
0.00140752	8.11487e-05
0.00142806	8.3488e-05
0.0014489	8.5894e-05
0.00147005	8.83686e-05
0.0014915	9.09137e-05
0.00151326	9.35314e-05
0.00153535	9.62235e-05
0.00155775	9.89923e-05
0.00158048	0.00010184
0.00160355	0.000104768
0.00162695	0.00010778
0.00165069	0.000110878
0.00167478	0.000114063
0.00169922	0.000117339
0.00172401	0.000120707
0.00174917	0.000124171
0.0017747	0.000127733
0.00180059	0.000131396
0.00182687	0.000135163
0.00185353	0.000139036
0.00188058	0.000143019
0.00190802	0.000147114
0.00193586	0.000151325
0.00196411	0.000155655
0.00199277	0.000160107
0.00202185	0.000164684
0.00205136	0.00016939
0.00208129	0.000174228
0.00211167	0.000179203
0.00214248	0.000184317
0.00217375	0.000189576
0.00220547	0.000194981
0.00223765	0.000200539
0.0022703	0.000206252
0.00230343	0.000212125
0.00233705	0.000218162
0.00237115	0.000224368
0.00240575	0.000230748
0.00244086	0.000237306
0.00247648	0.000244047
0.00251262	0.000250976
0.00254928	0.000258098
0.00258649	0.000265418
0.00262423	0.000272941
0.00266253	0.000280674
0.00270138	0.000288621
0.0027408	0.000296789
0.0027808	0.000305183
0.00282138	0.00031381
0.00286255	0.000322675
0.00290432	0.000331786
0.0029467	0.000341147
0.0029897	0.000350768
0.00303333	0.000360653
0.0030776	0.00037081
0.00312251	0.000381247
0.00316807	0.00039197
0.0032143	0.000402988
0.00326121	0.000414308
0.0033088	0.000425938
0.00335708	0.000437886
0.00340607	0.000450161
0.00345578	0.000462771
0.00350621	0.000475724
0.00355737	0.00048903
0.00360928	0.000502699
0.00366195	0.000516738
0.00371539	0.000531159
0.00376961	0.00054597
0.00382462	0.000561183
0.00388043	0.000576806
0.00393706	0.000592851
0.00399451	0.000609329
0.0040528	0.000626251
0.00411194	0.000643627
0.00417195	0.00066147
0.00423283	0.000679792
0.0042946	0.000698604
0.00435727	0.000717919
0.00442085	0.000737749
0.00448536	0.000758108
0.00455082	0.000779009
0.00461723	0.000800465
0.00468461	0.00082249
0.00475297	0.000845098
0.00482233	0.000868305
0.0048927	0.000892123
0.0049641	0.00091657
0.00503654	0.000941659
0.00511003	0.000967407
0.0051846	0.00099383
0.00526026	0.00102094
0.00533702	0.00104877
0.00541491	0.00107731
0.00549392	0.0011066
0.0055741	0.00113665
0.00565544	0.00116748
0.00573797	0.00119911
0.0058217	0.00123155
0.00590665	0.00126483
0.00599285	0.00129896
0.0060803	0.00133397
0.00616903	0.00136987
0.00625905	0.00140669
0.00635039	0.00144445
0.00644306	0.00148316
0.00653708	0.00152286
0.00663248	0.00156356
0.00672926	0.00160528
0.00682746	0.00164806
0.0069271	0.00169191
0.00702818	0.00173685
0.00713074	0.00178292
0.0072348	0.00183013
0.00734038	0.00187852
0.00744749	0.0019281
0.00755617	0.0019789
0.00766644	0.00203096
0.00777831	0.00208429
0.00789182	0.00213893
0.00800698	0.00219489
0.00812383	0.00225222
0.00824238	0.00231093
0.00836266	0.00237107
0.00848469	0.00243264
0.00860851	0.0024957
0.00873413	0.00256026
0.00886159	0.00262636
0.0089909	0.00269402
0.0091221	0.00276328
0.00925522	0.00283418
0.00939028	0.00290673
0.00952731	0.00298098
0.00966634	0.00305696
0.0098074	0.00313469
0.00995052	0.00321422
0.0100957	0.00329557
0.010243	0.00337878
0.0103925	0.00346389
0.0105442	0.00355092
0.010698	0.00363991
0.0108542	0.0037309
0.0110126	0.00382393
0.0111733	0.00391901
0.0113363	0.0040162
0.0115017	0.00411552
0.0116696	0.00421702
0.0118399	0.00432072
0.0120126	0.00442666
0.0121879	0.00453488
0.0123658	0.0046454
0.0125463	0.00475828
0.0127293	0.00487353
0.0129151	0.0049912
0.0131036	0.00511132
0.0132948	0.00523393
0.0134888	0.00535905
0.0136856	0.00548672
0.0138853	0.00561698
0.014088	0.00574985
0.0142936	0.00588538
0.0145021	0.00602358
0.0147138	0.0061645
0.0149285	0.00630815
0.0151463	0.00645458
0.0153674	0.00660381
0.0155916	0.00675587
0.0158191	0.00691078
0.01605	0.00706856
0.0162842	0.00722926
0.0165218	0.00739288
0.0167629	0.00755944
0.0170075	0.00772898
0.0172557	0.00790151
0.0175075	0.00807704
0.017763	0.0082556
0.0180222	0.00843719
0.0182852	0.00862183
0.0185521	0.00880952
0.0188228	0.00900029
0.0190975	0.00919412
0.0193762	0.00939103
0.0196589	0.00959102
0.0199458	0.00979408
0.0202368	0.0100002
0.0205322	0.0102094
0.0208318	0.0104217
0.0211358	0.0106369
0.0214442	0.0108552
0.0217571	0.0110766
0.0220746	0.0113008
0.0223968	0.0115281
0.0227236	0.0117582
0.0230552	0.0119913
0.0233916	0.0122272
0.023733	0.0124659
0.0240793	0.0127073
0.0244307	0.0129514
0.0247872	0.0131982
0.0251489	0.0134476
0.0255159	0.0136994
0.0258883	0.0139537
0.0262661	0.0142104
0.0266494	0.0144693
0.0270382	0.0147304
0.0274328	0.0149936
0.0278331	0.0152588
0.0282393	0.0155258
0.0286514	0.0157946
0.0290695	0.016065
0.0294937	0.0163369
0.0299241	0.0166101
0.0303608	0.0168846
0.0308038	0.0171601
0.0312533	0.0174365
0.0317094	0.0177136
0.0321721	0.0179913
0.0326416	0.0182693
0.0331179	0.0185475
0.0336012	0.0188257
0.0340916	0.0191036
0.0345891	0.019381
0.0350938	0.0196578
0.0356059	0.0199335
0.0361255	0.0202081
0.0366527	0.0204812
0.0371876	0.0207526
0.0377302	0.021022
0.0382808	0.0212892
0.0388394	0.0215537
0.0394062	0.0218153
0.0399813	0.0220737
0.0405647	0.0223285
0.0411567	0.0225795
0.0417572	0.0228262
0.0423666	0.0230683
0.0429848	0.0233055
0.0436121	0.0235373
0.0442485	0.0237633
0.0448943	0.0239833
0.0455494	0.0241966
0.0462141	0.024403
0.0468885	0.024602
0.0475727	0.0247932
0.0482669	0.0249761
0.0489713	0.0251503
0.0496859	0.0253152
0.050411	0.0254705
0.0511466	0.0256156
0.051893	0.02575
0.0526502	0.0258733
0.0534186	0.025985
0.0541981	0.0260845
0.054989	0.0261714
0.0557914	0.026245
0.0566056	0.026305
0.0574316	0.0263507
0.0582697	0.0263817
0.05912	0.0263973
0.0599827	0.0263971
0.0608581	0.0263806
0.0617462	0.0263472
0.0626472	0.0262963
0.0635614	0.0262275
0.0644889	0.0261402
0.06543	0.0260338
0.0663848	0.025908
0.0673536	0.0257621
0.0683364	0.0255957
0.0693337	0.0254082
0.0703454	0.0251992
0.071372	0.0249683
0.0724135	0.0247149
0.0734702	0.0244385
0.0745423	0.0241389
0.0756301	0.0238156
0.0767338	0.0234681
0.0778535	0.0230961
0.0789896	0.0226993
0.0801423	0.0222773
0.0813118	0.0218298
0.0824984	0.0213566
0.0837023	0.0208574
0.0849237	0.0203321
0.086163	0.0197803
0.0874204	0.0192021
0.0886961	0.0185973
0.0899904	0.0179657
0.0913036	0.0173075
0.092636	0.0166225
0.0939878	0.0159109
0.0953594	0.0151728
0.0967509	0.0144083
0.0981628	0.0136176
0.0995953	0.012801
0.101049	0.0119587
0.102523	0.0110912
0.104019	0.0101988
0.105537	0.00928206
0.107077	0.00834146
0.10864	0.00737761
0.110225	0.00639117
0.111834	0.00538284
0.113466	0.00435343
0.115121	0.00330377
0.116801	0.00223478
0.118506	0.00114745
0.120235	4.28178e-05
0.12199	-0.00107798
0.12377	-0.00221377
0.125576	-0.00336328
0.127409	-0.00452519
0.129268	-0.00569809
0.131154	-0.00688053
0.133068	-0.00807097
0.13501	-0.0092678
0.13698	-0.0104694
0.138979	-0.0116739
0.141007	-0.0128796
0.143065	-0.0140847
0.145153	-0.0152871
0.147271	-0.0164849
0.14942	-0.0176761
0.1516	-0.0188586
0.153813	-0.0200301
0.156057	-0.0211886
0.158335	-0.0223317
0.160645	-0.0234572
0.162989	-0.0245627
0.165368	-0.025646
0.167781	-0.0267044
0.170229	-0.0277358
0.172713	-0.0287376
0.175234	-0.0297073
0.177791	-0.0306425
0.180385	-0.0315407
0.183018	-0.0323995
0.185689	-0.0332164
0.188398	-0.0339888
0.191148	-0.0347144
0.193937	-0.0353908
0.196767	-0.0360156
0.199638	-0.0365864
0.202552	-0.037101
0.205507	-0.0375571
0.208506	-0.0379525
0.211549	-0.0382851
0.214636	-0.0385529
0.217768	-0.0387539
0.220946	-0.0388862
0.22417	-0.0389482
0.227442	-0.0389381
0.230761	-0.0388544
0.234128	-0.0386957
0.237545	-0.0384606
0.241011	-0.0381481
0.244528	-0.037757
0.248097	-0.0372866
0.251717	-0.0367361
0.25539	-0.036105
0.259117	-0.0353928
0.262898	-0.0345995
0.266735	-0.0337249
0.270627	-0.0327693
0.274576	-0.031733
0.278583	-0.0306165
0.282649	-0.0294207
0.286773	-0.0281464
0.290958	-0.0267948
0.295204	-0.0253674
0.299512	-0.0238657
0.303882	-0.0222915
0.308317	-0.0206469
0.312816	-0.0189341
0.317381	-0.0171556
0.322013	-0.015314
0.326712	-0.0134123
0.331479	-0.0114536
0.336316	-0.00944115
0.341224	-0.00737855
0.346204	-0.00526952
0.351256	-0.003118
0.356382	-0.000928133
0.361582	0.00129577
0.366859	0.00354922
0.372212	0.00582753
0.377644	0.00812587
0.383155	0.0104393
0.388746	0.0127626
0.394419	0.0150905
0.400175	0.0174177
0.406014	0.0197388
0.411939	0.022048
0.41795	0.0243397
0.42405	0.0266082
0.430238	0.0288478
0.436516	0.0310525
0.442886	0.0332166
0.449349	0.0353342
0.455906	0.0373995
0.462559	0.0394067
0.469309	0.0413499
0.476158	0.0432235
0.483106	0.0450219
0.490156	0.0467396
0.497309	0.048371
0.504566	0.049911
0.511929	0.0513543
0.519399	0.0526961
0.526979	0.0539315
0.534669	0.0550559
0.542471	0.056065
0.550388	0.0569545
0.558419	0.0577207
0.566568	0.0583598
0.574836	0.0588685
0.583224	0.0592438
0.591735	0.0594828
0.60037	0.0595831
0.609132	0.0595426
0.61802	0.0593594
0.627039	0.0590321
0.636189	0.0585596
0.645473	0.0579412
0.654892	0.0571763
0.664449	0.056265
0.674145	0.0552076
0.683983	0.0540048
0.693964	0.0526576
0.704091	0.0511673
0.714366	0.0495358
0.72479	0.0477652
0.735367	0.0458579
0.746098	0.0438167
0.756986	0.0416448
0.768032	0.0393455
0.77924	0.0369227
0.790611	0.0343805
0.802149	0.0317231
0.813854	0.0289553
0.825731	0.026082
0.83778	0.0231084
0.850006	0.0200398
0.86241	0.0168821
0.874995	0.013641
0.887764	0.0103226
0.900719	0.00693328
0.913863	0.0034794
0.927198	-3.24053e-05
0.940729	-0.00359539
0.954457	-0.00720268
0.968385	-0.0108473
0.982516	-0.0145221
0.996854	-0.01822
1.0114	-0.0219338
1.02616	-0.0256563
1.04113	-0.02938
1.05633	-0.0330978
1.07174	-0.0368023
1.08738	-0.0404863
1.10325	-0.0441425
1.11935	-0.0477638
1.13568	-0.0513431
1.15226	-0.0548733
1.16907	-0.0583476
1.18613	-0.0617591
1.20344	-0.0651011
1.221	-0.0683671
1.23882	-0.0715506
1.2569	-0.0746455
1.27524	-0.0776456
1.29385	-0.0805451
1.31273	-0.0833382
1.33189	-0.0860195
1.35132	-0.0885836
1.37104	-0.0910255
1.39105	-0.0933403
1.41135	-0.0955233
1.43194	-0.0975701
1.45284	-0.0994766
1.47404	-0.101239
1.49555	-0.102853
1.51738	-0.104316
1.53952	-0.105624
1.56198	-0.106774
1.58478	-0.107764
1.6079	-0.108592
1.63137	-0.109255
1.65517	-0.109751
1.67933	-0.110078
1.70383	-0.110236
1.7287	-0.110223
1.75392	-0.110039
1.77952	-0.109682
1.80549	-0.109153
1.83183	-0.108451
1.85857	-0.107576
1.88569	-0.106529
1.91321	-0.105311
1.94112	-0.103923
1.96945	-0.102364
1.99819	-0.100638
2.02735	-0.0987449
2.05694	-0.0966868
2.08695	-0.0944657
2.11741	-0.0920837
2.1483	-0.0895429
2.17965	-0.0868459
2.21146	-0.0839953
2.24373	-0.0809937
2.27648	-0.0778441
2.3097	-0.0745494
2.3434	-0.0711129
2.3776	-0.0675377
2.41229	-0.0638273
2.4475	-0.0599851
2.48321	-0.0560146
2.51945	-0.0519196
2.55621	-0.0477037
2.59352	-0.0433708
2.63136	-0.0389247
2.66976	-0.0343695
2.70872	-0.029709
2.74825	-0.0249474
2.78835	-0.0200889
2.82904	-0.0151375
2.87033	-0.0100975
2.91221	-0.00497314
2.95471	0.000231242
2.99783	0.00551133
3.04158	0.0108627
3.08596	0.0162811
3.13099	0.0217619
3.17668	0.0273008
3.22304	0.0328932
3.27007	0.0385347
3.31779	0.0442207
3.36621	0.0499466
3.41533	0.055708
3.46517	0.0615002
3.51574	0.0673187
3.56704	0.073159
3.6191	0.0790163
3.67191	0.0848863
3.72549	0.0907642
3.77986	0.0966456
3.83502	0.102526
3.89098	0.108401
3.94776	0.114265
4.00537	0.120116
4.06382	0.125947
4.12312	0.131755
4.18329	0.137535
4.24433	0.143284
4.30627	0.148996
4.36911	0.154668
4.43287	0.160296
4.49756	0.165876
4.56319	0.171404
4.62978	0.176876
4.69734	0.182288
4.76589	0.187637
4.83544	0.192919
4.906	0.198131
4.97759	0.20327
5.05023	0.208332
5.12392	0.213315
5.1987	0.218215
5.27456	0.22303
5.35153	0.227758
5.42962	0.232395
5.50886	0.236939
5.58925	0.241388
5.67081	0.24574
5.75356	0.249993
5.83752	0.254146
5.92271	0.258195
6.00914	0.262141
6.09683	0.26598
6.1858	0.269713
6.27607	0.273337
6.36765	0.276852
6.46058	0.280256
6.55485	0.283549
6.65051	0.286729
6.74756	0.289796
6.84602	0.292748
6.94592	0.295586
7.04729	0.298307
7.15013	0.300913
7.25447	0.303401
7.36033	0.305772
7.46774	0.308024
7.57671	0.310156
7.68728	0.312169
7.79946	0.314061
7.91327	0.31583
8.02875	0.317477
8.14591	0.319
8.26478	0.320397
8.38539	0.321668
8.50776	0.322811
8.63191	0.323823
8.75787	0.324704
8.88567	0.325451
9.01534	0.326062
9.1469	0.326534
9.28038	0.326865
9.4158	0.327052
9.55321	0.327092
9.69262	0.326981
9.83406	0.326716
9.97757	0.326292
10.1232	0.325706
10.2709	0.324953
10.4208	0.324028
10.5728	0.322926
10.7271	0.321642
10.8837	0.320169
11.0425	0.318503
11.2036	0.316637
11.3671	0.314564
11.533	0.312278
11.7013	0.309771
11.8721	0.307037
12.0453	0.304068
12.2211	0.300856
12.3994	0.297394
12.5804	0.293672
12.7639	0.289684
12.9502	0.285421
13.1392	0.280874
13.3309	0.276036
13.5255	0.270898
13.7228	0.265451
13.9231	0.259688
14.1263	0.2536
14.3324	0.247181
14.5416	0.240421
14.7538	0.233315
14.9691	0.225855
15.1875	0.218035
15.4091	0.20985
15.634	0.201295
15.8621	0.192365
16.0936	0.183059
16.3285	0.173372
16.5667	0.163304
16.8085	0.152856
17.0538	0.142028
17.3026	0.130823
17.5551	0.119247
17.8113	0.107304
18.0712	0.0950031
18.3349	0.0823542
18.6025	0.0693694
18.874	0.0560632
19.1494	0.0424523
19.4288	0.0285563
19.7123	0.0143972
