6.75676e-06	6.31413e-30
1.35135e-05	1.38911e-28
2.02703e-05	9.66056e-28
2.7027e-05	3.93996e-27
3.37838e-05	1.18387e-26
4.05405e-05	2.9208e-26
4.72973e-05	6.2803e-26
5.40541e-05	1.2203e-25
6.08108e-05	2.19388e-25
6.75676e-05	3.7091e-25
7.43243e-05	5.96604e-25
8.10811e-05	9.20896e-25
8.78378e-05	1.37307e-24
9.45946e-05	1.98771e-24
0.000101351	2.80513e-24
0.000108108	3.87185e-24
0.000114865	5.241e-24
0.000121622	6.97276e-24
0.000128378	9.13483e-24
0.000135135	1.18029e-23
0.000141892	1.50609e-23
0.000148649	1.90017e-23
0.000155405	2.37275e-23
0.000162162	2.93501e-23
0.000168919	3.59915e-23
0.000175676	4.37842e-23
0.000182432	5.28719e-23
0.000189189	6.34095e-23
0.000195946	7.55642e-23
0.000202703	8.95151e-23
0.000209459	1.05454e-22
0.000216216	1.23588e-22
0.000222973	1.44133e-22
0.00022973	1.67325e-22
0.000236486	1.93411e-22
0.000243243	2.22652e-22
0.00025	2.55328e-22
0.000256757	2.91732e-22
0.000263514	3.32175e-22
0.00027027	3.76983e-22
0.000277027	4.26501e-22
0.000283784	4.81091e-22
0.000290541	5.41132e-22
0.000297297	6.07023e-22
0.000304054	6.79181e-22
0.000310811	7.58043e-22
0.000317568	8.44066e-22
0.000324324	9.37725e-22
0.000331081	1.03952e-21
0.000337838	1.14997e-21
0.000344595	1.26961e-21
0.000351351	1.39901e-21
0.000358108	1.53874e-21
0.000364865	1.68943e-21
0.000371622	1.85169e-21
0.000378378	2.02619e-21
0.000385135	2.2136e-21
0.000391892	2.41463e-21
0.000398649	2.63e-21
0.000405405	2.86046e-21
0.000412162	3.10681e-21
0.000418919	3.36984e-21
0.000425676	3.6504e-21
0.000432432	3.94932e-21
0.000439189	4.26752e-21
0.000445946	4.6059e-21
0.000452703	4.96541e-21
0.000459459	5.34702e-21
0.000466216	5.75174e-21
0.000472973	6.1806e-21
0.00047973	6.63466e-21
0.000486486	7.11501e-21
0.000493243	7.6228e-21
0.0005	8.15916e-21
0.000506667	8.71757e-21
0.000513423	9.31419e-21
0.000520269	9.95163e-21
0.000527206	1.06327e-20
0.000534236	1.13604e-20
0.000541359	1.21378e-20
0.000548578	1.29685e-20
0.000555892	1.38559e-20
0.000563304	1.48042e-20
0.000570815	1.58172e-20
0.000578427	1.68997e-20
0.000586139	1.80561e-20
0.000593955	1.92917e-20
0.000601875	2.06119e-20
0.0006099	2.20223e-20
0.000618032	2.35293e-20
0.000626273	2.51394e-20
0.000634624	2.68596e-20
0.000643086	2.86976e-20
0.000651661	3.06613e-20
0.00066035	3.27593e-20
0.000669155	3.50009e-20
0.000678077	3.73958e-20
0.000687119	3.99546e-20
0.000696281	4.26885e-20
0.000705565	4.56094e-20
0.000714973	4.87302e-20
0.000724506	5.20644e-20
0.000734167	5.56268e-20
0.000743956	5.94328e-20
0.000753876	6.34993e-20
0.000763928	6.78439e-20
0.000774114	7.24858e-20
0.000784436	7.74452e-20
0.000794896	8.27439e-20
0.000805495	8.8405e-20
0.000816235	9.44535e-20
0.000827119	1.00916e-19
0.000838147	1.0782e-19
0.000849323	1.15196e-19
0.000860648	1.23078e-19
0.000872124	1.31498e-19
0.000883753	1.40494e-19
0.000895537	1.50106e-19
0.000907478	1.60375e-19
0.000919578	1.71346e-19
0.000931839	1.83068e-19
0.000944264	1.95592e-19
0.000956855	2.08972e-19
0.000969614	2.23268e-19
0.000982542	2.38541e-19
0.000995644	2.54859e-19
0.00100892	2.72293e-19
0.00102237	2.90919e-19
0.001036	3.1082e-19
0.00104982	3.32081e-19
0.00106382	3.54797e-19
0.001078	3.79066e-19
0.00109238	4.04995e-19
0.00110694	4.32697e-19
0.0011217	4.62293e-19
0.00113666	4.93914e-19
0.00115181	5.27697e-19
0.00116717	5.6379e-19
0.00118273	6.02351e-19
0.00119851	6.4355e-19
0.00121449	6.87565e-19
0.00123068	7.34591e-19
0.00124709	7.84832e-19
0.00126372	8.38508e-19
0.00128057	8.95855e-19
0.00129764	9.57122e-19
0.00131495	1.02258e-18
0.00133248	1.09251e-18
0.00135025	1.16723e-18
0.00136825	1.24705e-18
0.00138649	1.33233e-18
0.00140498	1.42344e-18
0.00142372	1.52078e-18
0.0014427	1.62477e-18
0.00146194	1.73588e-18
0.00148143	1.85458e-18
0.00150118	1.98139e-18
0.0015212	2.11687e-18
0.00154148	2.26162e-18
0.00156204	2.41626e-18
0.00158287	2.58147e-18
0.00160397	2.75797e-18
0.00162536	2.94654e-18
0.00164703	3.148e-18
0.00166899	3.36322e-18
0.00169125	3.59316e-18
0.0017138	3.83882e-18
0.00173665	4.10126e-18
0.00175981	4.38164e-18
0.00178327	4.68119e-18
0.00180705	5.0012e-18
0.00183114	5.34309e-18
0.00185556	5.70834e-18
0.0018803	6.09855e-18
0.00190537	6.51542e-18
0.00193078	6.96078e-18
0.00195652	7.43658e-18
0.00198261	7.94488e-18
0.00200905	8.48792e-18
0.00203584	9.06807e-18
0.00206298	9.68785e-18
0.00209049	1.035e-17
0.00211836	1.10573e-17
0.00214661	1.1813e-17
0.00217523	1.26204e-17
0.00220424	1.34828e-17
0.00223363	1.44042e-17
0.00226341	1.53886e-17
0.00229359	1.64401e-17
0.00232417	1.75635e-17
0.00235516	1.87637e-17
0.00238657	2.00458e-17
0.00241839	2.14155e-17
0.00245064	2.28787e-17
0.00248331	2.44419e-17
0.00251643	2.61118e-17
0.00254998	2.78958e-17
0.00258398	2.98016e-17
0.00261844	3.18376e-17
0.00265335	3.40125e-17
0.00268873	3.6336e-17
0.00272458	3.88182e-17
0.00276091	4.14698e-17
0.00279772	4.43025e-17
0.00283503	4.73286e-17
0.00287283	5.05612e-17
0.00291114	5.40146e-17
0.00294995	5.77037e-17
0.00298929	6.16447e-17
0.00302915	6.58546e-17
0.00306954	7.0352e-17
0.00311047	7.51563e-17
0.00315194	8.02885e-17
0.00319397	8.5771e-17
0.00323656	9.16277e-17
0.00327971	9.7884e-17
0.00332344	1.04567e-16
0.00336776	1.11707e-16
0.00341266	1.19333e-16
0.00345817	1.2748e-16
0.00350428	1.36183e-16
0.003551	1.4548e-16
0.00359835	1.5541e-16
0.00364633	1.66019e-16
0.00369495	1.77351e-16
0.00374422	1.89456e-16
0.00379415	2.02386e-16
0.00384474	2.16199e-16
0.003896	2.30954e-16
0.00394795	2.46715e-16
0.00400059	2.63551e-16
0.00405394	2.81535e-16
0.00410799	3.00745e-16
0.00416277	3.21266e-16
0.00421827	3.43185e-16
0.00427452	3.66599e-16
0.00433151	3.91609e-16
0.00438927	4.18325e-16
0.0044478	4.46861e-16
0.0045071	4.77343e-16
0.0045672	5.09902e-16
0.0046281	5.4468e-16
0.00468981	5.81829e-16
0.00475234	6.21509e-16
0.00481571	6.63893e-16
0.00487992	7.09166e-16
0.00494499	7.57523e-16
0.00501093	8.09174e-16
0.00507774	8.64345e-16
0.00514545	9.23274e-16
0.00521406	9.86217e-16
0.00528358	1.05345e-15
0.00535403	1.12526e-15
0.00542542	1.20196e-15
0.00549776	1.28388e-15
0.00557107	1.37138e-15
0.00564535	1.46484e-15
0.00572063	1.56467e-15
0.00579691	1.67129e-15
0.0058742	1.78516e-15
0.00595253	1.90679e-15
0.0060319	2.0367e-15
0.00611233	2.17545e-15
0.00619383	2.32364e-15
0.00627642	2.48192e-15
0.00636011	2.65097e-15
0.00644491	2.83152e-15
0.00653085	3.02435e-15
0.00661793	3.2303e-15
0.00670617	3.45026e-15
0.00679559	3.68518e-15
0.0068862	3.93608e-15
0.00697802	4.20404e-15
0.00707107	4.49022e-15
0.00716535	4.79586e-15
0.00726089	5.12228e-15
0.00735771	5.47088e-15
0.00745582	5.84319e-15
0.00755523	6.2408e-15
0.00765597	6.66543e-15
0.00775806	7.11891e-15
0.0078615	7.60322e-15
0.00796633	8.12042e-15
0.00807255	8.67276e-15
0.00818019	9.26262e-15
0.00828926	9.89254e-15
0.00839979	1.05652e-14
0.00851179	1.12836e-14
0.00862529	1.20508e-14
0.0087403	1.287e-14
0.00885684	1.37449e-14
0.00897494	1.46791e-14
0.00909461	1.56768e-14
0.00921587	1.67421e-14
0.00933876	1.78798e-14
0.00946328	1.90946e-14
0.00958946	2.03919e-14
0.00971733	2.17771e-14
0.0098469	2.32563e-14
0.00997819	2.48357e-14
0.0101112	2.65223e-14
0.0102461	2.83233e-14
0.0103827	3.02463e-14
0.0105211	3.22996e-14
0.0106614	3.44921e-14
0.0108036	3.68332e-14
0.0109476	3.93329e-14
0.0110936	4.20019e-14
0.0112415	4.48517e-14
0.0113914	4.78945e-14
0.0115433	5.11434e-14
0.0116972	5.46122e-14
0.0118532	5.83158e-14
0.0120112	6.22702e-14
0.0121714	6.64921e-14
0.0123337	7.09997e-14
0.0124981	7.58123e-14
0.0126648	8.09504e-14
0.0128337	8.64361e-14
0.0130048	9.22927e-14
0.0131782	9.85453e-14
0.0133539	1.05221e-13
0.013532	1.12347e-13
0.0137124	1.19955e-13
0.0138952	1.28077e-13
0.0140805	1.36748e-13
0.0142683	1.46005e-13
0.0144585	1.55886e-13
0.0146513	1.66435e-13
0.0148467	1.77697e-13
0.0150446	1.89718e-13
0.0152452	2.0255e-13
0.0154485	2.16249e-13
0.0156545	2.30871e-13
0.0158632	2.4648e-13
0.0160748	2.63141e-13
0.0162891	2.80926e-13
0.0165063	2.99909e-13
0.0167264	3.20172e-13
0.0169494	3.418e-13
0.0171754	3.64886e-13
0.0174044	3.89526e-13
0.0176365	4.15825e-13
0.0178717	4.43896e-13
0.01811	4.73855e-13
0.0183515	5.05831e-13
0.0185961	5.39959e-13
0.0188441	5.76382e-13
0.0190954	6.15254e-13
0.01935	6.56741e-13
0.019608	7.01016e-13
0.0198695	7.48267e-13
0.0201344	7.98693e-13
0.0204029	8.52506e-13
0.0206749	9.09933e-13
0.0209506	9.71216e-13
0.0212299	1.03661e-12
0.021513	1.1064e-12
0.0217999	1.18087e-12
0.0220905	1.26033e-12
0.0223851	1.34512e-12
0.0226836	1.4356e-12
0.022986	1.53214e-12
0.0232925	1.63515e-12
0.0236031	1.74506e-12
0.0239178	1.86233e-12
0.0242368	1.98745e-12
0.0245599	2.12094e-12
0.0248874	2.26337e-12
0.0252193	2.41533e-12
0.0255555	2.57745e-12
0.0258963	2.75041e-12
0.0262416	2.93492e-12
0.0265915	3.13177e-12
0.026946	3.34176e-12
0.0273053	3.56578e-12
0.0276694	3.80475e-12
0.0280384	4.05967e-12
0.0284122	4.3316e-12
0.0287911	4.62166e-12
0.029175	4.93106e-12
0.029564	5.26108e-12
0.0299582	5.61309e-12
0.0303577	5.98854e-12
0.0307624	6.38899e-12
0.0311726	6.8161e-12
0.0315883	7.27162e-12
0.0320095	7.75744e-12
0.0324363	8.27556e-12
0.0328688	8.82812e-12
0.0333071	9.41739e-12
0.0337512	1.00458e-11
0.0342012	1.07159e-11
0.0346572	1.14305e-11
0.0351194	1.21926e-11
0.0355876	1.30051e-11
0.0360622	1.38715e-11
0.036543	1.47953e-11
0.0370303	1.57804e-11
0.037524	1.68306e-11
0.0380244	1.79503e-11
0.0385314	1.91442e-11
0.0390452	2.0417e-11
0.0395658	2.17739e-11
0.0400933	2.32204e-11
0.0406279	2.47626e-11
0.0411697	2.64065e-11
0.0417186	2.81589e-11
0.0422749	3.00269e-11
0.0428386	3.20181e-11
0.0434098	3.41405e-11
0.0439886	3.64027e-11
0.0445752	3.88138e-11
0.0451695	4.13837e-11
0.0457718	4.41226e-11
0.0463821	4.70415e-11
0.0470006	5.01523e-11
0.0476273	5.34675e-11
0.0482623	5.70003e-11
0.0489059	6.07649e-11
0.049558	6.47764e-11
0.0502188	6.9051e-11
0.0508884	7.36056e-11
0.0515669	7.84585e-11
0.0522545	8.3629e-11
0.0529513	8.91379e-11
0.0536573	9.50069e-11
0.0543728	1.01259e-10
0.0550978	1.0792e-10
0.0558325	1.15016e-10
0.0565769	1.22575e-10
0.0573313	1.30627e-10
0.0580958	1.39203e-10
0.0588704	1.48338e-10
0.0596554	1.58068e-10
0.0604508	1.68431e-10
0.0612569	1.79468e-10
0.0620737	1.91221e-10
0.0629013	2.03739e-10
0.0637401	2.17068e-10
0.06459	2.31263e-10
0.0654512	2.46377e-10
0.0663239	2.62471e-10
0.0672083	2.79607e-10
0.0681044	2.97851e-10
0.0690125	3.17276e-10
0.0699327	3.37956e-10
0.0708652	3.59971e-10
0.0718101	3.83407e-10
0.0727676	4.08355e-10
0.0737379	4.34911e-10
0.0747211	4.63178e-10
0.0757174	4.93264e-10
0.076727	5.25285e-10
0.0777501	5.59365e-10
0.0787868	5.95633e-10
0.0798374	6.3423e-10
0.0809019	6.75303e-10
0.0819807	7.19009e-10
0.0830738	7.65515e-10
0.0841815	8.14997e-10
0.0853039	8.67644e-10
0.0864414	9.23656e-10
0.087594	9.83246e-10
0.0887619	1.04664e-09
0.0899455	1.11407e-09
0.0911448	1.18581e-09
0.0923601	1.26211e-09
0.0935917	1.34326e-09
0.0948396	1.42958e-09
0.0961042	1.52138e-09
0.0973856	1.619e-09
0.0986842	1.72282e-09
0.1	1.83322e-09
0.101333	1.95061e-09
0.102685	2.07542e-09
0.104054	2.20813e-09
0.105441	2.34922e-09
0.106847	2.49922e-09
0.108272	2.65867e-09
0.109716	2.82818e-09
0.111178	3.00835e-09
0.112661	3.19986e-09
0.114163	3.40341e-09
0.115685	3.61974e-09
0.117228	3.84964e-09
0.118791	4.09395e-09
0.120375	4.35357e-09
0.12198	4.62943e-09
0.123606	4.92254e-09
0.125255	5.23396e-09
0.126925	5.56481e-09
0.128617	5.91629e-09
0.130332	6.28967e-09
0.13207	6.68629e-09
0.133831	7.10757e-09
0.135615	7.55501e-09
0.137424	8.03023e-09
0.139256	8.53491e-09
0.141113	9.07086e-09
0.142995	9.63997e-09
0.144901	1.02443e-08
0.146833	1.08859e-08
0.148791	1.15671e-08
0.150775	1.22903e-08
0.152786	1.30581e-08
0.154823	1.38731e-08
0.156887	1.47382e-08
0.158979	1.56564e-08
0.161099	1.66309e-08
0.163247	1.76652e-08
0.165424	1.87628e-08
0.167629	1.99275e-08
0.169865	2.11633e-08
0.17213	2.24746e-08
0.174425	2.38658e-08
0.176751	2.53418e-08
0.179107	2.69076e-08
0.181496	2.85686e-08
0.183916	3.03304e-08
0.186368	3.21991e-08
0.188853	3.4181e-08
0.191371	3.62829e-08
0.193923	3.85119e-08
0.196508	4.08756e-08
0.199129	4.33819e-08
0.201784	4.60392e-08
0.204474	4.88566e-08
0.207201	5.18434e-08
0.209964	5.50097e-08
0.212763	5.8366e-08
0.2156	6.19236e-08
0.218475	6.56942e-08
0.221388	6.96905e-08
0.22434	7.39256e-08
0.227332	7.84136e-08
0.230363	8.31692e-08
0.233434	8.82081e-08
0.236547	9.35469e-08
0.239701	9.9203e-08
0.242897	1.05195e-07
0.246136	1.11542e-07
0.249418	1.18266e-07
0.252744	1.25387e-07
0.256114	1.3293e-07
0.259529	1.40918e-07
0.262989	1.49377e-07
0.266496	1.58335e-07
0.270049	1.6782e-07
0.27365	1.77863e-07
0.277299	1.88495e-07
0.280996	1.99752e-07
0.284743	2.11668e-07
0.28854	2.24281e-07
0.292387	2.37633e-07
0.296286	2.51764e-07
0.300237	2.66719e-07
0.30424	2.82547e-07
0.308297	2.99295e-07
0.312407	3.17018e-07
0.316573	3.3577e-07
0.320794	3.5561e-07
0.325072	3.766e-07
0.329406	3.98806e-07
0.333798	4.22295e-07
0.338249	4.47141e-07
0.342759	4.73421e-07
0.34733	5.01216e-07
0.351961	5.30611e-07
0.356654	5.61696e-07
0.36141	5.94567e-07
0.366229	6.29324e-07
0.371112	6.66073e-07
0.37606	7.04926e-07
0.381075	7.46001e-07
0.386156	7.89423e-07
0.391305	8.35322e-07
0.396522	8.83838e-07
0.40181	9.35117e-07
0.407167	9.89312e-07
0.412596	1.04659e-06
0.418098	1.10711e-06
0.423673	1.17107e-06
0.429322	1.23865e-06
0.435047	1.31005e-06
0.440848	1.38549e-06
0.446726	1.46519e-06
0.452682	1.54939e-06
0.458718	1.63832e-06
0.464835	1.73227e-06
0.471033	1.8315e-06
0.477314	1.93631e-06
0.483678	2.047e-06
0.490127	2.16389e-06
0.496663	2.28734e-06
0.503285	2.4177e-06
0.509996	2.55534e-06
0.516796	2.70068e-06
0.523687	2.85414e-06
0.53067	3.01615e-06
0.537746	3.18719e-06
0.544916	3.36776e-06
0.552182	3.55838e-06
0.559545	3.75959e-06
0.567006	3.97199e-06
0.574566	4.19617e-06
0.582227	4.43279e-06
0.589991	4.68252e-06
0.597857	4.94609e-06
0.605829	5.22423e-06
0.613907	5.51776e-06
0.622093	5.82751e-06
0.630388	6.15436e-06
0.638794	6.49925e-06
0.647311	6.86315e-06
0.655942	7.24711e-06
0.664689	7.6522e-06
0.673551	8.07958e-06
0.682533	8.53046e-06
0.691633	9.00612e-06
0.700856	9.50789e-06
0.710201	1.00372e-05
0.71967	1.05955e-05
0.729266	1.11845e-05
0.73899	1.18057e-05
0.748844	1.24609e-05
0.758829	1.3152e-05
0.768947	1.38808e-05
0.7792	1.46495e-05
0.78959	1.54603e-05
0.800118	1.63153e-05
0.810787	1.72169e-05
0.821598	1.81678e-05
0.832553	1.91706e-05
0.843654	2.02281e-05
0.854904	2.13433e-05
0.866303	2.25192e-05
0.877854	2.37593e-05
0.889559	2.5067e-05
0.901421	2.64459e-05
0.91344	2.79e-05
0.92562	2.94333e-05
0.937962	3.10502e-05
0.950469	3.27553e-05
0.963142	3.45532e-05
0.975984	3.64492e-05
0.988998	3.84486e-05
1.00219	4.05569e-05
1.01555	4.27802e-05
1.02909	4.51249e-05
1.04281	4.75974e-05
1.05672	5.02049e-05
1.07081	5.29547e-05
1.08508	5.58547e-05
1.09955	5.89131e-05
1.11421	6.21386e-05
1.12907	6.55404e-05
1.14413	6.91283e-05
1.15938	7.29124e-05
1.17484	7.69036e-05
1.19051	8.11132e-05
1.20638	8.55535e-05
1.22247	9.02369e-05
1.23877	9.51771e-05
1.25528	0.000100388
1.27202	0.000105885
1.28898	0.000111684
1.30617	0.000117801
1.32359	0.000124253
1.34123	0.000131061
1.35912	0.000138242
1.37724	0.000145819
1.3956	0.000153812
1.41421	0.000162245
1.43307	0.000171142
1.45218	0.00018053
1.47154	0.000190434
1.49116	0.000200884
1.51105	0.000211911
1.53119	0.000223545
1.55161	0.000235821
1.5723	0.000248775
1.59327	0.000262444
1.61451	0.000276867
1.63604	0.000292088
1.65785	0.000308149
1.67996	0.000325098
1.70236	0.000342984
1.72506	0.000361859
1.74806	0.000381779
1.77137	0.0004028
1.79499	0.000424985
1.81892	0.000448398
1.84317	0.000473107
1.86775	0.000499185
1.89266	0.000526708
1.91789	0.000555755
1.94347	0.000586412
1.96938	0.000618767
1.99564	0.000652917
2.02225	0.000688959
2.04921	0.000726999
2.07654	0.000767149
2.10423	0.000809524
2.13228	0.000854248
2.16071	0.000901451
2.18953	0.000951271
2.21872	0.00100385
2.2483	0.00105934
2.27828	0.00111791
2.30866	0.00117972
2.33945	0.00124495
2.37064	0.00131378
2.40225	0.00138642
2.43428	0.00146308
2.46674	0.00154396
2.49963	0.0016293
2.53296	0.00171935
2.56673	0.00181434
2.60096	0.00191456
2.63564	0.00202028
2.67078	0.0021318
2.70639	0.00224942
2.74248	0.00237347
2.77905	0.00250428
2.81611	0.00264222
2.85366	0.00278766
2.89171	0.00294099
2.93026	0.00310261
2.96933	0.00327298
3.00893	0.00345252
3.04905	0.00364172
3.0897	0.00384107
3.1309	0.00405108
3.17265	0.00427231
3.21495	0.00450531
3.25782	0.00475069
3.30126	0.00500905
3.34528	0.00528106
3.38988	0.00556738
3.43509	0.00586872
3.48089	0.00618583
3.5273	0.00651948
3.57433	0.00687047
3.62199	0.00723964
3.67029	0.00762788
3.71923	0.00803609
3.76882	0.00846524
3.81907	0.00891631
3.87	0.00939034
3.9216	0.00988841
3.97389	0.0104116
4.02688	0.0109612
4.08057	0.0115383
4.13498	0.0121442
4.19012	0.0127802
4.24599	0.0134478
4.3026	0.0141482
4.35997	0.0148829
4.41811	0.0156536
4.47702	0.0164617
4.53672	0.0173089
4.59721	0.0181969
4.65851	0.0191275
4.72062	0.0201024
4.78357	0.0211235
4.84735	0.0221928
4.91199	0.0233122
4.97748	0.0244838
5.04385	0.0257098
5.1111	0.0269923
5.17926	0.0283336
5.24832	0.029736
5.3183	0.0312018
5.38921	0.0327336
5.46107	0.0343337
5.53389	0.0360049
5.60767	0.0377496
5.68245	0.0395707
5.75822	0.0414708
5.835	0.0434528
5.9128	0.0455195
5.99164	0.0476738
6.07153	0.0499187
6.15249	0.0522572
6.23453	0.0546924
6.31766	0.0572272
6.40189	0.0598649
6.48726	0.0626086
6.57376	0.0654614
6.66141	0.0684265
6.75023	0.071507
6.84024	0.0747062
6.93145	0.0780271
7.02387	0.0814728
7.11753	0.0850465
7.21243	0.0887512
7.3086	0.0925897
7.40605	0.096565
7.50481	0.10068
7.60487	0.104937
7.70628	0.109338
7.80903	0.113887
7.91316	0.118584
8.01867	0.123433
8.12559	0.128433
8.23394	0.133588
8.34373	0.138898
8.45498	0.144364
8.56772	0.149985
8.68196	0.155762
8.79772	0.161694
8.91503	0.16778
9.0339	0.174018
9.15436	0.180405
9.27643	0.186939
9.40012	0.193616
9.52546	0.20043
9.65247	0.207377
9.78117	0.214449
9.91159	0.22164
10.0438	0.228939
10.1777	0.236337
10.3134	0.243823
10.4509	0.251383
10.5903	0.259005
10.7315	0.266671
10.8746	0.274365
11.0196	0.282067
11.1665	0.289756
11.3154	0.29741
11.4663	0.305002
11.6192	0.312506
11.7741	0.319893
11.9311	0.327131
12.0902	0.334185
12.2514	0.34102
12.4147	0.347598
12.5803	0.353875
12.748	0.35981
12.918	0.365356
13.0902	0.370464
13.2648	0.375083
13.4417	0.379161
13.6209	0.382642
13.8025	0.38547
13.9865	0.387585
14.173	0.388927
14.362	0.389434
14.5535	0.389044
14.7476	0.387695
14.9442	0.385323
15.1435	0.381867
15.3454	0.377265
15.55	0.37146
15.7574	0.364394
15.9675	0.356014
16.1804	0.346273
16.3961	0.335127
16.6148	0.32254
16.8363	0.308482
17.0608	0.292933
17.2883	0.275882
17.5188	0.257331
17.7524	0.237291
17.9891	0.215792
18.229	0.192873
18.472	0.168595
18.7183	0.143032
18.9679	0.116281
19.2208	0.0884558
19.4771	0.0596923
19.7368	0.0301474
