3.22061e-06	0.00026167
6.44122e-06	0.000523337
9.66184e-06	0.000784997
1.28824e-05	0.00104665
1.61031e-05	0.00130828
1.93237e-05	0.0015699
2.25443e-05	0.0018315
2.57649e-05	0.00209307
2.89855e-05	0.00235462
3.22061e-05	0.00261614
3.54267e-05	0.00287762
3.86473e-05	0.00313906
4.1868e-05	0.00340047
4.50886e-05	0.00366184
4.83092e-05	0.00392315
5.15298e-05	0.00418442
5.47504e-05	0.00444564
5.7971e-05	0.00470681
6.11916e-05	0.00496792
6.44122e-05	0.00522897
6.76329e-05	0.00548996
7.08535e-05	0.00575089
7.40741e-05	0.00601175
7.72947e-05	0.00627255
8.05153e-05	0.00653327
8.37359e-05	0.00679393
8.69565e-05	0.00705452
9.01771e-05	0.00731504
9.33977e-05	0.00757548
9.66184e-05	0.00783584
9.9839e-05	0.00809614
0.00010306	0.00835635
0.00010628	0.0086165
0.000109501	0.00887656
0.000112721	0.00913655
0.000115942	0.00939647
0.000119163	0.00965631
0.000122383	0.00991607
0.000125604	0.0101758
0.000128824	0.0104354
0.000132045	0.0106949
0.000135266	0.0109544
0.000138486	0.0112138
0.000141707	0.0114731
0.000144928	0.0117323
0.000148148	0.0119915
0.000151369	0.0122505
0.000154589	0.0125095
0.00015781	0.0127685
0.000161031	0.0130273
0.000164251	0.0132861
0.000167472	0.0135448
0.000170692	0.0138035
0.000173913	0.014062
0.000177134	0.0143205
0.000180354	0.0145789
0.000183575	0.0148372
0.000186795	0.0150955
0.000190016	0.0153537
0.000193237	0.0156118
0.000196457	0.0158698
0.000199678	0.0161277
0.000202899	0.0163856
0.000206119	0.0166434
0.00020934	0.0169011
0.00021256	0.0171588
0.000215781	0.0174164
0.000219002	0.0176739
0.000222222	0.0179313
0.000225414	0.0181863
0.000228651	0.0184449
0.000231935	0.0187072
0.000235266	0.0189731
0.000238645	0.0192428
0.000242072	0.0195162
0.000245548	0.0197935
0.000249075	0.0200747
0.000252652	0.0203599
0.00025628	0.020649
0.000259961	0.0209422
0.000263695	0.0212395
0.000267482	0.021541
0.000271323	0.0218467
0.00027522	0.0221566
0.000279172	0.0224709
0.000283182	0.0227897
0.000287249	0.0231128
0.000291374	0.0234405
0.000295559	0.0237728
0.000299803	0.0241097
0.000304109	0.0244513
0.000308476	0.0247977
0.000312907	0.0251489
0.0003174	0.025505
0.000321959	0.0258661
0.000326583	0.0262322
0.000331273	0.0266035
0.000336031	0.0269799
0.000340857	0.0273615
0.000345752	0.0277484
0.000350717	0.0281407
0.000355754	0.0285385
0.000360863	0.0289418
0.000366046	0.0293507
0.000371303	0.0297653
0.000376635	0.0301856
0.000382045	0.0306117
0.000387531	0.0310438
0.000393097	0.0314818
0.000398742	0.0319259
0.000404469	0.0323762
0.000410278	0.0328326
0.00041617	0.0332954
0.000422147	0.0337646
0.00042821	0.0342402
0.000434359	0.0347224
0.000440598	0.0352113
0.000446925	0.0357069
0.000453344	0.0362093
0.000459855	0.0367186
0.000466459	0.0372349
0.000473158	0.0377584
0.000479953	0.038289
0.000486846	0.0388269
0.000493838	0.0393721
0.00050093	0.0399249
0.000508124	0.0404852
0.000515422	0.0410532
0.000522824	0.041629
0.000530333	0.0422126
0.000537949	0.0428042
0.000545675	0.0434038
0.000553512	0.0440117
0.000561461	0.0446278
0.000569525	0.0452523
0.000577704	0.0458853
0.000586001	0.0465269
0.000594417	0.0471773
0.000602953	0.0478364
0.000611613	0.0485045
0.000620396	0.0491817
0.000629306	0.049868
0.000638344	0.0505635
0.000647512	0.0512685
0.000656811	0.051983
0.000666244	0.0527071
0.000675812	0.053441
0.000685518	0.0541848
0.000695363	0.0549385
0.00070535	0.0557024
0.00071548	0.0564766
0.000725755	0.0572611
0.000736178	0.0580561
0.000746751	0.0588617
0.000757475	0.0596781
0.000768354	0.0605054
0.000779389	0.0613438
0.000790582	0.0621932
0.000801936	0.063054
0.000813453	0.0639263
0.000825136	0.0648101
0.000836986	0.0657056
0.000849006	0.0666129
0.0008612	0.0675323
0.000873568	0.0684638
0.000886114	0.0694075
0.00089884	0.0703637
0.000911748	0.0713325
0.000924843	0.072314
0.000938125	0.0733083
0.000951598	0.0743157
0.000965264	0.0753362
0.000979127	0.0763701
0.000993189	0.0774174
0.00100745	0.0784784
0.00102192	0.0795532
0.0010366	0.0806419
0.00105148	0.0817447
0.00106659	0.0828618
0.0010819	0.0839933
0.00109744	0.0851393
0.0011132	0.0863002
0.00112919	0.0874759
0.00114541	0.0886667
0.00116186	0.0898728
0.00117854	0.0910942
0.00119547	0.0923313
0.00121264	0.093584
0.00123005	0.0948527
0.00124772	0.0961375
0.00126564	0.0974385
0.00128381	0.098756
0.00130225	0.10009
0.00132095	0.101441
0.00133993	0.102809
0.00135917	0.104194
0.00137869	0.105596
0.00139849	0.107015
0.00141857	0.108453
0.00143895	0.109908
0.00145961	0.111381
0.00148057	0.112872
0.00150184	0.114382
0.00152341	0.11591
0.00154529	0.117457
0.00156748	0.119023
0.00158999	0.120608
0.00161282	0.122212
0.00163599	0.123836
0.00165948	0.125479
0.00168332	0.127142
0.00170749	0.128825
0.00173201	0.130528
0.00175689	0.132252
0.00178212	0.133996
0.00180771	0.13576
0.00183367	0.137546
0.00186001	0.139353
0.00188672	0.14118
0.00191382	0.14303
0.0019413	0.1449
0.00196918	0.146793
0.00199746	0.148707
0.00202615	0.150644
0.00205525	0.152602
0.00208477	0.154583
0.00211471	0.156587
0.00214508	0.158614
0.00217589	0.160663
0.00220713	0.162735
0.00223883	0.164831
0.00227099	0.16695
0.0023036	0.169092
0.00233668	0.171258
0.00237024	0.173448
0.00240428	0.175662
0.00243881	0.177901
0.00247384	0.180163
0.00250937	0.18245
0.0025454	0.184761
0.00258196	0.187097
0.00261904	0.189457
0.00265666	0.191843
0.00269481	0.194253
0.00273351	0.196689
0.00277277	0.19915
0.00281259	0.201636
0.00285298	0.204147
0.00289396	0.206684
0.00293552	0.209247
0.00297768	0.211835
0.00302044	0.214449
0.00306382	0.217089
0.00310782	0.219754
0.00315245	0.222446
0.00319773	0.225163
0.00324365	0.227906
0.00329024	0.230676
0.00333749	0.233471
0.00338542	0.236293
0.00343404	0.23914
0.00348336	0.242014
0.00353339	0.244913
0.00358413	0.247839
0.00363561	0.25079
0.00368782	0.253767
0.00374078	0.256771
0.00379451	0.259799
0.003849	0.262854
0.00390428	0.265934
0.00396035	0.26904
0.00401723	0.272171
0.00407492	0.275327
0.00413344	0.278509
0.00419281	0.281715
0.00425302	0.284946
0.0043141	0.288202
0.00437606	0.291482
0.00443891	0.294786
0.00450266	0.298114
0.00456732	0.301465
0.00463292	0.30484
0.00469945	0.308238
0.00476695	0.311659
0.00483541	0.315102
0.00490485	0.318567
0.00497529	0.322054
0.00504675	0.325562
0.00511922	0.329092
0.00519274	0.332641
0.00526732	0.336211
0.00534297	0.3398
0.0054197	0.343408
0.00549754	0.347034
0.00557649	0.350679
0.00565658	0.354341
0.00573782	0.358019
0.00582022	0.361714
0.00590381	0.365424
0.0059886	0.369149
0.0060746	0.372887
0.00616184	0.376639
0.00625034	0.380404
0.0063401	0.38418
0.00643116	0.387967
0.00652352	0.391764
0.00661721	0.39557
0.00671224	0.399383
0.00680864	0.403204
0.00690642	0.407032
0.00700561	0.410864
0.00710622	0.414699
0.00720828	0.418538
0.0073118	0.422378
0.00741681	0.426219
0.00752333	0.430059
0.00763137	0.433896
0.00774097	0.43773
0.00785214	0.44156
0.00796491	0.445382
0.0080793	0.449198
0.00819533	0.453003
0.00831303	0.456798
0.00843242	0.46058
0.00855352	0.464349
0.00867637	0.468101
0.00880097	0.471835
0.00892737	0.475551
0.00905558	0.479245
0.00918563	0.482915
0.00931755	0.486561
0.00945137	0.490179
0.00958711	0.493768
0.00972479	0.497326
0.00986446	0.50085
0.0100061	0.504338
0.0101498	0.507788
0.0102956	0.511197
0.0104435	0.514564
0.0105934	0.517885
0.0107456	0.521158
0.0108999	0.524381
0.0110564	0.52755
0.0112152	0.530664
0.0113763	0.533719
0.0115397	0.536712
0.0117054	0.539641
0.0118735	0.542503
0.012044	0.545294
0.012217	0.548011
0.0123925	0.550652
0.0125704	0.553213
0.012751	0.555691
0.0129341	0.558082
0.0131199	0.560383
0.0133083	0.562591
0.0134994	0.564702
0.0136933	0.566712
0.0138899	0.568618
0.0140894	0.570416
0.0142918	0.572103
0.014497	0.573674
0.0147052	0.575125
0.0149164	0.576453
0.0151306	0.577653
0.0153479	0.578722
0.0155684	0.579655
0.0157919	0.580449
0.0160187	0.581098
0.0162488	0.581599
0.0164822	0.581947
0.0167189	0.582138
0.016959	0.582167
0.0172025	0.58203
0.0174496	0.581723
0.0177002	0.58124
0.0179544	0.580578
0.0182123	0.579731
0.0184738	0.578696
0.0187391	0.577466
0.0190082	0.576038
0.0192812	0.574407
0.0195581	0.572568
0.019839	0.570516
0.020124	0.568246
0.020413	0.565754
0.0207061	0.563035
0.0210035	0.560084
0.0213051	0.556897
0.0216111	0.553468
0.0219215	0.549792
0.0222363	0.545866
0.0225557	0.541684
0.0228796	0.537242
0.0232082	0.532535
0.0235415	0.527558
0.0238796	0.522307
0.0242225	0.516778
0.0245704	0.510966
0.0249233	0.504866
0.0252812	0.498476
0.0256443	0.491789
0.0260126	0.484803
0.0263862	0.477514
0.0267651	0.469917
0.0271495	0.46201
0.0275394	0.453787
0.0279349	0.445247
0.0283361	0.436386
0.0287431	0.427201
0.0291559	0.417688
0.0295746	0.407846
0.0299993	0.397671
0.0304302	0.387162
0.0308672	0.376316
0.0313105	0.365132
0.0317602	0.353608
0.0322163	0.341742
0.032679	0.329534
0.0331483	0.316982
0.0336244	0.304087
0.0341073	0.290848
0.0345971	0.277265
0.035094	0.263338
0.035598	0.24907
0.0361092	0.23446
0.0366278	0.21951
0.0371538	0.204223
0.0376874	0.188601
0.0382287	0.172645
0.0387777	0.156361
0.0393346	0.139751
0.0398995	0.122819
0.0404726	0.10557
0.0410538	0.0880097
0.0416434	0.0701428
0.0422415	0.0519756
0.0428481	0.0335148
0.0434635	0.0147676
0.0440877	-0.00425842
0.0447209	-0.0235549
0.0453631	-0.043113
0.0460146	-0.0629232
0.0466755	-0.0829756
0.0473458	-0.10326
0.0480258	-0.123764
0.0487155	-0.144476
0.0494151	-0.165384
0.0501248	-0.186475
0.0508447	-0.207734
0.0515749	-0.229148
0.0523156	-0.2507
0.0530669	-0.272376
0.053829	-0.294158
0.0546021	-0.31603
0.0553863	-0.337973
0.0561817	-0.359969
0.0569886	-0.381998
0.057807	-0.404041
0.0586372	-0.426077
0.0594794	-0.448084
0.0603336	-0.470041
0.0612001	-0.491924
0.062079	-0.513711
0.0629706	-0.535378
0.0638749	-0.556899
0.0647923	-0.57825
0.0657228	-0.599404
0.0666667	-0.620335
0.0676241	-0.641016
0.0685953	-0.66142
0.0695804	-0.681518
0.0705797	-0.701281
0.0715934	-0.720681
0.0726216	-0.739687
0.0736645	-0.75827
0.0747225	-0.776399
0.0757956	-0.794043
0.0768841	-0.811172
0.0779883	-0.827753
0.0791084	-0.843756
0.0802445	-0.859148
0.0813969	-0.873896
0.0825659	-0.88797
0.0837517	-0.901337
0.0849545	-0.913964
0.0861746	-0.92582
0.0874122	-0.936873
0.0886676	-0.94709
0.089941	-0.95644
0.0912327	-0.964892
0.0925429	-0.972414
0.093872	-0.978977
0.0952201	-0.984549
0.0965877	-0.989103
0.0979748	-0.992607
0.0993819	-0.995035
0.100809	-0.99636
0.102257	-0.996553
0.103726	-0.995591
0.105215	-0.993448
0.106726	-0.990101
0.108259	-0.985528
0.109814	-0.979706
0.111391	-0.972618
0.112991	-0.964244
0.114613	-0.954568
0.116259	-0.943573
0.117929	-0.931248
0.119623	-0.917579
0.121341	-0.902557
0.123083	-0.886173
0.124851	-0.868421
0.126644	-0.849297
0.128463	-0.828799
0.130308	-0.806926
0.132179	-0.783681
0.134078	-0.759069
0.136003	-0.733095
0.137956	-0.70577
0.139938	-0.677105
0.141947	-0.647114
0.143986	-0.615814
0.146054	-0.583224
0.148151	-0.549366
0.150279	-0.514264
0.152437	-0.477945
0.154627	-0.440439
0.156847	-0.401778
0.1591	-0.361998
0.161385	-0.321135
0.163703	-0.279231
0.166054	-0.236327
0.168438	-0.19247
0.170857	-0.147707
0.173311	-0.102088
0.1758	-0.0556675
0.178325	-0.00849938
0.180886	0.0393585
0.183484	0.0878464
0.186119	0.136902
0.188792	0.186463
0.191503	0.236461
0.194254	0.286831
0.197043	0.337501
0.199873	0.388402
0.202744	0.439461
0.205655	0.490604
0.208609	0.541756
0.211605	0.592841
0.214644	0.643783
0.217727	0.694505
0.220853	0.744927
0.224025	0.794973
0.227243	0.844563
0.230506	0.893619
0.233817	0.942063
0.237175	0.989818
0.240581	1.03681
0.244036	1.08295
0.247541	1.12818
0.251096	1.17241
0.254702	1.21559
0.25836	1.25762
0.26207	1.29845
0.265834	1.33801
0.269652	1.37624
0.273525	1.41307
0.277453	1.44843
0.281437	1.48229
0.285479	1.51457
0.289579	1.54524
0.293738	1.57423
0.297957	1.60152
0.302236	1.62705
0.306576	1.65079
0.310979	1.67271
0.315445	1.69278
0.319976	1.71097
0.324571	1.72726
0.329232	1.74163
0.333961	1.75408
0.338757	1.76458
0.343622	1.77314
0.348557	1.77976
0.353563	1.78444
0.358641	1.78719
0.363791	1.78802
0.369016	1.78695
0.374316	1.784
0.379691	1.77919
0.385144	1.77255
0.390676	1.76411
0.396286	1.75392
0.401978	1.742
0.407751	1.72841
0.413607	1.71319
0.419547	1.69639
0.425572	1.67807
0.431684	1.65828
0.437884	1.63707
0.444172	1.61452
0.450551	1.59068
0.457022	1.56562
0.463586	1.53941
0.470243	1.51211
0.476997	1.48381
0.483847	1.45457
0.490796	1.42446
0.497845	1.39356
0.504995	1.36194
0.512247	1.32968
0.519604	1.29685
0.527066	1.26354
0.534636	1.2298
0.542314	1.19573
0.550102	1.16138
0.558003	1.12684
0.566017	1.09217
0.574146	1.05744
0.582391	1.02273
0.590755	0.988092
0.599239	0.953597
0.607846	0.919305
0.616575	0.885276
0.62543	0.851566
0.634412	0.81823
0.643524	0.785319
0.652766	0.752882
0.66214	0.720965
0.67165	0.68961
0.681296	0.658857
0.69108	0.628743
0.701005	0.599301
0.711073	0.570561
0.721285	0.54255
0.731644	0.515293
0.742151	0.488809
0.75281	0.463118
0.763621	0.438233
0.774588	0.414167
0.785713	0.390928
0.796997	0.368523
0.808443	0.346955
0.820053	0.326224
0.831831	0.30633
0.843777	0.287267
0.855895	0.26903
0.868187	0.25161
0.880656	0.234996
0.893303	0.219177
0.906133	0.204138
0.919146	0.189863
0.932346	0.176335
0.945736	0.163535
0.959319	0.151445
0.973096	0.140042
0.987071	0.129306
1.00125	0.119215
1.01563	0.109744
1.03021	0.100872
1.04501	0.0925732
1.06002	0.0848248
1.07524	0.0776022
1.09068	0.0708814
1.10635	0.0646383
1.12223	0.0588491
1.13835	0.0534901
1.1547	0.0485382
1.17128	0.0439706
1.18811	0.039765
1.20517	0.0358999
1.22248	0.0323541
1.24003	0.0291072
1.25784	0.0261396
1.27591	0.0234324
1.29423	0.0209673
1.31282	0.0187271
1.33167	0.0166951
1.3508	0.0148556
1.3702	0.0131937
1.38988	0.0116951
1.40984	0.0103465
1.43008	0.00913543
1.45062	0.00805003
1.47146	0.00707927
1.49259	0.00621287
1.51402	0.00544124
1.53577	0.00475549
1.55782	0.00414737
1.5802	0.00360927
1.60289	0.00313417
1.62591	0.00271564
1.64926	0.00234778
1.67295	0.00202518
1.69697	0.00174293
1.72134	0.00149655
1.74607	0.00128201
1.77114	0.00109562
1.79658	0.000934096
1.82238	0.000794451
1.84855	0.000674023
1.8751	0.000570429
1.90203	0.00048154
1.92935	0.000405465
1.95706	0.000340527
1.98516	0.00028524
2.01367	0.000238295
2.04259	0.000198542
2.07193	0.00016497
2.10168	0.000136696
2.13187	0.000112952
2.16248	9.3068e-05
2.19354	7.64642e-05
2.22504	6.26399e-05
2.257	5.11638e-05
2.28941	4.16654e-05
2.32229	3.38276e-05
2.35564	2.738e-05
2.38947	2.20925e-05
2.42379	1.77699e-05
2.4586	1.42474e-05
2.49391	1.13862e-05
2.52973	9.06979e-06
2.56606	7.20059e-06
2.60291	5.69735e-06
2.64029	4.49254e-06
2.67821	3.53025e-06
2.71667	2.76434e-06
2.75569	2.1569e-06
2.79527	1.67687e-06
2.83541	1.29891e-06
2.87613	1.00241e-06
2.91744	7.70684e-07
2.95934	5.90271e-07
3.00184	4.50346e-07
3.04495	3.42246e-07
3.08868	2.59062e-07
3.13304	1.95308e-07
3.17803	1.46642e-07
3.22367	1.09648e-07
3.26997	8.16429e-08
3.31693	6.05322e-08
3.36457	4.46869e-08
3.41289	3.28453e-08
3.46191	2.40347e-08
3.51162	1.75086e-08
3.56206	1.26965e-08
3.61321	9.16448e-09
3.66511	6.58409e-09
3.71774	4.70783e-09
3.77113	3.35006e-09
3.82529	2.37226e-09
3.88023	1.67156e-09
3.93596	1.17193e-09
3.99248	8.17469e-10
4.04982	5.67283e-10
4.10798	3.91612e-10
4.16698	2.68911e-10
4.22683	1.83666e-10
4.28753	1.24762e-10
4.34911	8.42821e-11
4.41157	5.66181e-11
4.47492	3.78187e-11
4.53919	2.51163e-11
4.60438	1.65831e-11
4.67051	1.08854e-11
4.73758	7.10228e-12
4.80562	4.60612e-12
4.87464	2.96905e-12
4.94465	1.90187e-12
5.01566	1.20998e-12
5.08769	7.64041e-13
5.16076	4.80025e-13
5.23488	3.00621e-13
5.31006	1.86495e-13
5.38632	1.14131e-13
5.46368	6.99155e-14
5.54214	4.26172e-14
5.62174	2.63003e-14
5.70247	1.64759e-14
5.78437	8.38756e-15
5.86744	4.83952e-15
5.95171	3.36534e-15
6.03719	2.08977e-15
6.12389	2.32244e-15
6.21184	5.39113e-16
6.30105	-6.49395e-16
6.39154	-3.71986e-16
6.48334	-5.12862e-16
6.57645	3.81648e-16
6.6709	6.62958e-16
6.7667	4.74625e-16
6.86388	5.38166e-17
6.96246	-1.65179e-16
7.06245	1.45757e-16
7.16388	8.9659e-17
7.26676	-3.05748e-16
7.37113	-4.49379e-16
7.47699	-1.03716e-16
7.58437	-5.41153e-17
7.69329	-1.24832e-16
7.80378	1.30641e-16
7.91585	2.34544e-16
8.02954	5.60656e-16
8.14486	-1.61724e-16
8.26183	-4.30364e-16
8.38048	-9.56246e-17
8.50084	5.07195e-16
8.62293	-3.54836e-16
8.74676	-7.68316e-16
8.87238	6.42826e-16
8.9998	1.88316e-16
9.12905	-4.62004e-17
9.26016	-1.49332e-16
9.39315	-1.97732e-17
9.52805	2.12121e-16
9.66489	-3.97272e-16
9.8037	1.47045e-16
9.94449	4.69078e-16
10.0873	7.27882e-17
10.2322	-2.99033e-16
10.3791	2.12564e-16
10.5282	5.36823e-17
10.6794	1.36148e-16
10.8328	2.07634e-16
10.9883	-2.41426e-16
11.1462	5.35879e-16
11.3062	2.685e-16
11.4686	2.95772e-17
11.6333	1.54108e-16
11.8004	-4.00149e-17
11.9699	-2.95395e-16
12.1418	4.02083e-16
12.3161	-2.3941e-19
12.493	-1.10057e-16
12.6724	6.21547e-16
12.8544	-2.26223e-16
13.039	4.01207e-16
13.2263	3.1953e-16
13.4163	-1.18513e-16
13.6089	1.13092e-16
13.8044	-3.71326e-16
14.0026	2.43945e-16
14.2037	-1.60778e-16
14.4077	7.43568e-17
14.6146	-3.78775e-17
14.8245	1.68457e-17
15.0374	3.89248e-18
15.2534	2.28647e-18
15.4725	-5.93143e-19
15.6947	-5.57553e-19
15.9201	-2.17625e-19
16.1487	4.29023e-20
16.3806	2.02733e-21
16.6159	2.68289e-21
16.8545	-1.00269e-21
17.0966	2.54185e-22
17.3421	-5.49915e-23
17.5912	1.78153e-23
17.8438	6.36316e-25
18.1001	1.46658e-24
18.36	-4.92953e-25
18.6237	-3.29502e-26
18.8912	-6.15551e-27
19.1625	7.8058e-28
19.4377	-2.61895e-28
19.7168	4.13829e-29
