3.22061e-06	1.54598e-23
6.44122e-06	2.16437e-22
9.66184e-06	1.06672e-21
1.28824e-05	3.33929e-21
1.61031e-05	8.11628e-21
1.93237e-05	1.6789e-20
2.25443e-05	3.10578e-20
2.57649e-05	5.29322e-20
2.89855e-05	8.47307e-20
3.22061e-05	1.29081e-19
3.54267e-05	1.88919e-19
3.86473e-05	2.6749e-19
4.1868e-05	3.68349e-19
4.50886e-05	4.95359e-19
4.83092e-05	6.5269e-19
5.15298e-05	8.44823e-19
5.47504e-05	1.07655e-18
5.7971e-05	1.35296e-18
6.11916e-05	1.67947e-18
6.44122e-05	2.06178e-18
6.76329e-05	2.50592e-18
7.08535e-05	3.01822e-18
7.40741e-05	3.60532e-18
7.72947e-05	4.27417e-18
8.05153e-05	5.03201e-18
8.37359e-05	5.88641e-18
8.69565e-05	6.84525e-18
9.01771e-05	7.91669e-18
9.33977e-05	9.10923e-18
9.66184e-05	1.04317e-17
9.9839e-05	1.18931e-17
0.00010306	1.35029e-17
0.00010628	1.52708e-17
0.000109501	1.72069e-17
0.000112721	1.93214e-17
0.000115942	2.16251e-17
0.000119163	2.41288e-17
0.000122383	2.68438e-17
0.000125604	2.97817e-17
0.000128824	3.29543e-17
0.000132045	3.63739e-17
0.000135266	4.00528e-17
0.000138486	4.4004e-17
0.000141707	4.82404e-17
0.000144928	5.27756e-17
0.000148148	5.76231e-17
0.000151369	6.27971e-17
0.000154589	6.83118e-17
0.00015781	7.41819e-17
0.000161031	8.04223e-17
0.000164251	8.70482e-17
0.000167472	9.40753e-17
0.000170692	1.01519e-16
0.000173913	1.09397e-16
0.000177134	1.17723e-16
0.000180354	1.26516e-16
0.000183575	1.35793e-16
0.000186795	1.45571e-16
0.000190016	1.55867e-16
0.000193237	1.66699e-16
0.000196457	1.78087e-16
0.000199678	1.90048e-16
0.000202899	2.02601e-16
0.000206119	2.15766e-16
0.00020934	2.29562e-16
0.00021256	2.44009e-16
0.000215781	2.59127e-16
0.000219002	2.74937e-16
0.000222222	2.91459e-16
0.000225414	3.08555e-16
0.000228651	3.26654e-16
0.000231935	3.45814e-16
0.000235266	3.66097e-16
0.000238645	3.8757e-16
0.000242072	4.10302e-16
0.000245548	4.34367e-16
0.000249075	4.59843e-16
0.000252652	4.86813e-16
0.00025628	5.15365e-16
0.000259961	5.4559e-16
0.000263695	5.77588e-16
0.000267482	6.11462e-16
0.000271323	6.47322e-16
0.00027522	6.85285e-16
0.000279172	7.25474e-16
0.000283182	7.68019e-16
0.000287249	8.13058e-16
0.000291374	8.60739e-16
0.000295559	9.11214e-16
0.000299803	9.64649e-16
0.000304109	1.02122e-15
0.000308476	1.0811e-15
0.000312907	1.1445e-15
0.0003174	1.21161e-15
0.000321959	1.28265e-15
0.000326583	1.35786e-15
0.000331273	1.43748e-15
0.000336031	1.52177e-15
0.000340857	1.611e-15
0.000345752	1.70546e-15
0.000350717	1.80545e-15
0.000355754	1.91131e-15
0.000360863	2.02337e-15
0.000366046	2.142e-15
0.000371303	2.26758e-15
0.000376635	2.40053e-15
0.000382045	2.54126e-15
0.000387531	2.69025e-15
0.000393097	2.84796e-15
0.000398742	3.01492e-15
0.000404469	3.19167e-15
0.000410278	3.37877e-15
0.00041617	3.57684e-15
0.000422147	3.78652e-15
0.00042821	4.00848e-15
0.000434359	4.24345e-15
0.000440598	4.49219e-15
0.000446925	4.75551e-15
0.000453344	5.03425e-15
0.000459855	5.32933e-15
0.000466459	5.6417e-15
0.000473158	5.97237e-15
0.000479953	6.32241e-15
0.000486846	6.69297e-15
0.000493838	7.08523e-15
0.00050093	7.50048e-15
0.000508124	7.94005e-15
0.000515422	8.40537e-15
0.000522824	8.89796e-15
0.000530333	9.4194e-15
0.000537949	9.97138e-15
0.000545675	1.05557e-14
0.000553512	1.11742e-14
0.000561461	1.1829e-14
0.000569525	1.25222e-14
0.000577704	1.32559e-14
0.000586001	1.40326e-14
0.000594417	1.48548e-14
0.000602953	1.57251e-14
0.000611613	1.66464e-14
0.000620396	1.76217e-14
0.000629306	1.86541e-14
0.000638344	1.97469e-14
0.000647512	2.09037e-14
0.000656811	2.21283e-14
0.000666244	2.34245e-14
0.000675812	2.47967e-14
0.000685518	2.62492e-14
0.000695363	2.77867e-14
0.00070535	2.94143e-14
0.00071548	3.11371e-14
0.000725755	3.29608e-14
0.000736178	3.48912e-14
0.000746751	3.69347e-14
0.000757475	3.90977e-14
0.000768354	4.13874e-14
0.000779389	4.3811e-14
0.000790582	4.63765e-14
0.000801936	4.90922e-14
0.000813453	5.19668e-14
0.000825136	5.50096e-14
0.000836986	5.82304e-14
0.000849006	6.16397e-14
0.0008612	6.52485e-14
0.000873568	6.90685e-14
0.000886114	7.31119e-14
0.00089884	7.73919e-14
0.000911748	8.19223e-14
0.000924843	8.67177e-14
0.000938125	9.17936e-14
0.000951598	9.71664e-14
0.000965264	1.02854e-13
0.000979127	1.08873e-13
0.000993189	1.15245e-13
0.00100745	1.21989e-13
0.00102192	1.29128e-13
0.0010366	1.36684e-13
0.00105148	1.44682e-13
0.00106659	1.53148e-13
0.0010819	1.62109e-13
0.00109744	1.71593e-13
0.0011132	1.81632e-13
0.00112919	1.92258e-13
0.00114541	2.03505e-13
0.00116186	2.15409e-13
0.00117854	2.28009e-13
0.00119547	2.41346e-13
0.00121264	2.55461e-13
0.00123005	2.70402e-13
0.00124772	2.86216e-13
0.00126564	3.02953e-13
0.00128381	3.20669e-13
0.00130225	3.39419e-13
0.00132095	3.59265e-13
0.00133993	3.8027e-13
0.00135917	4.02502e-13
0.00137869	4.26032e-13
0.00139849	4.50936e-13
0.00141857	4.77295e-13
0.00143895	5.05193e-13
0.00145961	5.3472e-13
0.00148057	5.65971e-13
0.00150184	5.99046e-13
0.00152341	6.34051e-13
0.00154529	6.711e-13
0.00156748	7.10312e-13
0.00158999	7.51811e-13
0.00161282	7.95733e-13
0.00163599	8.42217e-13
0.00165948	8.91414e-13
0.00168332	9.43481e-13
0.00170749	9.98585e-13
0.00173201	1.0569e-12
0.00175689	1.11862e-12
0.00178212	1.18394e-12
0.00180771	1.25307e-12
0.00183367	1.32623e-12
0.00186001	1.40366e-12
0.00188672	1.48559e-12
0.00191382	1.57231e-12
0.0019413	1.66408e-12
0.00196918	1.7612e-12
0.00199746	1.86397e-12
0.00202615	1.97274e-12
0.00205525	2.08784e-12
0.00208477	2.20965e-12
0.00211471	2.33856e-12
0.00214508	2.47497e-12
0.00217589	2.61933e-12
0.00220713	2.7721e-12
0.00223883	2.93375e-12
0.00227099	3.10483e-12
0.0023036	3.28586e-12
0.00233668	3.47742e-12
0.00237024	3.68014e-12
0.00240428	3.89465e-12
0.00243881	4.12164e-12
0.00247384	4.36184e-12
0.00250937	4.61601e-12
0.0025454	4.88497e-12
0.00258196	5.16956e-12
0.00261904	5.47071e-12
0.00265666	5.78936e-12
0.00269481	6.12654e-12
0.00273351	6.48332e-12
0.00277277	6.86083e-12
0.00281259	7.26027e-12
0.00285298	7.68293e-12
0.00289396	8.13014e-12
0.00293552	8.60332e-12
0.00297768	9.10398e-12
0.00302044	9.63371e-12
0.00306382	1.01942e-11
0.00310782	1.07872e-11
0.00315245	1.14147e-11
0.00319773	1.20785e-11
0.00324365	1.27809e-11
0.00329024	1.3524e-11
0.00333749	1.43102e-11
0.00338542	1.5142e-11
0.00343404	1.6022e-11
0.00348336	1.69531e-11
0.00353339	1.79381e-11
0.00358413	1.89802e-11
0.00363561	2.00827e-11
0.00368782	2.1249e-11
0.00374078	2.24829e-11
0.00379451	2.37882e-11
0.003849	2.51691e-11
0.00390428	2.663e-11
0.00396035	2.81754e-11
0.00401723	2.98102e-11
0.00407492	3.15395e-11
0.00413344	3.33689e-11
0.00419281	3.53041e-11
0.00425302	3.73512e-11
0.0043141	3.95166e-11
0.00437606	4.18071e-11
0.00443891	4.423e-11
0.00450266	4.67928e-11
0.00456732	4.95036e-11
0.00463292	5.23709e-11
0.00469945	5.54037e-11
0.00476695	5.86116e-11
0.00483541	6.20045e-11
0.00490485	6.55931e-11
0.00497529	6.93887e-11
0.00504675	7.34031e-11
0.00511922	7.76488e-11
0.00519274	8.21393e-11
0.00526732	8.68884e-11
0.00534297	9.1911e-11
0.0054197	9.72228e-11
0.00549754	1.0284e-10
0.00557649	1.08781e-10
0.00565658	1.15064e-10
0.00573782	1.21708e-10
0.00582022	1.28734e-10
0.00590381	1.36163e-10
0.0059886	1.4402e-10
0.0060746	1.52328e-10
0.00616184	1.61113e-10
0.00625034	1.70402e-10
0.0063401	1.80225e-10
0.00643116	1.90611e-10
0.00652352	2.01593e-10
0.00661721	2.13204e-10
0.00671224	2.25481e-10
0.00680864	2.38462e-10
0.00690642	2.52185e-10
0.00700561	2.66695e-10
0.00710622	2.82035e-10
0.00720828	2.98253e-10
0.0073118	3.15399e-10
0.00741681	3.33524e-10
0.00752333	3.52686e-10
0.00763137	3.72942e-10
0.00774097	3.94356e-10
0.00785214	4.16992e-10
0.00796491	4.40919e-10
0.0080793	4.66211e-10
0.00819533	4.92946e-10
0.00831303	5.21204e-10
0.00843242	5.51073e-10
0.00855352	5.82642e-10
0.00867637	6.16009e-10
0.00880097	6.51273e-10
0.00892737	6.88544e-10
0.00905558	7.27934e-10
0.00918563	7.69561e-10
0.00931755	8.13553e-10
0.00945137	8.60043e-10
0.00958711	9.09171e-10
0.00972479	9.61085e-10
0.00986446	1.01594e-09
0.0100061	1.07391e-09
0.0101498	1.13516e-09
0.0102956	1.19987e-09
0.0104435	1.26825e-09
0.0105934	1.34049e-09
0.0107456	1.41682e-09
0.0108999	1.49746e-09
0.0110564	1.58265e-09
0.0112152	1.67264e-09
0.0113763	1.76772e-09
0.0115397	1.86815e-09
0.0117054	1.97424e-09
0.0118735	2.0863e-09
0.012044	2.20466e-09
0.012217	2.32969e-09
0.0123925	2.46173e-09
0.0125704	2.6012e-09
0.012751	2.74849e-09
0.0129341	2.90405e-09
0.0131199	3.06832e-09
0.0133083	3.2418e-09
0.0134994	3.42499e-09
0.0136933	3.61843e-09
0.0138899	3.82268e-09
0.0140894	4.03834e-09
0.0142918	4.26605e-09
0.014497	4.50646e-09
0.0147052	4.76028e-09
0.0149164	5.02823e-09
0.0151306	5.3111e-09
0.0153479	5.60971e-09
0.0155684	5.92492e-09
0.0157919	6.25764e-09
0.0160187	6.60882e-09
0.0162488	6.97948e-09
0.0164822	7.37069e-09
0.0167189	7.78355e-09
0.016959	8.21926e-09
0.0172025	8.67905e-09
0.0174496	9.16424e-09
0.0177002	9.6762e-09
0.0179544	1.02164e-08
0.0182123	1.07863e-08
0.0184738	1.13877e-08
0.0187391	1.20221e-08
0.0190082	1.26913e-08
0.0192812	1.33973e-08
0.0195581	1.4142e-08
0.019839	1.49275e-08
0.020124	1.5756e-08
0.020413	1.66298e-08
0.0207061	1.75513e-08
0.0210035	1.85232e-08
0.0213051	1.9548e-08
0.0216111	2.06286e-08
0.0219215	2.1768e-08
0.0222363	2.29694e-08
0.0225557	2.42359e-08
0.0228796	2.55712e-08
0.0232082	2.69788e-08
0.0235415	2.84625e-08
0.0238796	3.00264e-08
0.0242225	3.16748e-08
0.0245704	3.34121e-08
0.0249233	3.52429e-08
0.0252812	3.71722e-08
0.0256443	3.92052e-08
0.0260126	4.13473e-08
0.0263862	4.36042e-08
0.0267651	4.59819e-08
0.0271495	4.84867e-08
0.0275394	5.11253e-08
0.0279349	5.39045e-08
0.0283361	5.68318e-08
0.0287431	5.99147e-08
0.0291559	6.31614e-08
0.0295746	6.65802e-08
0.0299993	7.01801e-08
0.0304302	7.39704e-08
0.0308672	7.79608e-08
0.0313105	8.21617e-08
0.0317602	8.65837e-08
0.0322163	9.12382e-08
0.032679	9.61371e-08
0.0331483	1.01293e-07
0.0336244	1.06718e-07
0.0341073	1.12427e-07
0.0345971	1.18434e-07
0.035094	1.24753e-07
0.035598	1.31401e-07
0.0361092	1.38394e-07
0.0366278	1.4575e-07
0.0371538	1.53486e-07
0.0376874	1.61621e-07
0.0382287	1.70176e-07
0.0387777	1.79171e-07
0.0393346	1.88628e-07
0.0398995	1.9857e-07
0.0404726	2.0902e-07
0.0410538	2.20005e-07
0.0416434	2.31549e-07
0.0422415	2.43681e-07
0.0428481	2.56429e-07
0.0434635	2.69823e-07
0.0440877	2.83894e-07
0.0447209	2.98676e-07
0.0453631	3.14202e-07
0.0460146	3.30509e-07
0.0466755	3.47633e-07
0.0473458	3.65615e-07
0.0480258	3.84495e-07
0.0487155	4.04315e-07
0.0494151	4.25122e-07
0.0501248	4.4696e-07
0.0508447	4.69879e-07
0.0515749	4.9393e-07
0.0523156	5.19166e-07
0.0530669	5.45642e-07
0.053829	5.73416e-07
0.0546021	6.02548e-07
0.0553863	6.33102e-07
0.0561817	6.65142e-07
0.0569886	6.98738e-07
0.057807	7.3396e-07
0.0586372	7.70883e-07
0.0594794	8.09584e-07
0.0603336	8.50144e-07
0.0612001	8.92646e-07
0.062079	9.37179e-07
0.0629706	9.83834e-07
0.0638749	1.0327e-06
0.0647923	1.08389e-06
0.0657228	1.13749e-06
0.0666667	1.19362e-06
0.0676241	1.25238e-06
0.0685953	1.31389e-06
0.0695804	1.37827e-06
0.0705797	1.44565e-06
0.0715934	1.51615e-06
0.0726216	1.58991e-06
0.0736645	1.66707e-06
0.0747225	1.74777e-06
0.0757956	1.83217e-06
0.0768841	1.92042e-06
0.0779883	2.01268e-06
0.0791084	2.10912e-06
0.0802445	2.20992e-06
0.0813969	2.31525e-06
0.0825659	2.42531e-06
0.0837517	2.54028e-06
0.0849545	2.66037e-06
0.0861746	2.78579e-06
0.0874122	2.91675e-06
0.0886676	3.05348e-06
0.089941	3.1962e-06
0.0912327	3.34515e-06
0.0925429	3.50059e-06
0.093872	3.66277e-06
0.0952201	3.83194e-06
0.0965877	4.00839e-06
0.0979748	4.19239e-06
0.0993819	4.38423e-06
0.100809	4.58422e-06
0.102257	4.79267e-06
0.103726	5.00989e-06
0.105215	5.23621e-06
0.106726	5.47198e-06
0.108259	5.71754e-06
0.109814	5.97325e-06
0.111391	6.23948e-06
0.112991	6.51662e-06
0.114613	6.80507e-06
0.116259	7.10521e-06
0.117929	7.41748e-06
0.119623	7.7423e-06
0.121341	8.08011e-06
0.123083	8.43136e-06
0.124851	8.79651e-06
0.126644	9.17605e-06
0.128463	9.57046e-06
0.130308	9.98025e-06
0.132179	1.04059e-05
0.134078	1.0848e-05
0.136003	1.13071e-05
0.137956	1.17836e-05
0.139938	1.22783e-05
0.141947	1.27916e-05
0.143986	1.33242e-05
0.146054	1.38766e-05
0.148151	1.44495e-05
0.150279	1.50436e-05
0.152437	1.56594e-05
0.154627	1.62976e-05
0.156847	1.6959e-05
0.1591	1.76442e-05
0.161385	1.83539e-05
0.163703	1.90889e-05
0.166054	1.98498e-05
0.168438	2.06374e-05
0.170857	2.14525e-05
0.173311	2.22959e-05
0.1758	2.31684e-05
0.178325	2.40706e-05
0.180886	2.50036e-05
0.183484	2.59681e-05
0.186119	2.69649e-05
0.188792	2.79949e-05
0.191503	2.90591e-05
0.194254	3.01581e-05
0.197043	3.12931e-05
0.199873	3.24649e-05
0.202744	3.36743e-05
0.205655	3.49224e-05
0.208609	3.62102e-05
0.211605	3.75384e-05
0.214644	3.89083e-05
0.217727	4.03206e-05
0.220853	4.17765e-05
0.224025	4.3277e-05
0.227243	4.4823e-05
0.230506	4.64156e-05
0.233817	4.80559e-05
0.237175	4.97449e-05
0.240581	5.14837e-05
0.244036	5.32734e-05
0.247541	5.5115e-05
0.251096	5.70098e-05
0.254702	5.89587e-05
0.25836	6.09629e-05
0.26207	6.30237e-05
0.265834	6.5142e-05
0.269652	6.73191e-05
0.273525	6.95562e-05
0.277453	7.18545e-05
0.281437	7.42151e-05
0.285479	7.66392e-05
0.289579	7.91281e-05
0.293738	8.16831e-05
0.297957	8.43053e-05
0.302236	8.6996e-05
0.306576	8.97564e-05
0.310979	9.2588e-05
0.315445	9.54918e-05
0.319976	9.84693e-05
0.324571	0.000101522
0.329232	0.000104651
0.333961	0.000107857
0.338757	0.000111142
0.343622	0.000114508
0.348557	0.000117955
0.353563	0.000121486
0.358641	0.000125101
0.363791	0.000128801
0.369016	0.000132589
0.374316	0.000136466
0.379691	0.000140433
0.385144	0.000144492
0.390676	0.000148643
0.396286	0.000152889
0.401978	0.000157232
0.407751	0.000161671
0.413607	0.00016621
0.419547	0.00017085
0.425572	0.000175591
0.431684	0.000180437
0.437884	0.000185388
0.444172	0.000190446
0.450551	0.000195612
0.457022	0.00020089
0.463586	0.000206279
0.470243	0.000211782
0.476997	0.000217401
0.483847	0.000223138
0.490796	0.000228994
0.497845	0.000234972
0.504995	0.000241073
0.512247	0.0002473
0.519604	0.000253655
0.527066	0.00026014
0.534636	0.000266758
0.542314	0.000273511
0.550102	0.000280401
0.558003	0.000287432
0.566017	0.000294605
0.574146	0.000301925
0.582391	0.000309394
0.590755	0.000317015
0.599239	0.000324792
0.607846	0.000332727
0.616575	0.000340826
0.62543	0.000349091
0.634412	0.000357527
0.643524	0.000366138
0.652766	0.000374929
0.66214	0.000383904
0.67165	0.000393067
0.681296	0.000402425
0.69108	0.000411983
0.701005	0.000421746
0.711073	0.000431721
0.721285	0.000441914
0.731644	0.000452332
0.742151	0.000462981
0.75281	0.00047387
0.763621	0.000485006
0.774588	0.000496397
0.785713	0.000508054
0.796997	0.000519985
0.808443	0.0005322
0.820053	0.00054471
0.831831	0.000557526
0.843777	0.00057066
0.855895	0.000584125
0.868187	0.000597935
0.880656	0.000612102
0.893303	0.000626643
0.906133	0.000641574
0.919146	0.000656911
0.932346	0.000672672
0.945736	0.000688877
0.959319	0.000705544
0.973096	0.000722695
0.987071	0.000740352
1.00125	0.000758539
1.01563	0.000777281
1.03021	0.000796603
1.04501	0.000816532
1.06002	0.000837099
1.07524	0.000858332
1.09068	0.000880265
1.10635	0.00090293
1.12223	0.000926364
1.13835	0.000950602
1.1547	0.000975685
1.17128	0.00100165
1.18811	0.00102855
1.20517	0.00105642
1.22248	0.0010853
1.24003	0.00111526
1.25784	0.00114634
1.27591	0.00117859
1.29423	0.00121208
1.31282	0.00124686
1.33167	0.00128299
1.3508	0.00132054
1.3702	0.00135958
1.38988	0.00140018
1.40984	0.00144241
1.43008	0.00148636
1.45062	0.0015321
1.47146	0.00157972
1.49259	0.0016293
1.51402	0.00168096
1.53577	0.00173477
1.55782	0.00179085
1.5802	0.00184929
1.60289	0.00191023
1.62591	0.00197376
1.64926	0.00204001
1.67295	0.00210911
1.69697	0.0021812
1.72134	0.00225641
1.74607	0.00233489
1.77114	0.00241679
1.79658	0.00250227
1.82238	0.0025915
1.84855	0.00268465
1.8751	0.00278191
1.90203	0.00288345
1.92935	0.00298949
1.95706	0.00310023
1.98516	0.00321588
2.01367	0.00333667
2.04259	0.00346284
2.07193	0.00359462
2.10168	0.00373228
2.13187	0.00387609
2.16248	0.00402631
2.19354	0.00418326
2.22504	0.00434721
2.257	0.0045185
2.28941	0.00469746
2.32229	0.00488442
2.35564	0.00507975
2.38947	0.00528381
2.42379	0.00549701
2.4586	0.00571974
2.49391	0.00595242
2.52973	0.0061955
2.56606	0.00644943
2.60291	0.00671469
2.64029	0.00699177
2.67821	0.0072812
2.71667	0.00758351
2.75569	0.00789925
2.79527	0.00822901
2.83541	0.00857339
2.87613	0.00893302
2.91744	0.00930855
2.95934	0.00970066
3.00184	0.0101101
3.04495	0.0105375
3.08868	0.0109836
3.13304	0.0114494
3.17803	0.0119355
3.22367	0.0124428
3.26997	0.0129723
3.31693	0.0135248
3.36457	0.0141012
3.41289	0.0147026
3.46191	0.01533
3.51162	0.0159843
3.56206	0.0166668
3.61321	0.0173785
3.66511	0.0181206
3.71774	0.0188943
3.77113	0.0197009
3.82529	0.0205417
3.88023	0.0214179
3.93596	0.022331
3.99248	0.0232824
4.04982	0.0242735
4.10798	0.0253059
4.16698	0.0263812
4.22683	0.0275009
4.28753	0.0286668
4.34911	0.0298805
4.41157	0.0311438
4.47492	0.0324585
4.53919	0.0338265
4.60438	0.0352497
4.67051	0.0367301
4.73758	0.0382697
4.80562	0.0398705
4.87464	0.0415348
4.94465	0.0432646
5.01566	0.0450623
5.08769	0.04693
5.16076	0.0488702
5.23488	0.0508851
5.31006	0.0529773
5.38632	0.0551492
5.46368	0.0574032
5.54214	0.059742
5.62174	0.0621681
5.70247	0.0646841
5.78437	0.0672927
5.86744	0.0699965
5.95171	0.0727982
6.03719	0.0757005
6.12389	0.0787061
6.21184	0.0818176
6.30105	0.0850378
6.39154	0.0883692
6.48334	0.0918146
6.57645	0.0953764
6.6709	0.0990571
6.7667	0.102859
6.86388	0.106785
6.96246	0.110837
7.06245	0.115017
7.16388	0.119327
7.26676	0.123768
7.37113	0.128344
7.47699	0.133054
7.58437	0.137899
7.69329	0.142882
7.80378	0.148002
7.91585	0.153259
8.02954	0.158654
8.14486	0.164185
8.26183	0.169851
8.38048	0.175652
8.50084	0.181584
8.62293	0.187645
8.74676	0.193832
8.87238	0.20014
8.9998	0.206564
9.12905	0.213098
9.26016	0.219736
9.39315	0.226469
9.52805	0.23329
9.66489	0.240187
9.8037	0.24715
9.94449	0.254166
10.0873	0.261222
10.2322	0.268302
10.3791	0.275388
10.5282	0.282464
10.6794	0.289508
10.8328	0.296498
10.9883	0.303411
11.1462	0.310222
11.3062	0.316901
11.4686	0.323421
11.6333	0.329748
11.8004	0.335849
11.9699	0.341688
12.1418	0.347226
12.3161	0.352423
12.493	0.357237
12.6724	0.361622
12.8544	0.365532
13.039	0.368919
13.2263	0.371731
13.4163	0.373917
13.6089	0.375422
13.8044	0.376193
14.0026	0.376172
14.2037	0.375303
14.4077	0.37353
14.6146	0.370796
14.8245	0.367045
15.0374	0.362221
15.2534	0.356272
15.4725	0.349147
15.6947	0.340799
15.9201	0.331183
16.1487	0.320261
16.3806	0.308
16.6159	0.294373
16.8545	0.279362
17.0966	0.262957
17.3421	0.245158
17.5912	0.225977
17.8438	0.205437
18.1001	0.183575
18.36	0.160443
18.6237	0.136109
18.8912	0.110657
19.1625	0.0841887
19.4377	0.0568261
19.7168	0.0287097
