2.72331e-06	0.000143765
5.44662e-06	0.000287529
8.16993e-06	0.00043129
1.08932e-05	0.000575046
1.36166e-05	0.000718796
1.63399e-05	0.000862538
1.90632e-05	0.00100627
2.17865e-05	0.00114999
2.45098e-05	0.0012937
2.72331e-05	0.0014374
2.99564e-05	0.00158108
3.26797e-05	0.00172475
3.54031e-05	0.00186839
3.81264e-05	0.00201202
4.08497e-05	0.00215563
4.3573e-05	0.00229922
4.62963e-05	0.00244278
4.90196e-05	0.00258631
5.17429e-05	0.00272983
5.44662e-05	0.00287331
5.71895e-05	0.00301677
5.99129e-05	0.00316019
6.26362e-05	0.00330359
6.53595e-05	0.00344695
6.80828e-05	0.00359029
7.08061e-05	0.00373358
7.35294e-05	0.00387685
7.62527e-05	0.00402007
7.8976e-05	0.00416327
8.16993e-05	0.00430642
8.44227e-05	0.00444954
8.7146e-05	0.00459261
8.98693e-05	0.00473565
9.25926e-05	0.00487865
9.53159e-05	0.00502161
9.80392e-05	0.00516453
0.000100763	0.0053074
0.000103486	0.00545024
0.000106209	0.00559303
0.000108932	0.00573578
0.000111656	0.00587849
0.000114379	0.00602116
0.000117102	0.00616378
0.000119826	0.00630637
0.000122549	0.00644891
0.000125272	0.00659141
0.000127996	0.00673386
0.000130719	0.00687628
0.000133442	0.00701865
0.000136166	0.00716098
0.000138889	0.00730327
0.000141612	0.00744551
0.000144336	0.00758772
0.000147059	0.00772988
0.000149782	0.007872
0.000152505	0.00801408
0.000155229	0.00815611
0.000157952	0.0082981
0.000160675	0.00844006
0.000163399	0.00858196
0.000166122	0.00872383
0.000168845	0.00886566
0.000171569	0.00900744
0.000174292	0.00914918
0.000177015	0.00929088
0.000179739	0.00943254
0.000182462	0.00957415
0.000185185	0.00971573
0.000187888	0.00985617
0.000190629	0.00999862
0.000193411	0.0101431
0.000196234	0.0102897
0.000199097	0.0104383
0.000202003	0.0105891
0.00020495	0.010742
0.000207941	0.0108971
0.000210976	0.0110544
0.000214054	0.0112139
0.000217178	0.0113758
0.000220347	0.0115399
0.000223563	0.0117063
0.000226825	0.0118752
0.000230135	0.0120464
0.000233493	0.0122201
0.000236901	0.0123962
0.000240358	0.0125749
0.000243865	0.0127561
0.000247424	0.0129398
0.000251035	0.0131262
0.000254698	0.0133152
0.000258415	0.0135069
0.000262186	0.0137013
0.000266012	0.0138985
0.000269894	0.0140984
0.000273832	0.0143012
0.000277828	0.0145069
0.000281882	0.0147154
0.000285996	0.0149269
0.000290169	0.0151415
0.000294404	0.015359
0.0002987	0.0155796
0.000303059	0.0158033
0.000307481	0.0160302
0.000311968	0.0162603
0.000316521	0.0164936
0.00032114	0.0167302
0.000325826	0.0169701
0.000330581	0.0172134
0.000335405	0.0174601
0.000340299	0.0177103
0.000345265	0.017964
0.000350304	0.0182213
0.000355415	0.0184822
0.000360602	0.0187467
0.000365864	0.019015
0.000371203	0.019287
0.00037662	0.0195628
0.000382116	0.0198424
0.000387692	0.020126
0.00039335	0.0204135
0.00039909	0.0207051
0.000404914	0.0210007
0.000410822	0.0213004
0.000416817	0.0216043
0.0004229	0.0219124
0.000429071	0.0222249
0.000435333	0.0225416
0.000441685	0.0228628
0.000448131	0.0231884
0.00045467	0.0235185
0.000461305	0.0238532
0.000468037	0.0241926
0.000474867	0.0245366
0.000481797	0.0248854
0.000488827	0.025239
0.000495961	0.0255975
0.000503198	0.0259609
0.000510541	0.0263293
0.000517991	0.0267028
0.00052555	0.0270814
0.00053322	0.0274653
0.000541001	0.0278544
0.000548896	0.0282488
0.000556905	0.0286487
0.000565032	0.029054
0.000573278	0.0294648
0.000581643	0.0298813
0.000590131	0.0303034
0.000598743	0.0307313
0.00060748	0.0311651
0.000616345	0.0316047
0.000625339	0.0320503
0.000634465	0.0325019
0.000643723	0.0329597
0.000653117	0.0334237
0.000662648	0.0338939
0.000672318	0.0343705
0.000682129	0.0348535
0.000692083	0.035343
0.000702182	0.0358391
0.000712429	0.0363419
0.000722826	0.0368514
0.000733374	0.0373678
0.000744076	0.037891
0.000754934	0.0384213
0.00076595	0.0389586
0.000777128	0.0395031
0.000788468	0.0400549
0.000799974	0.040614
0.000811648	0.0411805
0.000823492	0.0417545
0.000835509	0.0423361
0.000847702	0.0429254
0.000860072	0.0435224
0.000872623	0.0441274
0.000885357	0.0447402
0.000898277	0.0453611
0.000911385	0.0459902
0.000924685	0.0466275
0.000938179	0.0472731
0.000951869	0.0479271
0.00096576	0.0485896
0.000979853	0.0492607
0.000994152	0.0499405
0.00100866	0.0506291
0.00102338	0.0513266
0.00103831	0.0520331
0.00105346	0.0527487
0.00106884	0.0534734
0.00108443	0.0542075
0.00110026	0.0549509
0.00111632	0.0557037
0.00113261	0.0564662
0.00114913	0.0572383
0.0011659	0.0580202
0.00118292	0.058812
0.00120018	0.0596137
0.00121769	0.0604256
0.00123546	0.0612476
0.00125349	0.0620799
0.00127178	0.0629225
0.00129034	0.0637757
0.00130917	0.0646394
0.00132828	0.0655138
0.00134766	0.066399
0.00136733	0.0672951
0.00138728	0.0682022
0.00140752	0.0691204
0.00142806	0.0700497
0.0014489	0.0709904
0.00147005	0.0719424
0.0014915	0.072906
0.00151326	0.0738811
0.00153535	0.074868
0.00155775	0.0758666
0.00158048	0.0768772
0.00160355	0.0778997
0.00162695	0.0789343
0.00165069	0.0799811
0.00167478	0.0810402
0.00169922	0.0821117
0.00172401	0.0831957
0.00174917	0.0842922
0.0017747	0.0854014
0.00180059	0.0865234
0.00182687	0.0876582
0.00185353	0.088806
0.00188058	0.0899667
0.00190802	0.0911406
0.00193586	0.0923277
0.00196411	0.0935281
0.00199277	0.0947418
0.00202185	0.095969
0.00205136	0.0972097
0.00208129	0.098464
0.00211167	0.099732
0.00214248	0.101014
0.00217375	0.102309
0.00220547	0.103619
0.00223765	0.104942
0.0022703	0.106279
0.00230343	0.107631
0.00233705	0.108997
0.00237115	0.110376
0.00240575	0.11177
0.00244086	0.113179
0.00247648	0.114601
0.00251262	0.116038
0.00254928	0.11749
0.00258649	0.118955
0.00262423	0.120436
0.00266253	0.12193
0.00270138	0.12344
0.0027408	0.124963
0.0027808	0.126502
0.00282138	0.128054
0.00286255	0.129622
0.00290432	0.131204
0.0029467	0.1328
0.0029897	0.134411
0.00303333	0.136036
0.0030776	0.137676
0.00312251	0.13933
0.00316807	0.140999
0.0032143	0.142682
0.00326121	0.144379
0.0033088	0.14609
0.00335708	0.147816
0.00340607	0.149555
0.00345578	0.151309
0.00350621	0.153076
0.00355737	0.154857
0.00360928	0.156652
0.00366195	0.15846
0.00371539	0.160282
0.00376961	0.162117
0.00382462	0.163965
0.00388043	0.165826
0.00393706	0.1677
0.00399451	0.169586
0.0040528	0.171485
0.00411194	0.173395
0.00417195	0.175318
0.00423283	0.177253
0.0042946	0.179199
0.00435727	0.181156
0.00442085	0.183124
0.00448536	0.185103
0.00455082	0.187092
0.00461723	0.189091
0.00468461	0.1911
0.00475297	0.193118
0.00482233	0.195146
0.0048927	0.197182
0.0049641	0.199226
0.00503654	0.201278
0.00511003	0.203337
0.0051846	0.205404
0.00526026	0.207476
0.00533702	0.209555
0.00541491	0.21164
0.00549392	0.213729
0.0055741	0.215823
0.00565544	0.217921
0.00573797	0.220021
0.0058217	0.222125
0.00590665	0.224231
0.00599285	0.226338
0.0060803	0.228446
0.00616903	0.230554
0.00625905	0.232661
0.00635039	0.234767
0.00644306	0.236871
0.00653708	0.238971
0.00663248	0.241068
0.00672926	0.24316
0.00682746	0.245247
0.0069271	0.247327
0.00702818	0.2494
0.00713074	0.251465
0.0072348	0.25352
0.00734038	0.255565
0.00744749	0.257599
0.00755617	0.25962
0.00766644	0.261627
0.00777831	0.26362
0.00789182	0.265597
0.00800698	0.267557
0.00812383	0.269499
0.00824238	0.271421
0.00836266	0.273322
0.00848469	0.275201
0.00860851	0.277057
0.00873413	0.278887
0.00886159	0.280692
0.0089909	0.282468
0.0091221	0.284215
0.00925522	0.285931
0.00939028	0.287614
0.00952731	0.289264
0.00966634	0.290877
0.0098074	0.292453
0.00995052	0.29399
0.0100957	0.295486
0.010243	0.296939
0.0103925	0.298348
0.0105442	0.29971
0.010698	0.301024
0.0108542	0.302287
0.0110126	0.303498
0.0111733	0.304655
0.0113363	0.305756
0.0115017	0.306797
0.0116696	0.307779
0.0118399	0.308697
0.0120126	0.30955
0.0121879	0.310337
0.0123658	0.311053
0.0125463	0.311698
0.0127293	0.312269
0.0129151	0.312763
0.0131036	0.313178
0.0132948	0.313511
0.0134888	0.313761
0.0136856	0.313924
0.0138853	0.313999
0.014088	0.313982
0.0142936	0.313871
0.0145021	0.313663
0.0147138	0.313356
0.0149285	0.312947
0.0151463	0.312433
0.0153674	0.311812
0.0155916	0.311081
0.0158191	0.310237
0.01605	0.309278
0.0162842	0.308201
0.0165218	0.307002
0.0167629	0.30568
0.0170075	0.304231
0.0172557	0.302653
0.0175075	0.300943
0.017763	0.299098
0.0180222	0.297116
0.0182852	0.294993
0.0185521	0.292728
0.0188228	0.290316
0.0190975	0.287757
0.0193762	0.285046
0.0196589	0.282182
0.0199458	0.279161
0.0202368	0.275982
0.0205322	0.272641
0.0208318	0.269137
0.0211358	0.265467
0.0214442	0.261628
0.0217571	0.257618
0.0220746	0.253436
0.0223968	0.249078
0.0227236	0.244544
0.0230552	0.23983
0.0233916	0.234935
0.023733	0.229858
0.0240793	0.224596
0.0244307	0.219148
0.0247872	0.213513
0.0251489	0.207689
0.0255159	0.201675
0.0258883	0.195471
0.0262661	0.189074
0.0266494	0.182485
0.0270382	0.175703
0.0274328	0.168727
0.0278331	0.161558
0.0282393	0.154194
0.0286514	0.146637
0.0290695	0.138887
0.0294937	0.130944
0.0299241	0.12281
0.0303608	0.114484
0.0308038	0.105969
0.0312533	0.0972653
0.0317094	0.0883756
0.0321721	0.0793016
0.0326416	0.0700457
0.0331179	0.0606103
0.0336012	0.0509984
0.0340916	0.0412131
0.0345891	0.031258
0.0350938	0.0211368
0.0356059	0.0108537
0.0361255	0.000413174
0.0366527	-0.01018
0.0371876	-0.0209207
0.0377302	-0.0318033
0.0382808	-0.042822
0.0388394	-0.0539705
0.0394062	-0.0652422
0.0399813	-0.07663
0.0405647	-0.0881265
0.0411567	-0.0997239
0.0417572	-0.111414
0.0423666	-0.123188
0.0429848	-0.135037
0.0436121	-0.146952
0.0442485	-0.158922
0.0448943	-0.170937
0.0455494	-0.182987
0.0462141	-0.19506
0.0468885	-0.207145
0.0475727	-0.219229
0.0482669	-0.231301
0.0489713	-0.243346
0.0496859	-0.255353
0.050411	-0.267307
0.0511466	-0.279193
0.051893	-0.290998
0.0526502	-0.302707
0.0534186	-0.314303
0.0541981	-0.325772
0.054989	-0.337096
0.0557914	-0.34826
0.0566056	-0.359246
0.0574316	-0.370038
0.0582697	-0.380618
0.05912	-0.390967
0.0599827	-0.401068
0.0608581	-0.410903
0.0617462	-0.420452
0.0626472	-0.429697
0.0635614	-0.438618
0.0644889	-0.447197
0.06543	-0.455414
0.0663848	-0.463249
0.0673536	-0.470683
0.0683364	-0.477696
0.0693337	-0.484269
0.0703454	-0.490381
0.071372	-0.496014
0.0724135	-0.501147
0.0734702	-0.505761
0.0745423	-0.509837
0.0756301	-0.513356
0.0767338	-0.5163
0.0778535	-0.51865
0.0789896	-0.520387
0.0801423	-0.521495
0.0813118	-0.521956
0.0824984	-0.521753
0.0837023	-0.520871
0.0849237	-0.519294
0.086163	-0.517008
0.0874204	-0.513998
0.0886961	-0.510251
0.0899904	-0.505755
0.0913036	-0.500499
0.092636	-0.494472
0.0939878	-0.487665
0.0953594	-0.480069
0.0967509	-0.471678
0.0981628	-0.462486
0.0995953	-0.452487
0.101049	-0.44168
0.102523	-0.430061
0.104019	-0.417632
0.105537	-0.404392
0.107077	-0.390344
0.10864	-0.375493
0.110225	-0.359846
0.111834	-0.343408
0.113466	-0.326191
0.115121	-0.308206
0.116801	-0.289465
0.118506	-0.269983
0.120235	-0.249779
0.12199	-0.22887
0.12377	-0.207277
0.125576	-0.185024
0.127409	-0.162136
0.129268	-0.138639
0.131154	-0.114562
0.133068	-0.0899373
0.13501	-0.0647973
0.13698	-0.0391772
0.138979	-0.0131144
0.141007	0.013352
0.143065	0.0401808
0.145153	0.0673288
0.147271	0.094751
0.14942	0.122401
0.1516	0.150229
0.153813	0.178185
0.156057	0.206217
0.158335	0.234271
0.160645	0.262293
0.162989	0.290225
0.165368	0.318009
0.167781	0.345586
0.170229	0.372896
0.172713	0.399877
0.175234	0.426467
0.177791	0.452604
0.180385	0.478223
0.183018	0.503261
0.185689	0.527654
0.188398	0.551336
0.191148	0.574243
0.193937	0.596312
0.196767	0.617479
0.199638	0.637679
0.202552	0.656851
0.205507	0.674932
0.208506	0.691863
0.211549	0.707584
0.214636	0.722037
0.217768	0.735165
0.220946	0.746916
0.22417	0.757236
0.227442	0.766075
0.230761	0.773387
0.234128	0.779125
0.237545	0.783249
0.241011	0.785718
0.244528	0.786498
0.248097	0.785555
0.251717	0.782861
0.25539	0.778389
0.259117	0.772119
0.262898	0.764034
0.266735	0.754118
0.270627	0.742364
0.274576	0.728766
0.278583	0.713323
0.282649	0.69604
0.286773	0.676926
0.290958	0.655993
0.295204	0.63326
0.299512	0.608749
0.303882	0.582488
0.308317	0.55451
0.312816	0.524851
0.317381	0.493554
0.322013	0.460666
0.326712	0.426237
0.331479	0.390324
0.336316	0.352987
0.341224	0.314291
0.346204	0.274307
0.351256	0.233106
0.356382	0.190766
0.361582	0.147369
0.366859	0.102999
0.372212	0.0577449
0.377644	0.0116976
0.383155	-0.0350485
0.388746	-0.0823965
0.394419	-0.130247
0.400175	-0.178499
0.406014	-0.227048
0.411939	-0.27579
0.41795	-0.32462
0.42405	-0.37343
0.430238	-0.422113
0.436516	-0.470562
0.442886	-0.518669
0.449349	-0.566328
0.455906	-0.613432
0.462559	-0.659878
0.469309	-0.705561
0.476158	-0.750381
0.483106	-0.794239
0.490156	-0.837038
0.497309	-0.878685
0.504566	-0.919089
0.511929	-0.958163
0.519399	-0.995825
0.526979	-1.032
0.534669	-1.0666
0.542471	-1.09957
0.550388	-1.13084
0.558419	-1.16035
0.566568	-1.18804
0.574836	-1.21388
0.583224	-1.2378
0.591735	-1.25979
0.60037	-1.2798
0.609132	-1.2978
0.61802	-1.31379
0.627039	-1.32775
0.636189	-1.33967
0.645473	-1.34955
0.654892	-1.3574
0.664449	-1.36322
0.674145	-1.36704
0.683983	-1.36888
0.693964	-1.36876
0.704091	-1.36672
0.714366	-1.3628
0.72479	-1.35704
0.735367	-1.3495
0.746098	-1.34022
0.756986	-1.32925
0.768032	-1.31668
0.77924	-1.30255
0.790611	-1.28693
0.802149	-1.2699
0.813854	-1.25153
0.825731	-1.23189
0.83778	-1.21107
0.850006	-1.18914
0.86241	-1.16618
0.874995	-1.14227
0.887764	-1.1175
0.900719	-1.09195
0.913863	-1.06569
0.927198	-1.03882
0.940729	-1.0114
0.954457	-0.983535
0.968385	-0.955288
0.982516	-0.926739
0.996854	-0.897966
1.0114	-0.869043
1.02616	-0.84004
1.04113	-0.811028
1.05633	-0.782074
1.07174	-0.753242
1.08738	-0.724594
1.10325	-0.696188
1.11935	-0.66808
1.13568	-0.640323
1.15226	-0.612964
1.16907	-0.58605
1.18613	-0.559624
1.20344	-0.533723
1.221	-0.508384
1.23882	-0.483639
1.2569	-0.459516
1.27524	-0.436041
1.29385	-0.413235
1.31273	-0.391118
1.33189	-0.369705
1.35132	-0.349007
1.37104	-0.329035
1.39105	-0.309796
1.41135	-0.291292
1.43194	-0.273526
1.45284	-0.256495
1.47404	-0.240196
1.49555	-0.224623
1.51738	-0.209768
1.53952	-0.195621
1.56198	-0.18217
1.58478	-0.169402
1.6079	-0.157303
1.63137	-0.145855
1.65517	-0.135042
1.67933	-0.124845
1.70383	-0.115246
1.7287	-0.106225
1.75392	-0.0977596
1.77952	-0.0898306
1.80549	-0.0824161
1.83183	-0.0754947
1.85857	-0.0690446
1.88569	-0.0630441
1.91321	-0.0574716
1.94112	-0.0523056
1.96945	-0.0475251
1.99819	-0.043109
2.02735	-0.0390369
2.05694	-0.0352889
2.08695	-0.0318454
2.11741	-0.0286875
2.1483	-0.0257969
2.17965	-0.023156
2.21146	-0.0207477
2.24373	-0.0185557
2.27648	-0.0165645
2.3097	-0.0147592
2.3434	-0.0131257
2.3776	-0.0116505
2.41229	-0.0103209
2.4475	-0.00912511
2.48321	-0.00805175
2.51945	-0.00709031
2.55621	-0.00623091
2.59352	-0.00546436
2.63136	-0.00478207
2.66976	-0.0041761
2.70872	-0.00363909
2.74825	-0.00316425
2.78835	-0.0027453
2.82904	-0.00237651
2.87033	-0.00205262
2.91221	-0.00176882
2.95471	-0.00152072
2.99783	-0.00130436
3.04158	-0.00111612
3.08596	-0.00095274
3.13099	-0.000811294
3.17668	-0.000689139
3.22304	-0.00058391
3.27007	-0.000493492
3.31779	-0.000416003
3.36621	-0.000349766
3.41533	-0.000293299
3.46517	-0.000245289
3.51574	-0.00020458
3.56704	-0.000170159
3.6191	-0.000141134
3.67191	-0.000116728
3.72549	-9.62668e-05
3.77986	-7.91612e-05
3.83502	-6.49034e-05
3.89098	-5.30546e-05
3.94776	-4.32376e-05
4.00537	-3.5129e-05
4.06382	-2.84521e-05
4.12312	-2.29716e-05
4.18329	-1.84875e-05
4.24433	-1.48304e-05
4.30627	-1.18576e-05
4.36911	-9.44907e-06
4.43287	-7.50431e-06
4.49756	-5.93939e-06
4.56319	-4.68446e-06
4.62978	-3.68166e-06
4.69734	-2.88319e-06
4.76589	-2.24971e-06
4.83544	-1.74896e-06
4.906	-1.35461e-06
4.97759	-1.04521e-06
5.05023	-8.03385e-07
5.12392	-6.15113e-07
5.1987	-4.69107e-07
5.27456	-3.56329e-07
5.35153	-2.69568e-07
5.42962	-2.03094e-07
5.50886	-1.52375e-07
5.58925	-1.1384e-07
5.67081	-8.46859e-08
5.75356	-6.27247e-08
5.83752	-4.62541e-08
5.92271	-3.39562e-08
6.00914	-2.48153e-08
6.09683	-1.80518e-08
6.1858	-1.30707e-08
6.27607	-9.41938e-09
6.36765	-6.75561e-09
6.46058	-4.82165e-09
6.55485	-3.42441e-09
6.65051	-2.41995e-09
6.74756	-1.70148e-09
6.84602	-1.19019e-09
6.94592	-8.28215e-10
7.04729	-5.73293e-10
7.15013	-3.94716e-10
7.25447	-2.70293e-10
7.36033	-1.84076e-10
7.46774	-1.24662e-10
7.57671	-8.3949e-11
7.68728	-5.62085e-11
7.79946	-3.74171e-11
7.91327	-2.47617e-11
8.02875	-1.62882e-11
8.14591	-1.06498e-11
8.26478	-6.92129e-12
8.38539	-4.46981e-12
8.50776	-2.86851e-12
8.63191	-1.8285e-12
8.75787	-1.15861e-12
8.88567	-7.29229e-13
9.01534	-4.5622e-13
9.1469	-2.83406e-13
9.28038	-1.74945e-13
9.4158	-1.06476e-13
9.55321	-6.48629e-14
9.69262	-3.90769e-14
9.83406	-2.39639e-14
9.97757	-1.42877e-14
10.1232	-8.04473e-15
10.2709	-4.96395e-15
10.4208	-3.15979e-15
10.5728	-1.42712e-15
10.7271	-1.05099e-15
10.8837	-7.54072e-16
11.0425	-6.39764e-16
11.2036	3.67026e-16
11.3671	-3.63876e-16
11.533	-2.9359e-16
11.7013	3.42084e-16
11.8721	-1.08523e-17
12.0453	-1.93676e-16
12.2211	-9.86039e-17
12.3994	4.3889e-17
12.5804	1.15865e-16
12.7639	-1.54022e-16
12.9502	-3.32422e-16
13.1392	1.60844e-16
13.3309	-5.57103e-18
13.5255	2.32e-16
13.7228	-5.40777e-16
13.9231	-1.81702e-16
14.1263	-6.41815e-18
14.3324	8.50776e-17
14.5416	-6.2547e-17
14.7538	2.51844e-16
14.9691	-3.124e-16
15.1875	1.02211e-16
15.4091	9.39422e-17
15.634	-2.46794e-16
15.8621	2.83339e-16
16.0936	-8.25683e-17
16.3285	2.11877e-17
16.5667	-1.25189e-16
16.8085	3.58625e-16
17.0538	-5.18935e-16
17.3026	6.34459e-16
17.5551	-4.25339e-16
17.8113	3.26571e-16
18.0712	-3.00222e-16
18.3349	1.35554e-16
18.6025	-3.08952e-17
18.874	-5.17858e-16
19.1494	5.78226e-16
19.4288	-3.4432e-16
19.7123	-1.37134e-17
