2.72331e-06	6.38134e-38
5.44662e-06	2.04203e-36
8.16993e-06	1.93354e-35
1.08932e-05	1.0108e-34
1.36166e-05	3.72349e-34
1.63399e-05	1.09043e-33
1.90632e-05	2.7172e-33
2.17865e-05	6.00752e-33
2.45098e-05	1.21138e-32
2.72331e-05	2.27066e-32
2.99564e-05	4.01111e-32
3.26797e-05	6.746e-32
3.54031e-05	1.08862e-31
3.81264e-05	1.69588e-31
4.08497e-05	2.5627e-31
4.3573e-05	3.77119e-31
4.62963e-05	5.42157e-31
4.90196e-05	7.63469e-31
5.17429e-05	1.05546e-30
5.44662e-05	1.43516e-30
5.71895e-05	1.92248e-30
5.99129e-05	2.54056e-30
6.26362e-05	3.3161e-30
6.53595e-05	4.27965e-30
6.80828e-05	5.46607e-30
7.08061e-05	6.9148e-30
7.35294e-05	8.67034e-30
7.62527e-05	1.07826e-29
7.8976e-05	1.33074e-29
8.16993e-05	1.63067e-29
8.44227e-05	1.98495e-29
8.7146e-05	2.40117e-29
8.98693e-05	2.88772e-29
9.25926e-05	3.4538e-29
9.53159e-05	4.10948e-29
9.80392e-05	4.86577e-29
0.000100763	5.73465e-29
0.000103486	6.72916e-29
0.000106209	7.86341e-29
0.000108932	9.15271e-29
0.000111656	1.06135e-28
0.000114379	1.22637e-28
0.000117102	1.41224e-28
0.000119826	1.62101e-28
0.000122549	1.85489e-28
0.000125272	2.11623e-28
0.000127996	2.40757e-28
0.000130719	2.73159e-28
0.000133442	3.09115e-28
0.000136166	3.48933e-28
0.000138889	3.92935e-28
0.000141612	4.41467e-28
0.000144336	4.94895e-28
0.000147059	5.53605e-28
0.000149782	6.18008e-28
0.000152505	6.88537e-28
0.000155229	7.65649e-28
0.000157952	8.49826e-28
0.000160675	9.41578e-28
0.000163399	1.04144e-27
0.000166122	1.14998e-27
0.000168845	1.26778e-27
0.000171569	1.39547e-27
0.000174292	1.5337e-27
0.000177015	1.68316e-27
0.000179739	1.84456e-27
0.000182462	2.01865e-27
0.000185185	2.20623e-27
0.000187888	2.40651e-27
0.000190629	2.62496e-27
0.000193411	2.86323e-27
0.000196234	3.12313e-27
0.000199097	3.40662e-27
0.000202003	3.71584e-27
0.00020495	4.05312e-27
0.000207941	4.42101e-27
0.000210976	4.82229e-27
0.000214054	5.25998e-27
0.000217178	5.7374e-27
0.000220347	6.25815e-27
0.000223563	6.82616e-27
0.000226825	7.44572e-27
0.000230135	8.1215e-27
0.000233493	8.85862e-27
0.000236901	9.66263e-27
0.000240358	1.05396e-26
0.000243865	1.14962e-26
0.000247424	1.25395e-26
0.000251035	1.36776e-26
0.000254698	1.4919e-26
0.000258415	1.62729e-26
0.000262186	1.77498e-26
0.000266012	1.93607e-26
0.000269894	2.11178e-26
0.000273832	2.30343e-26
0.000277828	2.51248e-26
0.000281882	2.74049e-26
0.000285996	2.9892e-26
0.000290169	3.26048e-26
0.000294404	3.55637e-26
0.0002987	3.87911e-26
0.000303059	4.23114e-26
0.000307481	4.61512e-26
0.000311968	5.03394e-26
0.000316521	5.49076e-26
0.00032114	5.98903e-26
0.000325826	6.53252e-26
0.000330581	7.12532e-26
0.000335405	7.77191e-26
0.000340299	8.47717e-26
0.000345265	9.24642e-26
0.000350304	1.00855e-25
0.000355415	1.10007e-25
0.000360602	1.19989e-25
0.000365864	1.30877e-25
0.000371203	1.42753e-25
0.00037662	1.55706e-25
0.000382116	1.69835e-25
0.000387692	1.85245e-25
0.00039335	2.02054e-25
0.00039909	2.20387e-25
0.000404914	2.40384e-25
0.000410822	2.62196e-25
0.000416817	2.85986e-25
0.0004229	3.11934e-25
0.000429071	3.40237e-25
0.000435333	3.71107e-25
0.000441685	4.04778e-25
0.000448131	4.41503e-25
0.00045467	4.8156e-25
0.000461305	5.25251e-25
0.000468037	5.72906e-25
0.000474867	6.24883e-25
0.000481797	6.81576e-25
0.000488827	7.43411e-25
0.000495961	8.10855e-25
0.000503198	8.84418e-25
0.000510541	9.64653e-25
0.000517991	1.05217e-24
0.00052555	1.14762e-24
0.00053322	1.25173e-24
0.000541001	1.36528e-24
0.000548896	1.48913e-24
0.000556905	1.62422e-24
0.000565032	1.77156e-24
0.000573278	1.93226e-24
0.000581643	2.10753e-24
0.000590131	2.29871e-24
0.000598743	2.50722e-24
0.00060748	2.73464e-24
0.000616345	2.98269e-24
0.000625339	3.25324e-24
0.000634465	3.54832e-24
0.000643723	3.87016e-24
0.000653117	4.22119e-24
0.000662648	4.60405e-24
0.000672318	5.02162e-24
0.000682129	5.47707e-24
0.000692083	5.97382e-24
0.000702182	6.51561e-24
0.000712429	7.10652e-24
0.000722826	7.75102e-24
0.000733374	8.45396e-24
0.000744076	9.22063e-24
0.000754934	1.00568e-23
0.00076595	1.09688e-23
0.000777128	1.19635e-23
0.000788468	1.30484e-23
0.000799974	1.42316e-23
0.000811648	1.55221e-23
0.000823492	1.69296e-23
0.000835509	1.84647e-23
0.000847702	2.0139e-23
0.000860072	2.1965e-23
0.000872623	2.39566e-23
0.000885357	2.61287e-23
0.000898277	2.84977e-23
0.000911385	3.10815e-23
0.000924685	3.38994e-23
0.000938179	3.69728e-23
0.000951869	4.03247e-23
0.00096576	4.39804e-23
0.000979853	4.79674e-23
0.000994152	5.23158e-23
0.00100866	5.70583e-23
0.00102338	6.22306e-23
0.00103831	6.78716e-23
0.00105346	7.40239e-23
0.00106884	8.07336e-23
0.00108443	8.80513e-23
0.00110026	9.60321e-23
0.00111632	1.04736e-22
0.00113261	1.14229e-22
0.00114913	1.24581e-22
0.0011659	1.35872e-22
0.00118292	1.48186e-22
0.00120018	1.61615e-22
0.00121769	1.76261e-22
0.00123546	1.92234e-22
0.00125349	2.09653e-22
0.00127178	2.28651e-22
0.00129034	2.49369e-22
0.00130917	2.71964e-22
0.00132828	2.96606e-22
0.00134766	3.2348e-22
0.00136733	3.52787e-22
0.00138728	3.84749e-22
0.00140752	4.19606e-22
0.00142806	4.57619e-22
0.0014489	4.99075e-22
0.00147005	5.44284e-22
0.0014915	5.93587e-22
0.00151326	6.47355e-22
0.00153535	7.05991e-22
0.00155775	7.69936e-22
0.00158048	8.3967e-22
0.00160355	9.15717e-22
0.00162695	9.98649e-22
0.00165069	1.08909e-21
0.00167478	1.18771e-21
0.00169922	1.29527e-21
0.00172401	1.41255e-21
0.00174917	1.54046e-21
0.0017747	1.67994e-21
0.00180059	1.83204e-21
0.00182687	1.99791e-21
0.00185353	2.17879e-21
0.00188058	2.37603e-21
0.00190802	2.59112e-21
0.00193586	2.82568e-21
0.00196411	3.08145e-21
0.00199277	3.36037e-21
0.00202185	3.66451e-21
0.00205136	3.99617e-21
0.00208129	4.35783e-21
0.00211167	4.7522e-21
0.00214248	5.18225e-21
0.00217375	5.65118e-21
0.00220547	6.16253e-21
0.00223765	6.72011e-21
0.0022703	7.32812e-21
0.00230343	7.9911e-21
0.00233705	8.71403e-21
0.00237115	9.50231e-21
0.00240575	1.03619e-20
0.00244086	1.12991e-20
0.00247648	1.23211e-20
0.00251262	1.34354e-20
0.00254928	1.46505e-20
0.00258649	1.59753e-20
0.00262423	1.74199e-20
0.00266253	1.89951e-20
0.00270138	2.07125e-20
0.0027408	2.25852e-20
0.0027808	2.4627e-20
0.00282138	2.68532e-20
0.00286255	2.92806e-20
0.00290432	3.19272e-20
0.0029467	3.48129e-20
0.0029897	3.79591e-20
0.00303333	4.13895e-20
0.0030776	4.51296e-20
0.00312251	4.92074e-20
0.00316807	5.36534e-20
0.0032143	5.85008e-20
0.00326121	6.37856e-20
0.0033088	6.95475e-20
0.00335708	7.58295e-20
0.00340607	8.26783e-20
0.00345578	9.01452e-20
0.00350621	9.82858e-20
0.00355737	1.07161e-19
0.00360928	1.16836e-19
0.00366195	1.27385e-19
0.00371539	1.38885e-19
0.00376961	1.51422e-19
0.00382462	1.65089e-19
0.00388043	1.79989e-19
0.00393706	1.96233e-19
0.00399451	2.13941e-19
0.0040528	2.33244e-19
0.00411194	2.54288e-19
0.00417195	2.77229e-19
0.00423283	3.02236e-19
0.0042946	3.29497e-19
0.00435727	3.59215e-19
0.00442085	3.91609e-19
0.00448536	4.26921e-19
0.00455082	4.65413e-19
0.00461723	5.07372e-19
0.00468461	5.53108e-19
0.00475297	6.02963e-19
0.00482233	6.57306e-19
0.0048927	7.16539e-19
0.0049641	7.81104e-19
0.00503654	8.5148e-19
0.00511003	9.28187e-19
0.0051846	1.01179e-18
0.00526026	1.10292e-18
0.00533702	1.20225e-18
0.00541491	1.31051e-18
0.00549392	1.4285e-18
0.0055741	1.5571e-18
0.00565544	1.69726e-18
0.00573797	1.85001e-18
0.0058217	2.0165e-18
0.00590665	2.19794e-18
0.00599285	2.39569e-18
0.0060803	2.61119e-18
0.00616903	2.84606e-18
0.00625905	3.10201e-18
0.00635039	3.38094e-18
0.00644306	3.68491e-18
0.00653708	4.01617e-18
0.00663248	4.37715e-18
0.00672926	4.77052e-18
0.00682746	5.19918e-18
0.0069271	5.6663e-18
0.00702818	6.1753e-18
0.00713074	6.72994e-18
0.0072348	7.3343e-18
0.00734038	7.99283e-18
0.00744749	8.71038e-18
0.00755617	9.49222e-18
0.00766644	1.03441e-17
0.00777831	1.12723e-17
0.00789182	1.22836e-17
0.00800698	1.33854e-17
0.00812383	1.45859e-17
0.00824238	1.58938e-17
0.00836266	1.73187e-17
0.00848469	1.88711e-17
0.00860851	2.05623e-17
0.00873413	2.24048e-17
0.00886159	2.4412e-17
0.0089909	2.65986e-17
0.0091221	2.89806e-17
0.00925522	3.15754e-17
0.00939028	3.44019e-17
0.00952731	3.74809e-17
0.00966634	4.08348e-17
0.0098074	4.44881e-17
0.00995052	4.84673e-17
0.0100957	5.28016e-17
0.010243	5.75224e-17
0.0103925	6.26643e-17
0.0105442	6.82645e-17
0.010698	7.43638e-17
0.0108542	8.10066e-17
0.0110126	8.82412e-17
0.0111733	9.612e-17
0.0113363	1.047e-16
0.0115017	1.14044e-16
0.0116696	1.2422e-16
0.0118399	1.353e-16
0.0120126	1.47366e-16
0.0121879	1.60505e-16
0.0123658	1.74812e-16
0.0125463	1.9039e-16
0.0127293	2.07351e-16
0.0129151	2.25819e-16
0.0131036	2.45926e-16
0.0132948	2.67817e-16
0.0134888	2.91651e-16
0.0136856	3.17599e-16
0.0138853	3.45847e-16
0.014088	3.76598e-16
0.0142936	4.10074e-16
0.0145021	4.46516e-16
0.0147138	4.86183e-16
0.0149285	5.29362e-16
0.0151463	5.76361e-16
0.0153674	6.27517e-16
0.0155916	6.83196e-16
0.0158191	7.43796e-16
0.01605	8.0975e-16
0.0162842	8.81529e-16
0.0165218	9.59644e-16
0.0167629	1.04465e-15
0.0170075	1.13716e-15
0.0172557	1.23783e-15
0.0175075	1.34737e-15
0.017763	1.46656e-15
0.0180222	1.59624e-15
0.0182852	1.73735e-15
0.0185521	1.89087e-15
0.0188228	2.0579e-15
0.0190975	2.23961e-15
0.0193762	2.43729e-15
0.0196589	2.65233e-15
0.0199458	2.88626e-15
0.0202368	3.14072e-15
0.0205322	3.4175e-15
0.0208318	3.71855e-15
0.0211358	4.04599e-15
0.0214442	4.40211e-15
0.0217571	4.78941e-15
0.0220746	5.21061e-15
0.0223968	5.66865e-15
0.0227236	6.16673e-15
0.0230552	6.70834e-15
0.0233916	7.29726e-15
0.023733	7.93758e-15
0.0240793	8.63377e-15
0.0244307	9.39067e-15
0.0247872	1.02135e-14
0.0251489	1.11081e-14
0.0255159	1.20805e-14
0.0258883	1.31375e-14
0.0262661	1.42865e-14
0.0266494	1.55353e-14
0.0270382	1.68925e-14
0.0274328	1.83676e-14
0.0278331	1.99707e-14
0.0282393	2.17128e-14
0.0286514	2.36058e-14
0.0290695	2.56627e-14
0.0294937	2.78977e-14
0.0299241	3.03259e-14
0.0303608	3.2964e-14
0.0308038	3.583e-14
0.0312533	3.89434e-14
0.0317094	4.23254e-14
0.0321721	4.59989e-14
0.0326416	4.99889e-14
0.0331179	5.43224e-14
0.0336012	5.90287e-14
0.0340916	6.41395e-14
0.0345891	6.96894e-14
0.0350938	7.57158e-14
0.0356059	8.22591e-14
0.0361255	8.93633e-14
0.0366527	9.7076e-14
0.0371876	1.05449e-13
0.0377302	1.14538e-13
0.0382808	1.24404e-13
0.0388394	1.35112e-13
0.0394062	1.46734e-13
0.0399813	1.59346e-13
0.0405647	1.73034e-13
0.0411567	1.87886e-13
0.0417572	2.04001e-13
0.0423666	2.21487e-13
0.0429848	2.40456e-13
0.0436121	2.61035e-13
0.0442485	2.83359e-13
0.0448943	3.07573e-13
0.0455494	3.33836e-13
0.0462141	3.62319e-13
0.0468885	3.93208e-13
0.0475727	4.26704e-13
0.0482669	4.63024e-13
0.0489713	5.02404e-13
0.0496859	5.45097e-13
0.050411	5.9138e-13
0.0511466	6.41551e-13
0.051893	6.95932e-13
0.0526502	7.54872e-13
0.0534186	8.18748e-13
0.0541981	8.87969e-13
0.054989	9.62976e-13
0.0557914	1.04425e-12
0.0566056	1.1323e-12
0.0574316	1.22768e-12
0.0582697	1.33101e-12
0.05912	1.44293e-12
0.0599827	1.56414e-12
0.0608581	1.69542e-12
0.0617462	1.83757e-12
0.0626472	1.9915e-12
0.0635614	2.15816e-12
0.0644889	2.33859e-12
0.06543	2.5339e-12
0.0663848	2.74532e-12
0.0673536	2.97414e-12
0.0683364	3.22178e-12
0.0693337	3.48977e-12
0.0703454	3.77974e-12
0.071372	4.09348e-12
0.0724135	4.43291e-12
0.0734702	4.80008e-12
0.0745423	5.19723e-12
0.0756301	5.62678e-12
0.0767338	6.09132e-12
0.0778535	6.59366e-12
0.0789896	7.13681e-12
0.0801423	7.72405e-12
0.0813118	8.35888e-12
0.0824984	9.0451e-12
0.0837023	9.7868e-12
0.0849237	1.05884e-11
0.086163	1.14546e-11
0.0874204	1.23906e-11
0.0886961	1.34018e-11
0.0899904	1.44943e-11
0.0913036	1.56744e-11
0.092636	1.6949e-11
0.0939878	1.83256e-11
0.0953594	1.98121e-11
0.0967509	2.14172e-11
0.0981628	2.31502e-11
0.0995953	2.5021e-11
0.101049	2.70405e-11
0.102523	2.92201e-11
0.104019	3.15724e-11
0.105537	3.41107e-11
0.107077	3.68495e-11
0.10864	3.98044e-11
0.110225	4.29919e-11
0.111834	4.64301e-11
0.113466	5.01383e-11
0.115121	5.41372e-11
0.116801	5.84492e-11
0.118506	6.30983e-11
0.120235	6.81103e-11
0.12199	7.35129e-11
0.12377	7.9336e-11
0.125576	8.56115e-11
0.127409	9.2374e-11
0.129268	9.96603e-11
0.131154	1.0751e-10
0.133068	1.15966e-10
0.13501	1.25075e-10
0.13698	1.34884e-10
0.138979	1.45448e-10
0.141007	1.56822e-10
0.143065	1.69068e-10
0.145153	1.82251e-10
0.147271	1.96441e-10
0.14942	2.11714e-10
0.1516	2.28149e-10
0.153813	2.45834e-10
0.156057	2.64862e-10
0.158335	2.85332e-10
0.160645	3.07352e-10
0.162989	3.31034e-10
0.165368	3.56504e-10
0.167781	3.83892e-10
0.170229	4.13339e-10
0.172713	4.44998e-10
0.175234	4.79029e-10
0.177791	5.15608e-10
0.180385	5.5492e-10
0.183018	5.97165e-10
0.185689	6.42557e-10
0.188398	6.91325e-10
0.191148	7.43715e-10
0.193937	7.99989e-10
0.196767	8.60429e-10
0.199638	9.25336e-10
0.202552	9.95033e-10
0.205507	1.06987e-09
0.208506	1.1502e-09
0.211549	1.23644e-09
0.214636	1.32901e-09
0.217768	1.42835e-09
0.220946	1.53496e-09
0.22417	1.64936e-09
0.227442	1.77209e-09
0.230761	1.90376e-09
0.234128	2.04499e-09
0.237545	2.19648e-09
0.241011	2.35895e-09
0.244528	2.53318e-09
0.248097	2.71999e-09
0.251717	2.92029e-09
0.25539	3.13502e-09
0.259117	3.3652e-09
0.262898	3.61191e-09
0.266735	3.87633e-09
0.270627	4.15969e-09
0.274576	4.46333e-09
0.278583	4.78866e-09
0.282649	5.1372e-09
0.286773	5.51057e-09
0.290958	5.91051e-09
0.295204	6.33887e-09
0.299512	6.79763e-09
0.303882	7.2889e-09
0.308317	7.81494e-09
0.312816	8.37816e-09
0.317381	8.98114e-09
0.322013	9.62664e-09
0.326712	1.03176e-08
0.331479	1.10571e-08
0.336316	1.18486e-08
0.341224	1.26957e-08
0.346204	1.36021e-08
0.351256	1.45719e-08
0.356382	1.56096e-08
0.361582	1.67198e-08
0.366859	1.79074e-08
0.372212	1.91778e-08
0.377644	2.05367e-08
0.383155	2.19901e-08
0.388746	2.35446e-08
0.394419	2.5207e-08
0.400175	2.69848e-08
0.406014	2.88858e-08
0.411939	3.09186e-08
0.41795	3.30921e-08
0.42405	3.5416e-08
0.430238	3.79005e-08
0.436516	4.05567e-08
0.442886	4.33964e-08
0.449349	4.64321e-08
0.455906	4.96772e-08
0.462559	5.3146e-08
0.469309	5.6854e-08
0.476158	6.08174e-08
0.483106	6.50538e-08
0.490156	6.9582e-08
0.497309	7.44218e-08
0.504566	7.95947e-08
0.511929	8.51236e-08
0.519399	9.10329e-08
0.526979	9.73488e-08
0.534669	1.04099e-07
0.542471	1.11314e-07
0.550388	1.19025e-07
0.558419	1.27267e-07
0.566568	1.36077e-07
0.574836	1.45493e-07
0.583224	1.55557e-07
0.591735	1.66315e-07
0.60037	1.77815e-07
0.609132	1.90108e-07
0.61802	2.03249e-07
0.627039	2.17299e-07
0.636189	2.32319e-07
0.645473	2.48378e-07
0.654892	2.65549e-07
0.664449	2.8391e-07
0.674145	3.03544e-07
0.683983	3.24541e-07
0.693964	3.46998e-07
0.704091	3.71018e-07
0.714366	3.9671e-07
0.72479	4.24194e-07
0.735367	4.53598e-07
0.746098	4.85057e-07
0.756986	5.18718e-07
0.768032	5.54738e-07
0.77924	5.93287e-07
0.790611	6.34544e-07
0.802149	6.78705e-07
0.813854	7.25977e-07
0.825731	7.76586e-07
0.83778	8.3077e-07
0.850006	8.88789e-07
0.86241	9.5092e-07
0.874995	1.01746e-06
0.887764	1.08873e-06
0.900719	1.16507e-06
0.913863	1.24685e-06
0.927198	1.33447e-06
0.940729	1.42835e-06
0.954457	1.52895e-06
0.968385	1.63676e-06
0.982516	1.75231e-06
0.996854	1.87617e-06
1.0114	2.00895e-06
1.02616	2.15131e-06
1.04113	2.30394e-06
1.05633	2.46761e-06
1.07174	2.64314e-06
1.08738	2.8314e-06
1.10325	3.03334e-06
1.11935	3.24996e-06
1.13568	3.48238e-06
1.15226	3.73175e-06
1.16907	3.99935e-06
1.18613	4.28654e-06
1.20344	4.59478e-06
1.221	4.92565e-06
1.23882	5.28085e-06
1.2569	5.6622e-06
1.27524	6.07167e-06
1.29385	6.51138e-06
1.31273	6.9836e-06
1.33189	7.4908e-06
1.35132	8.03561e-06
1.37104	8.62089e-06
1.39105	9.24969e-06
1.41135	9.92531e-06
1.43194	1.06513e-05
1.45284	1.14315e-05
1.47404	1.22701e-05
1.49555	1.31714e-05
1.51738	1.41403e-05
1.53952	1.51818e-05
1.56198	1.63017e-05
1.58478	1.75058e-05
1.6079	1.88006e-05
1.63137	2.01931e-05
1.65517	2.16908e-05
1.67933	2.33016e-05
1.70383	2.50344e-05
1.7287	2.68985e-05
1.75392	2.89041e-05
1.77952	3.10619e-05
1.80549	3.33839e-05
1.83183	3.58827e-05
1.85857	3.8572e-05
1.88569	4.14665e-05
1.91321	4.45822e-05
1.94112	4.79361e-05
1.96945	5.15468e-05
1.99819	5.54343e-05
2.02735	5.96201e-05
2.05694	6.41274e-05
2.08695	6.89812e-05
2.11741	7.42085e-05
2.1483	7.98386e-05
2.17965	8.59027e-05
2.21146	9.24347e-05
2.24373	9.94713e-05
2.27648	0.000107052
2.3097	0.000115219
2.3434	0.000124017
2.3776	0.000133498
2.41229	0.000143713
2.4475	0.000154721
2.48321	0.000166583
2.51945	0.000179365
2.55621	0.00019314
2.59352	0.000207985
2.63136	0.000223984
2.66976	0.000241227
2.70872	0.00025981
2.74825	0.000279838
2.78835	0.000301424
2.82904	0.000324688
2.87033	0.000349761
2.91221	0.000376783
2.95471	0.000405907
2.99783	0.000437293
3.04158	0.000471119
3.08596	0.000507573
3.13099	0.000546856
3.17668	0.000589189
3.22304	0.000634806
3.27007	0.000683959
3.31779	0.000736921
3.36621	0.000793984
3.41533	0.000855462
3.46517	0.000921693
3.51574	0.00099304
3.56704	0.00106989
3.6191	0.00115267
3.67191	0.00124183
3.72549	0.00133785
3.77986	0.00144124
3.83502	0.00155258
3.89098	0.00167245
3.94776	0.0018015
4.00537	0.00194042
4.06382	0.00208995
4.12312	0.00225089
4.18329	0.00242408
4.24433	0.00261043
4.30627	0.00281093
4.36911	0.00302663
4.43287	0.00325863
4.49756	0.00350816
4.56319	0.00377649
4.62978	0.004065
4.69734	0.00437517
4.76589	0.00470857
4.83544	0.00506688
4.906	0.00545191
4.97759	0.00586558
5.05023	0.00630995
5.12392	0.0067872
5.1987	0.00729967
5.27456	0.00784987
5.35153	0.00844044
5.42962	0.00907422
5.50886	0.00975423
5.58925	0.0104837
5.67081	0.0112659
5.75356	0.0121047
5.83752	0.0130037
5.92271	0.0139671
6.00914	0.0149993
6.09683	0.0161047
6.1858	0.0172883
6.27607	0.0185551
6.36765	0.0199106
6.46058	0.0213605
6.55485	0.0229107
6.65051	0.0245677
6.74756	0.026338
6.84602	0.0282287
6.94592	0.0302469
7.04729	0.0324004
7.15013	0.0346972
7.25447	0.0371455
7.36033	0.0397539
7.46774	0.0425315
7.57671	0.0454875
7.68728	0.0486313
7.79946	0.0519729
7.91327	0.0555224
8.02875	0.05929
8.14591	0.0632861
8.26478	0.0675214
8.38539	0.0720065
8.50776	0.0767521
8.63191	0.0817688
8.75787	0.0870671
8.88567	0.0926572
9.01534	0.0985489
9.1469	0.104752
9.28038	0.111274
9.4158	0.118124
9.55321	0.125309
9.69262	0.132835
9.83406	0.140705
9.97757	0.148924
10.1232	0.157493
10.2709	0.166409
10.4208	0.175671
10.5728	0.185272
10.7271	0.195203
10.8837	0.205452
11.0425	0.216002
11.2036	0.226834
11.3671	0.237923
11.533	0.24924
11.7013	0.260749
11.8721	0.272409
12.0453	0.284176
12.2211	0.295994
12.3994	0.307805
12.5804	0.319541
12.7639	0.331127
12.9502	0.342481
13.1392	0.353513
13.3309	0.364123
13.5255	0.374206
13.7228	0.383648
13.9231	0.392325
14.1263	0.400108
14.3324	0.406862
14.5416	0.412443
14.7538	0.416705
14.9691	0.419496
15.1875	0.420662
15.4091	0.42005
15.634	0.417507
15.8621	0.412882
16.0936	0.406033
16.3285	0.396828
16.5667	0.385143
16.8085	0.370875
17.0538	0.353939
17.3026	0.334273
17.5551	0.311845
17.8113	0.286655
18.0712	0.258741
18.3349	0.228182
18.6025	0.195103
18.874	0.15968
19.1494	0.122143
19.4288	0.0827765
19.7123	0.0419271
