2.72331e-06	4.44098e-15
5.44662e-06	3.55278e-14
8.16993e-06	1.19906e-13
1.08932e-05	2.8422e-13
1.36166e-05	5.55114e-13
1.63399e-05	9.59229e-13
1.90632e-05	1.52321e-12
2.17865e-05	2.27368e-12
2.45098e-05	3.23729e-12
2.72331e-05	4.44066e-12
2.99564e-05	5.91043e-12
3.26797e-05	7.67321e-12
3.54031e-05	9.75564e-12
3.81264e-05	1.21843e-11
4.08497e-05	1.49859e-11
4.3573e-05	1.81869e-11
4.62963e-05	2.18139e-11
4.90196e-05	2.58937e-11
5.17429e-05	3.04527e-11
5.44662e-05	3.55175e-11
5.71895e-05	4.11148e-11
5.99129e-05	4.7271e-11
6.26362e-05	5.40128e-11
6.53595e-05	6.13666e-11
6.80828e-05	6.93592e-11
7.08061e-05	7.80169e-11
7.35294e-05	8.73664e-11
7.62527e-05	9.74341e-11
7.8976e-05	1.08247e-10
8.16993e-05	1.1983e-10
8.44227e-05	1.32212e-10
8.7146e-05	1.45418e-10
8.98693e-05	1.59475e-10
9.25926e-05	1.74409e-10
9.53159e-05	1.90247e-10
9.80392e-05	2.07015e-10
0.000100763	2.2474e-10
0.000103486	2.43448e-10
0.000106209	2.63166e-10
0.000108932	2.8392e-10
0.000111656	3.05736e-10
0.000114379	3.28642e-10
0.000117102	3.52663e-10
0.000119826	3.77826e-10
0.000122549	4.04158e-10
0.000125272	4.31684e-10
0.000127996	4.60432e-10
0.000130719	4.90428e-10
0.000133442	5.21697e-10
0.000136166	5.54267e-10
0.000138889	5.88165e-10
0.000141612	6.23415e-10
0.000144336	6.60046e-10
0.000147059	6.98082e-10
0.000149782	7.37551e-10
0.000152505	7.7848e-10
0.000155229	8.20893e-10
0.000157952	8.64818e-10
0.000160675	9.10282e-10
0.000163399	9.57309e-10
0.000166122	1.00593e-09
0.000168845	1.05616e-09
0.000171569	1.10804e-09
0.000174292	1.16159e-09
0.000177015	1.21684e-09
0.000179739	1.27381e-09
0.000182462	1.33252e-09
0.000185185	1.39301e-09
0.000187888	1.45482e-09
0.000190629	1.51937e-09
0.000193411	1.58678e-09
0.000196234	1.65718e-09
0.000199097	1.73071e-09
0.000202003	1.80749e-09
0.00020495	1.88768e-09
0.000207941	1.97142e-09
0.000210976	2.05888e-09
0.000214054	2.15022e-09
0.000217178	2.2456e-09
0.000220347	2.34522e-09
0.000223563	2.44925e-09
0.000226825	2.5579e-09
0.000230135	2.67136e-09
0.000233493	2.78985e-09
0.000236901	2.9136e-09
0.000240358	3.04283e-09
0.000243865	3.17779e-09
0.000247424	3.31873e-09
0.000251035	3.46592e-09
0.000254698	3.61964e-09
0.000258415	3.78017e-09
0.000262186	3.94781e-09
0.000266012	4.12289e-09
0.000269894	4.30572e-09
0.000273832	4.49666e-09
0.000277828	4.69606e-09
0.000281882	4.9043e-09
0.000285996	5.12177e-09
0.000290169	5.34887e-09
0.000294404	5.58604e-09
0.0002987	5.83372e-09
0.000303059	6.09237e-09
0.000307481	6.36248e-09
0.000311968	6.64456e-09
0.000316521	6.93914e-09
0.00032114	7.24677e-09
0.000325826	7.56803e-09
0.000330581	7.90351e-09
0.000335405	8.25387e-09
0.000340299	8.61974e-09
0.000345265	9.00182e-09
0.000350304	9.40082e-09
0.000355415	9.81749e-09
0.000360602	1.02526e-08
0.000365864	1.0707e-08
0.000371203	1.11815e-08
0.00037662	1.16771e-08
0.000382116	1.21946e-08
0.000387692	1.2735e-08
0.00039335	1.32993e-08
0.00039909	1.38886e-08
0.000404914	1.4504e-08
0.000410822	1.51466e-08
0.000416817	1.58177e-08
0.0004229	1.65185e-08
0.000429071	1.72504e-08
0.000435333	1.80146e-08
0.000441685	1.88126e-08
0.000448131	1.9646e-08
0.00045467	2.05162e-08
0.000461305	2.1425e-08
0.000468037	2.23739e-08
0.000474867	2.33649e-08
0.000481797	2.43997e-08
0.000488827	2.54803e-08
0.000495961	2.66087e-08
0.000503198	2.7787e-08
0.000510541	2.90175e-08
0.000517991	3.03023e-08
0.00052555	3.1644e-08
0.00053322	3.30451e-08
0.000541001	3.45081e-08
0.000548896	3.60358e-08
0.000556905	3.76311e-08
0.000565032	3.92969e-08
0.000573278	4.10363e-08
0.000581643	4.28527e-08
0.000590131	4.47493e-08
0.000598743	4.67298e-08
0.00060748	4.87978e-08
0.000616345	5.09573e-08
0.000625339	5.32121e-08
0.000634465	5.55667e-08
0.000643723	5.80252e-08
0.000653117	6.05924e-08
0.000662648	6.3273e-08
0.000672318	6.60721e-08
0.000682129	6.89948e-08
0.000692083	7.20466e-08
0.000702182	7.52332e-08
0.000712429	7.85605e-08
0.000722826	8.20347e-08
0.000733374	8.56624e-08
0.000744076	8.94503e-08
0.000754934	9.34053e-08
0.00076595	9.7535e-08
0.000777128	1.01847e-07
0.000788468	1.06349e-07
0.000799974	1.1105e-07
0.000811648	1.15959e-07
0.000823492	1.21084e-07
0.000835509	1.26435e-07
0.000847702	1.32022e-07
0.000860072	1.37856e-07
0.000872623	1.43947e-07
0.000885357	1.50306e-07
0.000898277	1.56946e-07
0.000911385	1.63879e-07
0.000924685	1.71117e-07
0.000938179	1.78675e-07
0.000951869	1.86566e-07
0.00096576	1.94804e-07
0.000979853	2.03406e-07
0.000994152	2.12386e-07
0.00100866	2.21762e-07
0.00102338	2.31552e-07
0.00103831	2.41772e-07
0.00105346	2.52443e-07
0.00106884	2.63583e-07
0.00108443	2.75214e-07
0.00110026	2.87357e-07
0.00111632	3.00035e-07
0.00113261	3.13271e-07
0.00114913	3.27089e-07
0.0011659	3.41515e-07
0.00118292	3.56576e-07
0.00120018	3.72299e-07
0.00121769	3.88714e-07
0.00123546	4.05851e-07
0.00125349	4.23741e-07
0.00127178	4.42418e-07
0.00129034	4.61916e-07
0.00130917	4.8227e-07
0.00132828	5.0352e-07
0.00134766	5.25703e-07
0.00136733	5.4886e-07
0.00138728	5.73035e-07
0.00140752	5.98271e-07
0.00142806	6.24615e-07
0.0014489	6.52116e-07
0.00147005	6.80824e-07
0.0014915	7.10792e-07
0.00151326	7.42075e-07
0.00153535	7.7473e-07
0.00155775	8.08818e-07
0.00158048	8.444e-07
0.00160355	8.81543e-07
0.00162695	9.20313e-07
0.00165069	9.60784e-07
0.00167478	1.00303e-06
0.00169922	1.04712e-06
0.00172401	1.09315e-06
0.00174917	1.14119e-06
0.0017747	1.19133e-06
0.00180059	1.24367e-06
0.00182687	1.2983e-06
0.00185353	1.35533e-06
0.00188058	1.41484e-06
0.00190802	1.47696e-06
0.00193586	1.5418e-06
0.00196411	1.60947e-06
0.00199277	1.68009e-06
0.00202185	1.75381e-06
0.00205136	1.83074e-06
0.00208129	1.91103e-06
0.00211167	1.99483e-06
0.00214248	2.08229e-06
0.00217375	2.17357e-06
0.00220547	2.26882e-06
0.00223765	2.36824e-06
0.0022703	2.47198e-06
0.00230343	2.58025e-06
0.00233705	2.69324e-06
0.00237115	2.81116e-06
0.00240575	2.93421e-06
0.00244086	3.06261e-06
0.00247648	3.19661e-06
0.00251262	3.33644e-06
0.00254928	3.48236e-06
0.00258649	3.63462e-06
0.00262423	3.7935e-06
0.00266253	3.95928e-06
0.00270138	4.13228e-06
0.0027408	4.31278e-06
0.0027808	4.50113e-06
0.00282138	4.69765e-06
0.00286255	4.9027e-06
0.00290432	5.11664e-06
0.0029467	5.33987e-06
0.0029897	5.57277e-06
0.00303333	5.81576e-06
0.0030776	6.06928e-06
0.00312251	6.33378e-06
0.00316807	6.60973e-06
0.0032143	6.89762e-06
0.00326121	7.19797e-06
0.0033088	7.5113e-06
0.00335708	7.83817e-06
0.00340607	8.17916e-06
0.00345578	8.53488e-06
0.00350621	8.90596e-06
0.00355737	9.29305e-06
0.00360928	9.69683e-06
0.00366195	1.0118e-05
0.00371539	1.05574e-05
0.00376961	1.10156e-05
0.00382462	1.14936e-05
0.00388043	1.19922e-05
0.00393706	1.25122e-05
0.00399451	1.30546e-05
0.0040528	1.36203e-05
0.00411194	1.42103e-05
0.00417195	1.48256e-05
0.00423283	1.54673e-05
0.0042946	1.61365e-05
0.00435727	1.68344e-05
0.00442085	1.75623e-05
0.00448536	1.83212e-05
0.00455082	1.91127e-05
0.00461723	1.9938e-05
0.00468461	2.07987e-05
0.00475297	2.1696e-05
0.00482233	2.26317e-05
0.0048927	2.36074e-05
0.0049641	2.46246e-05
0.00503654	2.56852e-05
0.00511003	2.6791e-05
0.0051846	2.79438e-05
0.00526026	2.91457e-05
0.00533702	3.03988e-05
0.00541491	3.1705e-05
0.00549392	3.30667e-05
0.0055741	3.44862e-05
0.00565544	3.59659e-05
0.00573797	3.75083e-05
0.0058217	3.91161e-05
0.00590665	4.07918e-05
0.00599285	4.25384e-05
0.0060803	4.43589e-05
0.00616903	4.62561e-05
0.00625905	4.82335e-05
0.00635039	5.02942e-05
0.00644306	5.24417e-05
0.00653708	5.46796e-05
0.00663248	5.70116e-05
0.00672926	5.94417e-05
0.00682746	6.19738e-05
0.0069271	6.46121e-05
0.00702818	6.7361e-05
0.00713074	7.02251e-05
0.0072348	7.3209e-05
0.00734038	7.63177e-05
0.00744749	7.95562e-05
0.00755617	8.29299e-05
0.00766644	8.64442e-05
0.00777831	9.0105e-05
0.00789182	9.39181e-05
0.00800698	9.78897e-05
0.00812383	0.000102026
0.00824238	0.000106334
0.00836266	0.000110821
0.00848469	0.000115494
0.00860851	0.00012036
0.00873413	0.000125427
0.00886159	0.000130703
0.0089909	0.000136196
0.0091221	0.000141916
0.00925522	0.000147871
0.00939028	0.000154071
0.00952731	0.000160525
0.00966634	0.000167244
0.0098074	0.000174237
0.00995052	0.000181517
0.0100957	0.000189094
0.010243	0.000196981
0.0103925	0.000205188
0.0105442	0.000213729
0.010698	0.000222618
0.0108542	0.000231866
0.0110126	0.00024149
0.0111733	0.000251503
0.0113363	0.000261921
0.0115017	0.000272759
0.0116696	0.000284033
0.0118399	0.000295761
0.0120126	0.000307961
0.0121879	0.000320649
0.0123658	0.000333845
0.0125463	0.00034757
0.0127293	0.000361841
0.0129151	0.000376682
0.0131036	0.000392113
0.0132948	0.000408157
0.0134888	0.000424837
0.0136856	0.000442177
0.0138853	0.000460202
0.014088	0.000478939
0.0142936	0.000498412
0.0145021	0.000518651
0.0147138	0.000539684
0.0149285	0.00056154
0.0151463	0.00058425
0.0153674	0.000607845
0.0155916	0.000632359
0.0158191	0.000657824
0.01605	0.000684277
0.0162842	0.000711752
0.0165218	0.000740287
0.0167629	0.000769921
0.0170075	0.000800694
0.0172557	0.000832646
0.0175075	0.00086582
0.017763	0.000900259
0.0180222	0.000936009
0.0182852	0.000973117
0.0185521	0.00101163
0.0188228	0.0010516
0.0190975	0.00109307
0.0193762	0.00113611
0.0196589	0.00118075
0.0199458	0.00122707
0.0202368	0.00127511
0.0205322	0.00132494
0.0208318	0.00137662
0.0211358	0.00143021
0.0214442	0.00148577
0.0217571	0.00154337
0.0220746	0.00160309
0.0223968	0.00166499
0.0227236	0.00172914
0.0230552	0.00179562
0.0233916	0.0018645
0.023733	0.00193587
0.0240793	0.00200981
0.0244307	0.00208639
0.0247872	0.00216571
0.0251489	0.00224784
0.0255159	0.00233289
0.0258883	0.00242094
0.0262661	0.00251209
0.0266494	0.00260643
0.0270382	0.00270406
0.0274328	0.00280509
0.0278331	0.00290961
0.0282393	0.00301774
0.0286514	0.00312958
0.0290695	0.00324525
0.0294937	0.00336485
0.0299241	0.00348851
0.0303608	0.00361633
0.0308038	0.00374845
0.0312533	0.00388498
0.0317094	0.00402605
0.0321721	0.00417179
0.0326416	0.00432233
0.0331179	0.0044778
0.0336012	0.00463833
0.0340916	0.00480407
0.0345891	0.00497515
0.0350938	0.00515171
0.0356059	0.0053339
0.0361255	0.00552186
0.0366527	0.00571574
0.0371876	0.00591569
0.0377302	0.00612186
0.0382808	0.00633441
0.0388394	0.00655348
0.0394062	0.00677923
0.0399813	0.00701183
0.0405647	0.00725142
0.0411567	0.00749817
0.0417572	0.00775224
0.0423666	0.00801379
0.0429848	0.00828298
0.0436121	0.00855997
0.0442485	0.00884492
0.0448943	0.009138
0.0455494	0.00943936
0.0462141	0.00974917
0.0468885	0.0100676
0.0475727	0.0103948
0.0482669	0.0107309
0.0489713	0.0110761
0.0496859	0.0114305
0.050411	0.0117943
0.0511466	0.0121676
0.051893	0.0125506
0.0526502	0.0129434
0.0534186	0.0133461
0.0541981	0.013759
0.054989	0.014182
0.0557914	0.0146154
0.0566056	0.0150593
0.0574316	0.0155137
0.0582697	0.0159787
0.05912	0.0164546
0.0599827	0.0169412
0.0608581	0.0174388
0.0617462	0.0179474
0.0626472	0.0184671
0.0635614	0.0189979
0.0644889	0.0195398
0.06543	0.0200928
0.0663848	0.0206571
0.0673536	0.0212326
0.0683364	0.0218192
0.0693337	0.022417
0.0703454	0.0230259
0.071372	0.0236458
0.0724135	0.0242767
0.0734702	0.0249185
0.0745423	0.0255711
0.0756301	0.0262343
0.0767338	0.026908
0.0778535	0.027592
0.0789896	0.0282861
0.0801423	0.0289901
0.0813118	0.0297038
0.0824984	0.0304268
0.0837023	0.031159
0.0849237	0.0319
0.086163	0.0326494
0.0874204	0.0334069
0.0886961	0.034172
0.0899904	0.0349444
0.0913036	0.0357236
0.092636	0.0365091
0.0939878	0.0373004
0.0953594	0.0380968
0.0967509	0.038898
0.0981628	0.0397031
0.0995953	0.0405115
0.101049	0.0413227
0.102523	0.0421357
0.104019	0.0429499
0.105537	0.0437645
0.107077	0.0445787
0.10864	0.0453915
0.110225	0.046202
0.111834	0.0470094
0.113466	0.0478125
0.115121	0.0486105
0.116801	0.0494021
0.118506	0.0501864
0.120235	0.0509622
0.12199	0.0517283
0.12377	0.0524835
0.125576	0.0532265
0.127409	0.0539561
0.129268	0.0546709
0.131154	0.0553697
0.133068	0.0560509
0.13501	0.0567132
0.13698	0.0573551
0.138979	0.0579752
0.141007	0.0585719
0.143065	0.0591437
0.145153	0.0596891
0.147271	0.0602064
0.14942	0.060694
0.1516	0.0611504
0.153813	0.0615738
0.156057	0.0619627
0.158335	0.0623153
0.160645	0.06263
0.162989	0.062905
0.165368	0.0631387
0.167781	0.0633295
0.170229	0.0634755
0.172713	0.0635752
0.175234	0.0636268
0.177791	0.0636287
0.180385	0.0635793
0.183018	0.0634769
0.185689	0.06332
0.188398	0.0631069
0.191148	0.0628362
0.193937	0.0625063
0.196767	0.0621159
0.199638	0.0616634
0.202552	0.0611476
0.205507	0.0605671
0.208506	0.0599207
0.211549	0.0592073
0.214636	0.0584258
0.217768	0.0575751
0.220946	0.0566542
0.22417	0.0556624
0.227442	0.0545989
0.230761	0.0534629
0.234128	0.052254
0.237545	0.0509716
0.241011	0.0496154
0.244528	0.0481851
0.248097	0.0466807
0.251717	0.045102
0.25539	0.0434493
0.259117	0.0417227
0.262898	0.0399227
0.266735	0.0380498
0.270627	0.0361046
0.274576	0.034088
0.278583	0.0320008
0.282649	0.0298442
0.286773	0.0276196
0.290958	0.0253281
0.295204	0.0229716
0.299512	0.0205516
0.303882	0.0180702
0.308317	0.0155293
0.312816	0.0129312
0.317381	0.0102783
0.322013	0.00757306
0.326712	0.00481833
0.331479	0.00201694
0.336316	-0.000828048
0.341224	-0.00371343
0.346204	-0.00663582
0.351256	-0.00959172
0.356382	-0.0125774
0.361582	-0.0155891
0.366859	-0.0186228
0.372212	-0.0216744
0.377644	-0.0247397
0.383155	-0.0278142
0.388746	-0.0308935
0.394419	-0.0339729
0.400175	-0.0370478
0.406014	-0.0401134
0.411939	-0.0431646
0.41795	-0.0461965
0.42405	-0.0492041
0.430238	-0.0521822
0.436516	-0.0551256
0.442886	-0.0580291
0.449349	-0.0608874
0.455906	-0.0636952
0.462559	-0.0664473
0.469309	-0.0691383
0.476158	-0.0717629
0.483106	-0.0743158
0.490156	-0.0767919
0.497309	-0.0791859
0.504566	-0.0814927
0.511929	-0.0837072
0.519399	-0.0858244
0.526979	-0.0878395
0.534669	-0.0897477
0.542471	-0.0915443
0.550388	-0.0932249
0.558419	-0.094785
0.566568	-0.0962204
0.574836	-0.0975272
0.583224	-0.0987014
0.591735	-0.0997395
0.60037	-0.100638
0.609132	-0.101393
0.61802	-0.102003
0.627039	-0.102464
0.636189	-0.102774
0.645473	-0.10293
0.654892	-0.102931
0.664449	-0.102774
0.674145	-0.102459
0.683983	-0.101983
0.693964	-0.101346
0.704091	-0.100547
0.714366	-0.0995861
0.72479	-0.0984621
0.735367	-0.0971754
0.746098	-0.0957263
0.756986	-0.0941153
0.768032	-0.0923432
0.77924	-0.0904111
0.790611	-0.0883202
0.802149	-0.0860719
0.813854	-0.0836681
0.825731	-0.0811107
0.83778	-0.0784018
0.850006	-0.0755439
0.86241	-0.0725394
0.874995	-0.0693912
0.887764	-0.0661023
0.900719	-0.0626758
0.913863	-0.059115
0.927198	-0.0554233
0.940729	-0.0516045
0.954457	-0.0476622
0.968385	-0.0436004
0.982516	-0.0394232
0.996854	-0.0351347
1.0114	-0.0307392
1.02616	-0.0262409
1.04113	-0.0216445
1.05633	-0.0169544
1.07174	-0.0121752
1.08738	-0.00731163
1.10325	-0.00236836
1.11935	0.00264983
1.13568	0.00773816
1.15226	0.0128918
1.16907	0.018106
1.18613	0.0233759
1.20344	0.0286966
1.221	0.0340634
1.23882	0.0394714
1.2569	0.044916
1.27524	0.0503924
1.29385	0.0558959
1.31273	0.061422
1.33189	0.066966
1.35132	0.0725234
1.37104	0.0780899
1.39105	0.0836611
1.41135	0.0892327
1.43194	0.0948004
1.45284	0.10036
1.47404	0.105908
1.49555	0.11144
1.51738	0.116952
1.53952	0.122441
1.56198	0.127903
1.58478	0.133334
1.6079	0.138732
1.63137	0.144092
1.65517	0.149412
1.67933	0.154688
1.70383	0.159919
1.7287	0.1651
1.75392	0.17023
1.77952	0.175305
1.80549	0.180324
1.83183	0.185284
1.85857	0.190184
1.88569	0.195021
1.91321	0.199793
1.94112	0.2045
1.96945	0.209138
1.99819	0.213708
2.02735	0.218207
2.05694	0.222635
2.08695	0.22699
2.11741	0.231272
2.1483	0.235479
2.17965	0.239612
2.21146	0.243669
2.24373	0.24765
2.27648	0.251555
2.3097	0.255382
2.3434	0.259133
2.3776	0.262806
2.41229	0.266402
2.4475	0.26992
2.48321	0.27336
2.51945	0.276721
2.55621	0.280005
2.59352	0.283211
2.63136	0.286338
2.66976	0.289387
2.70872	0.292357
2.74825	0.295248
2.78835	0.298061
2.82904	0.300794
2.87033	0.303448
2.91221	0.306022
2.95471	0.308516
2.99783	0.310929
3.04158	0.313261
3.08596	0.315511
3.13099	0.317678
3.17668	0.319763
3.22304	0.321763
3.27007	0.323678
3.31779	0.325507
3.36621	0.327249
3.41533	0.328902
3.46517	0.330466
3.51574	0.331939
3.56704	0.333318
3.6191	0.334604
3.67191	0.335794
3.72549	0.336886
3.77986	0.337879
3.83502	0.33877
3.89098	0.339557
3.94776	0.340239
4.00537	0.340813
4.06382	0.341277
4.12312	0.341629
4.18329	0.341865
4.24433	0.341983
4.30627	0.341982
4.36911	0.341857
4.43287	0.341606
4.49756	0.341227
4.56319	0.340716
4.62978	0.340071
4.69734	0.339287
4.76589	0.338363
4.83544	0.337294
4.906	0.336078
4.97759	0.334711
5.05023	0.333189
5.12392	0.331509
5.1987	0.329667
5.27456	0.32766
5.35153	0.325483
5.42962	0.323133
5.50886	0.320606
5.58925	0.317898
5.67081	0.315004
5.75356	0.311921
5.83752	0.308643
5.92271	0.305168
6.00914	0.301489
6.09683	0.297604
6.1858	0.293506
6.27607	0.289192
6.36765	0.284656
6.46058	0.279895
6.55485	0.274903
6.65051	0.269675
6.74756	0.264207
6.84602	0.258494
6.94592	0.25253
7.04729	0.246312
7.15013	0.239835
7.25447	0.233093
7.36033	0.226083
7.46774	0.2188
7.57671	0.211241
7.68728	0.203401
7.79946	0.195276
7.91327	0.186865
8.02875	0.178163
8.14591	0.169169
8.26478	0.159881
8.38539	0.150298
8.50776	0.140419
8.63191	0.130245
8.75787	0.119777
8.88567	0.109017
9.01534	0.0979683
9.1469	0.0866354
9.28038	0.0750241
9.4158	0.0631416
9.55321	0.0509966
9.69262	0.0385996
9.83406	0.0259626
9.97757	0.0131001
10.1232	2.81829e-05
10.2709	-0.0132345
10.4208	-0.0266671
10.5728	-0.0402461
10.7271	-0.0539453
10.8837	-0.0677357
11.0425	-0.0815855
11.2036	-0.0954597
11.3671	-0.10932
11.533	-0.123125
11.7013	-0.136829
11.8721	-0.150385
12.0453	-0.163741
12.2211	-0.17684
12.3994	-0.189625
12.5804	-0.202033
12.7639	-0.213998
12.9502	-0.225452
13.1392	-0.236322
13.3309	-0.246533
13.5255	-0.256008
13.7228	-0.264668
13.9231	-0.27243
14.1263	-0.279214
14.3324	-0.284934
14.5416	-0.289508
14.7538	-0.292854
14.9691	-0.294889
15.1875	-0.295536
15.4091	-0.29472
15.634	-0.292369
15.8621	-0.28842
16.0936	-0.282815
16.3285	-0.275504
16.5667	-0.26645
16.8085	-0.255624
17.0538	-0.243012
17.3026	-0.228614
17.5551	-0.212447
17.8113	-0.194544
18.0712	-0.17496
18.3349	-0.153769
18.6025	-0.131068
18.874	-0.106977
19.1494	-0.0816415
19.4288	-0.0552316
19.7123	-0.0279437
