1.25e-05	4.48876e-09
2.5e-05	1.79547e-08
3.75e-05	4.03968e-08
5e-05	7.18134e-08
6.25e-05	1.12202e-07
7.5e-05	1.61562e-07
8.75e-05	2.19891e-07
0.0001	2.87186e-07
0.0001125	3.63448e-07
0.000125	4.48673e-07
0.0001375	5.42861e-07
0.00015	6.46009e-07
0.0001625	7.58116e-07
0.000175	8.7918e-07
0.0001875	1.0092e-06
0.0002	1.14817e-06
0.0002125	1.2961e-06
0.000225	1.45298e-06
0.0002375	1.6188e-06
0.00025	1.79357e-06
0.0002625	1.97729e-06
0.000275	2.16995e-06
0.0002875	2.37156e-06
0.0003	2.5821e-06
0.0003125	2.80158e-06
0.000325	3.03e-06
0.0003375	3.26736e-06
0.00035	3.51365e-06
0.0003625	3.76887e-06
0.000375	4.03302e-06
0.0003875	4.3061e-06
0.0004	4.58811e-06
0.0004125	4.87904e-06
0.000425	5.1789e-06
0.0004375	5.48767e-06
0.00045	5.80537e-06
0.0004625	6.13199e-06
0.000475	6.46752e-06
0.0004875	6.81197e-06
0.0005	7.16533e-06
0.0005125	7.52761e-06
0.000525	7.89879e-06
0.0005375	8.27889e-06
0.00055	8.66789e-06
0.0005625	9.06579e-06
0.000575	9.4726e-06
0.0005875	9.88832e-06
0.0006	1.03129e-05
0.0006125	1.07464e-05
0.000625	1.11888e-05
0.0006375	1.16401e-05
0.00065	1.21003e-05
0.0006625	1.25694e-05
0.000675	1.30474e-05
0.0006875	1.35343e-05
0.0007	1.403e-05
0.0007125	1.45347e-05
0.000725	1.50482e-05
0.0007375	1.55706e-05
0.00075	1.61019e-05
0.0007625	1.6642e-05
0.000775	1.71911e-05
0.0007875	1.7749e-05
0.0008	1.83158e-05
0.0008125	1.88914e-05
0.000825	1.9476e-05
0.0008375	2.00694e-05
0.00085	2.06716e-05
0.0008625	2.12828e-05
0.000875	2.19028e-05
0.0008875	2.25316e-05
0.0009	2.31693e-05
0.0009125	2.38159e-05
0.000925	2.44713e-05
0.0009375	2.51356e-05
0.00095	2.58088e-05
0.0009625	2.64908e-05
0.000975	2.71816e-05
0.0009875	2.78813e-05
0.001	2.85898e-05
0.00101246	2.93047e-05
0.00102507	3.00374e-05
0.00103784	3.07884e-05
0.00105076	3.15582e-05
0.00106385	3.23471e-05
0.0010771	3.31558e-05
0.00109052	3.39847e-05
0.0011041	3.48342e-05
0.00111786	3.5705e-05
0.00113178	3.65975e-05
0.00114588	3.75123e-05
0.00116015	3.84499e-05
0.0011746	3.94109e-05
0.00118924	4.03959e-05
0.00120405	4.14054e-05
0.00121905	4.24402e-05
0.00123423	4.35008e-05
0.00124961	4.45878e-05
0.00126517	4.5702e-05
0.00128093	4.6844e-05
0.00129689	4.80144e-05
0.00131304	4.9214e-05
0.0013294	5.04436e-05
0.00134596	5.17038e-05
0.00136272	5.29955e-05
0.0013797	5.43194e-05
0.00139688	5.56763e-05
0.00141428	5.7067e-05
0.0014319	5.84924e-05
0.00144974	5.99533e-05
0.00146779	6.14507e-05
0.00148608	6.29853e-05
0.00150459	6.45583e-05
0.00152333	6.61704e-05
0.0015423	6.78227e-05
0.00156152	6.95162e-05
0.00158097	7.12519e-05
0.00160066	7.30309e-05
0.0016206	7.48541e-05
0.00164078	7.67228e-05
0.00166122	7.86381e-05
0.00168192	8.0601e-05
0.00170287	8.26129e-05
0.00172408	8.46748e-05
0.00174555	8.67881e-05
0.0017673	8.89541e-05
0.00178931	9.11739e-05
0.0018116	9.3449e-05
0.00183416	9.57808e-05
0.00185701	9.81706e-05
0.00188014	0.00010062
0.00190356	0.00010313
0.00192727	0.000105703
0.00195128	0.00010834
0.00197559	0.000111042
0.00200019	0.000113812
0.00202511	0.00011665
0.00205033	0.000119559
0.00207587	0.000122541
0.00210173	0.000125596
0.00212791	0.000128728
0.00215442	0.000131937
0.00218125	0.000135227
0.00220842	0.000138598
0.00223593	0.000142052
0.00226378	0.000145593
0.00229198	0.000149222
0.00232053	0.000152941
0.00234944	0.000156752
0.0023787	0.000160658
0.00240833	0.000164661
0.00243833	0.000168763
0.0024687	0.000172968
0.00249945	0.000177276
0.00253059	0.000181692
0.00256211	0.000186217
0.00259402	0.000190855
0.00262634	0.000195608
0.00265905	0.000200479
0.00269217	0.00020547
0.00272571	0.000210586
0.00275966	0.000215828
0.00279404	0.0002212
0.00282884	0.000226706
0.00286408	0.000232348
0.00289975	0.00023813
0.00293587	0.000244056
0.00297244	0.000250128
0.00300947	0.000256351
0.00304695	0.000262728
0.00308491	0.000269263
0.00312333	0.00027596
0.00316224	0.000282823
0.00320163	0.000289856
0.00324151	0.000297062
0.00328189	0.000304448
0.00332277	0.000312016
0.00336416	0.000319772
0.00340606	0.000327719
0.00344849	0.000335863
0.00349144	0.000344209
0.00353493	0.000352761
0.00357897	0.000361525
0.00362355	0.000370505
0.00366868	0.000379707
0.00371438	0.000389137
0.00376065	0.0003988
0.00380749	0.000408701
0.00385492	0.000418848
0.00390294	0.000429244
0.00395155	0.000439898
0.00400078	0.000450815
0.00405061	0.000462001
0.00410107	0.000473463
0.00415215	0.000485208
0.00420387	0.000497243
0.00425624	0.000509575
0.00430925	0.000522211
0.00436293	0.000535159
0.00441728	0.000548425
0.0044723	0.000562019
0.00452801	0.000575948
0.00458441	0.00059022
0.00464151	0.000604843
0.00469933	0.000619827
0.00475787	0.000635179
0.00481713	0.00065091
0.00487714	0.000667027
0.00493789	0.000683542
0.00499939	0.000700462
0.00506167	0.000717798
0.00512472	0.000735561
0.00518855	0.00075376
0.00525318	0.000772407
0.00531862	0.000791512
0.00538487	0.000811086
0.00545194	0.00083114
0.00551986	0.000851687
0.00558861	0.000872739
0.00565823	0.000894306
0.00572871	0.000916403
0.00580006	0.000939042
0.00587231	0.000962236
0.00594546	0.000985998
0.00601952	0.00101034
0.0060945	0.00103528
0.00617041	0.00106084
0.00624727	0.00108701
0.00632509	0.00111383
0.00640388	0.0011413
0.00648365	0.00116945
0.00656441	0.00119828
0.00664618	0.00122782
0.00672897	0.00125808
0.00681278	0.00128909
0.00689765	0.00132084
0.00698356	0.00135338
0.00707055	0.0013867
0.00715863	0.00142084
0.0072478	0.00145581
0.00733808	0.00149164
0.00742948	0.00152834
0.00752203	0.00156593
0.00761572	0.00160444
0.00771059	0.00164388
0.00780663	0.00168429
0.00790387	0.00172567
0.00800233	0.00176807
0.00810201	0.00181149
0.00820293	0.00185597
0.00830511	0.00190153
0.00840856	0.0019482
0.0085133	0.001996
0.00861934	0.00204496
0.00872671	0.0020951
0.00883541	0.00214647
0.00894546	0.00219907
0.00905689	0.00225295
0.00916971	0.00230814
0.00928393	0.00236466
0.00939957	0.00242254
0.00951665	0.00248183
0.0096352	0.00254255
0.00975522	0.00260474
0.00987673	0.00266842
0.00999976	0.00273365
0.0101243	0.00280045
0.0102504	0.00286885
0.0103781	0.00293891
0.0105074	0.00301065
0.0106383	0.00308412
0.0107708	0.00315936
0.0109049	0.00323641
0.0110408	0.00331531
0.0111783	0.0033961
0.0113175	0.00347884
0.0114585	0.00356356
0.0116013	0.00365031
0.0117458	0.00373914
0.0118921	0.0038301
0.0120402	0.00392323
0.0121902	0.0040186
0.012342	0.00411624
0.0124958	0.00421622
0.0126514	0.00431859
0.012809	0.0044234
0.0129686	0.00453071
0.0131301	0.00464058
0.0132936	0.00475306
0.0134592	0.00486823
0.0136269	0.00498614
0.0137966	0.00510684
0.0139685	0.00523042
0.0141425	0.00535693
0.0143186	0.00548645
0.014497	0.00561903
0.0146776	0.00575476
0.0148604	0.0058937
0.0150455	0.00603593
0.0152329	0.00618152
0.0154227	0.00633055
0.0156148	0.0064831
0.0158093	0.00663925
0.0160062	0.00679908
0.0162056	0.00696267
0.0164074	0.00713012
0.0166118	0.0073015
0.0168187	0.00747691
0.0170282	0.00765644
0.0172404	0.00784018
0.0174551	0.00802823
0.0176725	0.00822068
0.0178927	0.00841763
0.0181155	0.00861919
0.0183412	0.00882546
0.0185697	0.00903654
0.018801	0.00925254
0.0190352	0.00947358
0.0192723	0.00969975
0.0195123	0.00993119
0.0197554	0.010168
0.0200015	0.0104103
0.0202506	0.0106582
0.0205028	0.0109119
0.0207582	0.0111714
0.0210168	0.011437
0.0212786	0.0117086
0.0215437	0.0119865
0.021812	0.0122709
0.0220837	0.0125617
0.0223588	0.0128593
0.0226373	0.0131637
0.0229193	0.0134751
0.0232048	0.0137936
0.0234938	0.0141194
0.0237864	0.0144526
0.0240827	0.0147935
0.0243827	0.0151421
0.0246864	0.0154986
0.0249939	0.0158633
0.0253053	0.0162363
0.0256205	0.0166177
0.0259396	0.0170078
0.0262627	0.0174066
0.0265899	0.0178145
0.0269211	0.0182316
0.0272564	0.0186582
0.0275959	0.0190943
0.0279397	0.0195402
0.0282877	0.0199961
0.0286401	0.0204622
0.0289968	0.0209388
0.029358	0.021426
0.0297237	0.0219241
0.0300939	0.0224333
0.0304688	0.0229538
0.0308483	0.0234859
0.0312326	0.0240298
0.0316216	0.0245857
0.0320155	0.0251539
0.0324143	0.0257346
0.0328181	0.0263282
0.0332269	0.0269348
0.0336407	0.0275547
0.0340598	0.0281882
0.034484	0.0288356
0.0349136	0.0294971
0.0353485	0.030173
0.0357888	0.0308636
0.0362346	0.0315693
0.0366859	0.0322902
0.0371429	0.0330267
0.0376056	0.0337792
0.038074	0.0345479
0.0385483	0.0353331
0.0390284	0.0361351
0.0395146	0.0369544
0.0400068	0.0377912
0.0405051	0.0386458
0.0410097	0.0395186
0.0415205	0.04041
0.0420377	0.0413202
0.0425613	0.0422497
0.0430915	0.0431989
0.0436282	0.044168
0.0441717	0.0451575
0.0447219	0.0461677
0.045279	0.047199
0.045843	0.0482519
0.046414	0.0493266
0.0469922	0.0504237
0.0475775	0.0515435
0.0481701	0.0526864
0.0487702	0.0538528
0.0493777	0.0550432
0.0499927	0.056258
0.0506155	0.0574976
0.0512459	0.0587625
0.0518843	0.0600531
0.0525306	0.0613698
0.0531849	0.0627131
0.0538474	0.0640835
0.0545181	0.0654814
0.0551972	0.0669073
0.0558848	0.0683617
0.0565809	0.069845
0.0572857	0.0713577
0.0579992	0.0729004
0.0587217	0.0744735
0.0594532	0.0760775
0.0601937	0.0777128
0.0609435	0.0793802
0.0617026	0.0810799
0.0624712	0.0828126
0.0632494	0.0845787
0.0640372	0.0863788
0.0648349	0.0882135
0.0656425	0.0900832
0.0664602	0.0919884
0.067288	0.0939298
0.0681262	0.0959078
0.0689748	0.0979231
0.069834	0.0999761
0.0707038	0.102067
0.0715845	0.104198
0.0724762	0.106367
0.073379	0.108577
0.074293	0.110827
0.0752184	0.113118
0.0761554	0.115451
0.077104	0.117826
0.0780644	0.120244
0.0790368	0.122705
0.0800213	0.12521
0.0810181	0.127759
0.0820273	0.130354
0.083049	0.132994
0.0840835	0.13568
0.0851309	0.138413
0.0861913	0.141194
0.0872649	0.144022
0.0883519	0.146899
0.0894525	0.149824
0.0905667	0.152799
0.0916948	0.155824
0.092837	0.1589
0.0939934	0.162027
0.0951642	0.165205
0.0963496	0.168436
0.0975498	0.17172
0.0987649	0.175056
0.0999952	0.178446
0.101241	0.181891
0.102502	0.18539
0.103779	0.188945
0.105071	0.192555
0.10638	0.196221
0.107705	0.199944
0.109047	0.203723
0.110405	0.207561
0.11178	0.211456
0.113173	0.215409
0.114582	0.219421
0.11601	0.223492
0.117455	0.227622
0.118918	0.231812
0.120399	0.236062
0.121899	0.240372
0.123417	0.244743
0.124955	0.249174
0.126511	0.253667
0.128087	0.258221
0.129682	0.262837
0.131298	0.267514
0.132933	0.272253
0.134589	0.277054
0.136266	0.281917
0.137963	0.286843
0.139681	0.29183
0.141421	0.29688
0.143183	0.301992
0.144966	0.307167
0.146772	0.312403
0.1486	0.317701
0.150451	0.323062
0.152326	0.328484
0.154223	0.333967
0.156144	0.339512
0.158089	0.345118
0.160058	0.350784
0.162052	0.356511
0.16407	0.362298
0.166114	0.368144
0.168183	0.374049
0.170278	0.380013
0.172399	0.386035
0.174547	0.392114
0.176721	0.39825
0.178922	0.404442
0.181151	0.410689
0.183407	0.416991
0.185692	0.423346
0.188005	0.429754
0.190347	0.436214
0.192718	0.442725
0.195119	0.449286
0.197549	0.455895
0.20001	0.462552
0.202501	0.469255
0.205023	0.476003
0.207577	0.482796
0.210163	0.48963
0.212781	0.496506
0.215431	0.503421
0.218115	0.510374
0.220832	0.517364
0.223582	0.524388
0.226367	0.531445
0.229187	0.538534
0.232042	0.545652
0.234932	0.552797
0.237859	0.559969
0.240822	0.567163
0.243821	0.57438
0.246858	0.581615
0.249933	0.588868
0.253047	0.596136
0.256199	0.603417
0.25939	0.610707
0.262621	0.618006
0.265892	0.62531
0.269204	0.632617
0.272558	0.639924
0.275953	0.647228
0.27939	0.654528
0.28287	0.661819
0.286394	0.6691
0.289961	0.676367
0.293573	0.683617
0.29723	0.690847
0.300932	0.698055
0.304681	0.705237
0.308476	0.71239
0.312318	0.719511
0.316209	0.726597
0.320147	0.733644
0.324135	0.740649
0.328173	0.747608
0.332261	0.754519
0.336399	0.761377
0.34059	0.768179
0.344832	0.774922
0.349127	0.781603
0.353476	0.788217
0.357879	0.79476
0.362337	0.80123
0.366851	0.807623
0.37142	0.813935
0.376047	0.820162
0.380731	0.826301
0.385473	0.832347
0.390275	0.838298
0.395136	0.844149
0.400058	0.849898
0.405041	0.855539
0.410087	0.86107
0.415195	0.866487
0.420367	0.871786
0.425603	0.876963
0.430904	0.882016
0.436272	0.88694
0.441706	0.891733
0.447208	0.896389
0.452779	0.900907
0.458419	0.905283
0.464129	0.909513
0.46991	0.913595
0.475764	0.917524
0.48169	0.921299
0.48769	0.924915
0.493765	0.928371
0.499915	0.931662
0.506142	0.934787
0.512447	0.937742
0.51883	0.940525
0.525293	0.943134
0.531836	0.945565
0.538461	0.947818
0.545168	0.949889
0.551959	0.951776
0.558834	0.953478
0.565795	0.954992
0.572843	0.956317
0.579978	0.957451
0.587203	0.958394
0.594517	0.959142
0.601923	0.959696
0.60942	0.960053
0.617011	0.960214
0.624697	0.960177
0.632479	0.959942
0.640357	0.959507
0.648333	0.958873
0.656409	0.95804
0.664586	0.957006
0.672864	0.955773
0.681245	0.95434
0.689731	0.952708
0.698323	0.950877
0.707021	0.948847
0.715828	0.94662
0.724745	0.944195
0.733772	0.941575
0.742912	0.93876
0.752166	0.935752
0.761535	0.932552
0.771021	0.929161
0.780625	0.925581
0.790349	0.921814
0.800194	0.917862
0.810161	0.913726
0.820253	0.90941
0.83047	0.904914
0.840815	0.900242
0.851288	0.895396
0.861892	0.890379
0.872628	0.885193
0.883498	0.879841
0.894503	0.874326
0.905645	0.868651
0.916926	0.862819
0.928348	0.856834
0.939912	0.850697
0.951619	0.844414
0.963473	0.837987
0.975474	0.831419
0.987625	0.824714
0.999927	0.817877
1.01238	0.810909
1.02499	0.803816
1.03776	0.796601
1.05069	0.789267
1.06378	0.781819
1.07703	0.77426
1.09044	0.766595
1.10402	0.758827
1.11778	0.750961
1.1317	0.742999
1.1458	0.734948
1.16007	0.72681
1.17452	0.718589
1.18915	0.71029
1.20396	0.701917
1.21896	0.693473
1.23414	0.684964
1.24952	0.676393
1.26508	0.667764
1.28084	0.659081
1.29679	0.650348
1.31295	0.64157
1.3293	0.632751
1.34586	0.623894
1.36262	0.615004
1.3796	0.606084
1.39678	0.597139
1.41418	0.588173
1.43179	0.579189
1.44963	0.570191
1.46769	0.561184
1.48597	0.552171
1.50448	0.543156
1.52322	0.534143
1.54219	0.525135
1.5614	0.516136
1.58085	0.50715
1.60054	0.49818
1.62048	0.48923
1.64067	0.480304
1.6611	0.471405
1.68179	0.462535
1.70274	0.4537
1.72395	0.444902
1.74543	0.436143
1.76717	0.427428
1.78918	0.41876
1.81147	0.410142
1.83403	0.401576
1.85688	0.393066
1.88001	0.384614
1.90342	0.376224
1.92713	0.367897
1.95114	0.359638
1.97544	0.351448
2.00005	0.343331
2.02496	0.335288
2.05019	0.327321
2.07572	0.319435
2.10158	0.31163
2.12776	0.303909
2.15426	0.296274
2.18109	0.288727
2.20826	0.28127
2.23577	0.273905
2.26362	0.266634
2.29182	0.259459
2.32036	0.252381
2.34927	0.245401
2.37853	0.238523
2.40816	0.231746
2.43815	0.225072
2.46852	0.218502
2.49927	0.212038
2.5304	0.205681
2.56192	0.199432
2.59384	0.193291
2.62615	0.187259
2.65886	0.181338
2.69198	0.175527
2.72551	0.169828
2.75946	0.164241
2.79383	0.158765
2.82863	0.153403
2.86387	0.148153
2.89954	0.143016
2.93566	0.137992
2.97223	0.133081
3.00925	0.128283
3.04673	0.123597
3.08468	0.119024
3.12311	0.114562
3.16201	0.110212
3.2014	0.105973
3.24127	0.101844
3.28165	0.0978242
3.32253	0.0939136
3.36391	0.090111
3.40581	0.0864154
3.44824	0.0828259
3.49119	0.0793414
3.53468	0.0759608
3.57871	0.072683
3.62328	0.0695065
3.66842	0.0664303
3.71411	0.0634528
3.76038	0.0605728
3.80722	0.0577886
3.85464	0.0550989
3.90265	0.0525019
3.95127	0.0499963
4.00048	0.0475801
4.05032	0.0452519
4.10077	0.0430099
4.15185	0.0408523
4.20357	0.0387773
4.25593	0.0367831
4.30894	0.034868
4.36261	0.03303
4.41695	0.0312673
4.47197	0.029578
4.52768	0.0279601
4.58408	0.0264119
4.64118	0.0249314
4.69899	0.0235167
4.75752	0.0221658
4.81678	0.0208769
4.87678	0.0196481
4.93753	0.0184775
4.99903	0.0173632
5.0613	0.0163033
5.12435	0.0152959
5.18818	0.0143394
5.2528	0.0134317
5.31823	0.0125712
5.38448	0.0117561
5.45155	0.0109846
5.51945	0.010255
5.58821	0.00956571
5.65781	0.00891498
5.72829	0.00830122
5.79964	0.00772286
5.87188	0.00717834
5.94503	0.00666615
6.01908	0.00618481
6.09406	0.00573289
6.16996	0.005309
6.24682	0.00491177
6.32463	0.00453989
6.40341	0.00419207
6.48318	0.00386709
6.56393	0.00356374
6.6457	0.00328088
6.72848	0.00301739
6.81229	0.00277219
6.89714	0.00254425
6.98306	0.00233259
7.07004	0.00213625
7.15811	0.00195432
7.24727	0.00178592
7.33754	0.00163022
7.42894	0.00148643
7.52148	0.00135379
7.61517	0.00123156
7.71003	0.00111907
7.80606	0.00101565
7.9033	0.000920698
8.00175	0.000833614
8.10142	0.000753847
8.20233	0.000680872
8.3045	0.000614192
8.40795	0.000553342
8.51268	0.000497883
8.61871	0.000447402
8.72607	0.000401512
8.83477	0.000359851
8.94481	0.00032208
9.05623	0.000287881
9.16904	0.000256959
9.28325	0.000229039
9.39889	0.000203865
9.51596	0.000181199
9.6345	0.00016082
9.75451	0.000142524
9.87601	0.000126123
9.99903	0.000111441
10.1236	9.83197e-05
10.2497	8.66097e-05
10.3774	7.61757e-05
10.5066	6.68932e-05
10.6375	5.86482e-05
10.77	5.13364e-05
10.9042	4.48628e-05
11.04	3.91407e-05
11.1775	3.40912e-05
11.3167	2.96428e-05
11.4577	2.57306e-05
11.6004	2.2296e-05
11.7449	1.92858e-05
11.8912	1.66523e-05
12.0393	1.43524e-05
12.1893	1.23477e-05
12.3411	1.06033e-05
12.4949	9.08829e-06
12.6505	7.775e-06
12.8081	6.63872e-06
12.9676	5.6575e-06
13.1291	4.81182e-06
13.2927	4.08441e-06
13.4583	3.45997e-06
13.6259	2.92501e-06
13.7956	2.46766e-06
13.9675	2.07746e-06
14.1415	1.74526e-06
14.3176	1.46304e-06
14.4959	1.22378e-06
14.6765	1.02141e-06
14.8593	8.50596e-07
15.0444	7.06751e-07
15.2318	5.85889e-07
15.4215	4.84568e-07
15.6136	3.99826e-07
15.8081	3.29115e-07
16.005	2.70251e-07
16.2044	2.21364e-07
16.4063	1.8086e-07
16.6106	1.4738e-07
16.8175	1.19771e-07
17.027	9.70554e-08
17.2391	7.84065e-08
17.4538	6.31266e-08
17.6712	5.06281e-08
17.8914	4.04166e-08
18.1142	3.20764e-08
18.3399	2.5258e-08
18.5683	1.96667e-08
18.7996	1.50527e-08
19.0338	1.12027e-08
19.2709	7.93115e-09
19.5109	5.07349e-09
19.7539	2.4783e-09
