1.25e-05	2.11397e-10
2.5e-05	8.45574e-10
3.75e-05	1.90248e-09
5e-05	3.38203e-09
6.25e-05	5.28414e-09
7.5e-05	7.60872e-09
8.75e-05	1.03557e-08
0.0001	1.3525e-08
0.0001125	1.71165e-08
0.000125	2.11301e-08
0.0001375	2.55659e-08
0.00015	3.04236e-08
0.0001625	3.57033e-08
0.000175	4.14048e-08
0.0001875	4.7528e-08
0.0002	5.40729e-08
0.0002125	6.10395e-08
0.000225	6.84275e-08
0.0002375	7.6237e-08
0.00025	8.44679e-08
0.0002625	9.312e-08
0.000275	1.02193e-07
0.0002875	1.11688e-07
0.0003	1.21603e-07
0.0003125	1.3194e-07
0.000325	1.42697e-07
0.0003375	1.53875e-07
0.00035	1.65474e-07
0.0003625	1.77494e-07
0.000375	1.89934e-07
0.0003875	2.02795e-07
0.0004	2.16076e-07
0.0004125	2.29777e-07
0.000425	2.43899e-07
0.0004375	2.58441e-07
0.00045	2.73402e-07
0.0004625	2.88784e-07
0.000475	3.04586e-07
0.0004875	3.20808e-07
0.0005	3.3745e-07
0.0005125	3.54511e-07
0.000525	3.71992e-07
0.0005375	3.89892e-07
0.00055	4.08212e-07
0.0005625	4.26951e-07
0.000575	4.4611e-07
0.0005875	4.65688e-07
0.0006	4.85685e-07
0.0006125	5.06101e-07
0.000625	5.26936e-07
0.0006375	5.4819e-07
0.00065	5.69862e-07
0.0006625	5.91954e-07
0.000675	6.14464e-07
0.0006875	6.37393e-07
0.0007	6.6074e-07
0.0007125	6.84506e-07
0.000725	7.0869e-07
0.0007375	7.33293e-07
0.00075	7.58314e-07
0.0007625	7.83752e-07
0.000775	8.09609e-07
0.0007875	8.35884e-07
0.0008	8.62577e-07
0.0008125	8.89687e-07
0.000825	9.17216e-07
0.0008375	9.45162e-07
0.00085	9.73525e-07
0.0008625	1.00231e-06
0.000875	1.0315e-06
0.0008875	1.06112e-06
0.0009	1.09115e-06
0.0009125	1.1216e-06
0.000925	1.15247e-06
0.0009375	1.18376e-06
0.00095	1.21546e-06
0.0009625	1.24758e-06
0.000975	1.28011e-06
0.0009875	1.31306e-06
0.001	1.34643e-06
0.00101246	1.3801e-06
0.00102507	1.4146e-06
0.00103784	1.44997e-06
0.00105076	1.48622e-06
0.00106385	1.52338e-06
0.0010771	1.56146e-06
0.00109052	1.6005e-06
0.0011041	1.64051e-06
0.00111786	1.68152e-06
0.00113178	1.72355e-06
0.00114588	1.76663e-06
0.00116015	1.81079e-06
0.0011746	1.85605e-06
0.00118924	1.90243e-06
0.00120405	1.94998e-06
0.00121905	1.99871e-06
0.00123423	2.04866e-06
0.00124961	2.09985e-06
0.00126517	2.15232e-06
0.00128093	2.2061e-06
0.00129689	2.26123e-06
0.00131304	2.31772e-06
0.0013294	2.37563e-06
0.00134596	2.43498e-06
0.00136272	2.49581e-06
0.0013797	2.55816e-06
0.00139688	2.62206e-06
0.00141428	2.68755e-06
0.0014319	2.75468e-06
0.00144974	2.82349e-06
0.00146779	2.894e-06
0.00148608	2.96628e-06
0.00150459	3.04035e-06
0.00152333	3.11628e-06
0.0015423	3.19409e-06
0.00156152	3.27385e-06
0.00158097	3.35559e-06
0.00160066	3.43937e-06
0.0016206	3.52524e-06
0.00164078	3.61324e-06
0.00166122	3.70344e-06
0.00168192	3.79588e-06
0.00170287	3.89063e-06
0.00172408	3.98774e-06
0.00174555	4.08726e-06
0.0017673	4.18927e-06
0.00178931	4.29381e-06
0.0018116	4.40096e-06
0.00183416	4.51077e-06
0.00185701	4.62332e-06
0.00188014	4.73867e-06
0.00190356	4.85689e-06
0.00192727	4.97805e-06
0.00195128	5.10223e-06
0.00197559	5.22949e-06
0.00200019	5.35993e-06
0.00202511	5.49361e-06
0.00205033	5.63061e-06
0.00207587	5.77102e-06
0.00210173	5.91492e-06
0.00212791	6.0624e-06
0.00215442	6.21355e-06
0.00218125	6.36846e-06
0.00220842	6.52722e-06
0.00223593	6.68992e-06
0.00226378	6.85667e-06
0.00229198	7.02756e-06
0.00232053	7.2027e-06
0.00234944	7.38219e-06
0.0023787	7.56614e-06
0.00240833	7.75466e-06
0.00243833	7.94786e-06
0.0024687	8.14587e-06
0.00249945	8.34878e-06
0.00253059	8.55674e-06
0.00256211	8.76986e-06
0.00259402	8.98827e-06
0.00262634	9.2121e-06
0.00265905	9.44148e-06
0.00269217	9.67656e-06
0.00272571	9.91747e-06
0.00275966	1.01644e-05
0.00279404	1.04174e-05
0.00282884	1.06767e-05
0.00286408	1.09424e-05
0.00289975	1.12147e-05
0.00293587	1.14937e-05
0.00297244	1.17797e-05
0.00300947	1.20728e-05
0.00304695	1.23731e-05
0.00308491	1.26809e-05
0.00312333	1.29962e-05
0.00316224	1.33194e-05
0.00320163	1.36507e-05
0.00324151	1.39901e-05
0.00328189	1.43379e-05
0.00332277	1.46943e-05
0.00336416	1.50595e-05
0.00340606	1.54338e-05
0.00344849	1.58174e-05
0.00349144	1.62104e-05
0.00353493	1.66132e-05
0.00357897	1.70259e-05
0.00362355	1.74488e-05
0.00366868	1.78822e-05
0.00371438	1.83263e-05
0.00376065	1.87813e-05
0.00380749	1.92477e-05
0.00385492	1.97255e-05
0.00390294	2.02151e-05
0.00395155	2.07169e-05
0.00400078	2.1231e-05
0.00405061	2.17578e-05
0.00410107	2.22976e-05
0.00415215	2.28507e-05
0.00420387	2.34175e-05
0.00425624	2.39983e-05
0.00430925	2.45934e-05
0.00436293	2.52031e-05
0.00441728	2.58279e-05
0.0044723	2.64681e-05
0.00452801	2.71241e-05
0.00458441	2.77962e-05
0.00464151	2.84849e-05
0.00469933	2.91905e-05
0.00475787	2.99135e-05
0.00481713	3.06544e-05
0.00487714	3.14134e-05
0.00493789	3.21911e-05
0.00499939	3.2988e-05
0.00506167	3.38044e-05
0.00512472	3.4641e-05
0.00518855	3.54981e-05
0.00525318	3.63762e-05
0.00531862	3.72759e-05
0.00538487	3.81978e-05
0.00545194	3.91422e-05
0.00551986	4.01099e-05
0.00558861	4.11013e-05
0.00565823	4.2117e-05
0.00572871	4.31576e-05
0.00580006	4.42238e-05
0.00587231	4.53161e-05
0.00594546	4.64352e-05
0.00601952	4.75816e-05
0.0060945	4.87562e-05
0.00617041	4.99596e-05
0.00624727	5.11924e-05
0.00632509	5.24553e-05
0.00640388	5.37492e-05
0.00648365	5.50747e-05
0.00656441	5.64327e-05
0.00664618	5.78238e-05
0.00672897	5.92489e-05
0.00681278	6.07088e-05
0.00689765	6.22044e-05
0.00698356	6.37365e-05
0.00707055	6.5306e-05
0.00715863	6.69138e-05
0.0072478	6.85608e-05
0.00733808	7.02479e-05
0.00742948	7.19762e-05
0.00752203	7.37465e-05
0.00761572	7.556e-05
0.00771059	7.74177e-05
0.00780663	7.93205e-05
0.00790387	8.12696e-05
0.00800233	8.32661e-05
0.00810201	8.53112e-05
0.00820293	8.74059e-05
0.00830511	8.95516e-05
0.00840856	9.17493e-05
0.0085133	9.40004e-05
0.00861934	9.6306e-05
0.00872671	9.86676e-05
0.00883541	0.000101086
0.00894546	0.000103564
0.00905689	0.000106101
0.00916971	0.0001087
0.00928393	0.000111362
0.00939957	0.000114088
0.00951665	0.00011688
0.0096352	0.00011974
0.00975522	0.000122668
0.00987673	0.000125667
0.00999976	0.000128739
0.0101243	0.000131885
0.0102504	0.000135106
0.0103781	0.000138406
0.0105074	0.000141784
0.0106383	0.000145244
0.0107708	0.000148787
0.0109049	0.000152416
0.0110408	0.000156132
0.0111783	0.000159936
0.0113175	0.000163833
0.0114585	0.000167822
0.0116013	0.000171908
0.0117458	0.000176091
0.0118921	0.000180375
0.0120402	0.000184761
0.0121902	0.000189252
0.012342	0.00019385
0.0124958	0.000198559
0.0126514	0.000203379
0.012809	0.000208315
0.0129686	0.000213369
0.0131301	0.000218543
0.0132936	0.00022384
0.0134592	0.000229264
0.0136269	0.000234816
0.0137966	0.000240501
0.0139685	0.00024632
0.0141425	0.000252278
0.0143186	0.000258377
0.014497	0.000264621
0.0146776	0.000271013
0.0148604	0.000277556
0.0150455	0.000284254
0.0152329	0.00029111
0.0154227	0.000298128
0.0156148	0.000305312
0.0158093	0.000312665
0.0160062	0.000320192
0.0162056	0.000327896
0.0164074	0.000335782
0.0166118	0.000343852
0.0168187	0.000352113
0.0170282	0.000360567
0.0172404	0.00036922
0.0174551	0.000378075
0.0176725	0.000387138
0.0178927	0.000396413
0.0181155	0.000405905
0.0183412	0.000415618
0.0185697	0.000425558
0.018801	0.00043573
0.0190352	0.000446138
0.0192723	0.000456789
0.0195123	0.000467688
0.0197554	0.000478839
0.0200015	0.00049025
0.0202506	0.000501925
0.0205028	0.00051387
0.0207582	0.000526091
0.0210168	0.000538595
0.0212786	0.000551388
0.0215437	0.000564475
0.021812	0.000577864
0.0220837	0.000591562
0.0223588	0.000605574
0.0226373	0.000619907
0.0229193	0.00063457
0.0232048	0.000649568
0.0234938	0.000664909
0.0237864	0.000680601
0.0240827	0.000696651
0.0243827	0.000713067
0.0246864	0.000729857
0.0249939	0.000747029
0.0253053	0.000764591
0.0256205	0.000782551
0.0259396	0.000800918
0.0262627	0.000819701
0.0265899	0.000838908
0.0269211	0.000858548
0.0272564	0.000878631
0.0275959	0.000899166
0.0279397	0.000920163
0.0282877	0.00094163
0.0286401	0.000963579
0.0289968	0.000986018
0.029358	0.00100896
0.0297237	0.00103241
0.0300939	0.00105639
0.0304688	0.0010809
0.0308483	0.00110595
0.0312326	0.00113156
0.0316216	0.00115773
0.0320155	0.00118449
0.0324143	0.00121183
0.0328181	0.00123977
0.0332269	0.00126834
0.0336407	0.00129752
0.0340598	0.00132735
0.034484	0.00135783
0.0349136	0.00138897
0.0353485	0.0014208
0.0357888	0.00145331
0.0362346	0.00148654
0.0366859	0.00152048
0.0371429	0.00155515
0.0376056	0.00159058
0.038074	0.00162677
0.0385483	0.00166373
0.0390284	0.00170149
0.0395146	0.00174006
0.0400068	0.00177946
0.0405051	0.00181969
0.0410097	0.00186078
0.0415205	0.00190274
0.0420377	0.00194559
0.0425613	0.00198935
0.0430915	0.00203403
0.0436282	0.00207965
0.0441717	0.00212623
0.0447219	0.00217378
0.045279	0.00222233
0.045843	0.00227189
0.046414	0.00232248
0.0469922	0.00237412
0.0475775	0.00242682
0.0481701	0.00248062
0.0487702	0.00253552
0.0493777	0.00259155
0.0499927	0.00264873
0.0506155	0.00270707
0.0512459	0.0027666
0.0518843	0.00282735
0.0525306	0.00288932
0.0531849	0.00295254
0.0538474	0.00301703
0.0545181	0.00308282
0.0551972	0.00314992
0.0558848	0.00321836
0.0565809	0.00328817
0.0572857	0.00335935
0.0579992	0.00343195
0.0587217	0.00350597
0.0594532	0.00358144
0.0601937	0.00365839
0.0609435	0.00373684
0.0617026	0.00381682
0.0624712	0.00389834
0.0632494	0.00398144
0.0640372	0.00406613
0.0648349	0.00415244
0.0656425	0.0042404
0.0664602	0.00433003
0.067288	0.00442136
0.0681262	0.00451441
0.0689748	0.0046092
0.069834	0.00470577
0.0707038	0.00480414
0.0715845	0.00490433
0.0724762	0.00500637
0.073379	0.00511029
0.074293	0.00521611
0.0752184	0.00532385
0.0761554	0.00543356
0.077104	0.00554524
0.0780644	0.00565893
0.0790368	0.00577465
0.0800213	0.00589243
0.0810181	0.0060123
0.0820273	0.00613428
0.083049	0.0062584
0.0840835	0.00638468
0.0851309	0.00651315
0.0861913	0.00664384
0.0872649	0.00677677
0.0883519	0.00691197
0.0894525	0.00704946
0.0905667	0.00718926
0.0916948	0.00733142
0.092837	0.00747593
0.0939934	0.00762285
0.0951642	0.00777218
0.0963496	0.00792395
0.0975498	0.00807818
0.0987649	0.0082349
0.0999952	0.00839414
0.101241	0.00855591
0.102502	0.00872023
0.103779	0.00888713
0.105071	0.00905663
0.10638	0.00922875
0.107705	0.00940351
0.109047	0.00958093
0.110405	0.00976103
0.11178	0.00994382
0.113173	0.0101293
0.114582	0.0103176
0.11601	0.0105086
0.117455	0.0107023
0.118918	0.0108988
0.120399	0.0110981
0.121899	0.0113003
0.123417	0.0115052
0.124955	0.011713
0.126511	0.0119236
0.128087	0.012137
0.129682	0.0123533
0.131298	0.0125724
0.132933	0.0127945
0.134589	0.0130193
0.136266	0.0132471
0.137963	0.0134777
0.139681	0.0137112
0.141421	0.0139476
0.143183	0.0141868
0.144966	0.0144289
0.146772	0.0146739
0.1486	0.0149217
0.150451	0.0151723
0.152326	0.0154258
0.154223	0.0156821
0.156144	0.0159412
0.158089	0.0162031
0.160058	0.0164677
0.162052	0.0167351
0.16407	0.0170053
0.166114	0.0172781
0.168183	0.0175536
0.170278	0.0178318
0.172399	0.0181125
0.174547	0.0183959
0.176721	0.0186818
0.178922	0.0189702
0.181151	0.019261
0.183407	0.0195544
0.185692	0.01985
0.188005	0.0201481
0.190347	0.0204484
0.192718	0.0207509
0.195119	0.0210556
0.197549	0.0213625
0.20001	0.0216714
0.202501	0.0219823
0.205023	0.0222951
0.207577	0.0226098
0.210163	0.0229263
0.212781	0.0232444
0.215431	0.0235643
0.218115	0.0238856
0.220832	0.0242085
0.223582	0.0245327
0.226367	0.0248583
0.229187	0.025185
0.232042	0.0255128
0.234932	0.0258417
0.237859	0.0261714
0.240822	0.026502
0.243821	0.0268332
0.246858	0.027165
0.249933	0.0274973
0.253047	0.0278299
0.256199	0.0281627
0.25939	0.0284956
0.262621	0.0288285
0.265892	0.0291613
0.269204	0.0294937
0.272558	0.0298257
0.275953	0.0301571
0.27939	0.0304878
0.28287	0.0308177
0.286394	0.0311465
0.289961	0.0314741
0.293573	0.0318004
0.29723	0.0321252
0.300932	0.0324484
0.304681	0.0327698
0.308476	0.0330891
0.312318	0.0334063
0.316209	0.0337212
0.320147	0.0340335
0.324135	0.0343432
0.328173	0.03465
0.332261	0.0349537
0.336399	0.0352542
0.34059	0.0355513
0.344832	0.0358447
0.349127	0.0361343
0.353476	0.0364199
0.357879	0.0367012
0.362337	0.0369782
0.366851	0.0372505
0.37142	0.037518
0.376047	0.0377805
0.380731	0.0380378
0.385473	0.0382896
0.390275	0.0385357
0.395136	0.038776
0.400058	0.0390103
0.405041	0.0392383
0.410087	0.0394598
0.415195	0.0396745
0.420367	0.0398824
0.425603	0.0400832
0.430904	0.0402767
0.436272	0.0404626
0.441706	0.0406408
0.447208	0.040811
0.452779	0.0409731
0.458419	0.0411269
0.464129	0.041272
0.46991	0.0414084
0.475764	0.0415359
0.48169	0.0416542
0.48769	0.0417631
0.493765	0.0418626
0.499915	0.0419522
0.506142	0.042032
0.512447	0.0421016
0.51883	0.042161
0.525293	0.0422099
0.531836	0.0422482
0.538461	0.0422757
0.545168	0.0422921
0.551959	0.0422975
0.558834	0.0422916
0.565795	0.0422742
0.572843	0.0422452
0.579978	0.0422045
0.587203	0.0421519
0.594517	0.0420873
0.601923	0.0420106
0.60942	0.0419215
0.617011	0.0418201
0.624697	0.0417061
0.632479	0.0415795
0.640357	0.0414402
0.648333	0.041288
0.656409	0.0411229
0.664586	0.0409447
0.672864	0.0407535
0.681245	0.040549
0.689731	0.0403313
0.698323	0.0401002
0.707021	0.0398556
0.715828	0.0395976
0.724745	0.0393261
0.733772	0.039041
0.742912	0.0387422
0.752166	0.0384297
0.761535	0.0381035
0.771021	0.0377635
0.780625	0.0374097
0.790349	0.0370421
0.800194	0.0366607
0.810161	0.0362653
0.820253	0.0358561
0.83047	0.035433
0.840815	0.034996
0.851288	0.0345451
0.861892	0.0340802
0.872628	0.0336015
0.883498	0.0331088
0.894503	0.0326022
0.905645	0.0320817
0.916926	0.0315473
0.928348	0.030999
0.939912	0.0304369
0.951619	0.0298609
0.963473	0.0292711
0.975474	0.0286675
0.987625	0.0280501
0.999927	0.0274189
1.01238	0.0267739
1.02499	0.0261153
1.03776	0.0254429
1.05069	0.0247568
1.06378	0.0240571
1.07703	0.0233438
1.09044	0.0226169
1.10402	0.0218763
1.11778	0.0211222
1.1317	0.0203546
1.1458	0.0195735
1.16007	0.0187789
1.17452	0.0179708
1.18915	0.0171493
1.20396	0.0163144
1.21896	0.015466
1.23414	0.0146043
1.24952	0.0137292
1.26508	0.0128408
1.28084	0.0119391
1.29679	0.011024
1.31295	0.0100956
1.3293	0.00915397
1.34586	0.00819903
1.36262	0.00723083
1.3796	0.00624936
1.39678	0.00525465
1.41418	0.0042467
1.43179	0.00322551
1.44963	0.00219108
1.46769	0.00114342
1.48597	8.25379e-05
1.50448	-0.000991575
1.52322	-0.00207891
1.54219	-0.00317948
1.5614	-0.00429328
1.58085	-0.00542031
1.60054	-0.00656058
1.62048	-0.00771409
1.64067	-0.00888085
1.6611	-0.0100609
1.68179	-0.0112541
1.70274	-0.0124606
1.72395	-0.0136804
1.74543	-0.0149135
1.76717	-0.0161599
1.78918	-0.0174195
1.81147	-0.0186925
1.83403	-0.0199787
1.85688	-0.0212783
1.88001	-0.0225912
1.90342	-0.0239174
1.92713	-0.025257
1.95114	-0.0266099
1.97544	-0.0279762
2.00005	-0.0293558
2.02496	-0.0307488
2.05019	-0.0321552
2.07572	-0.0335749
2.10158	-0.0350081
2.12776	-0.0364546
2.15426	-0.0379145
2.18109	-0.0393878
2.20826	-0.0408746
2.23577	-0.0423747
2.26362	-0.0438882
2.29182	-0.0454152
2.32036	-0.0469555
2.34927	-0.0485093
2.37853	-0.0500765
2.40816	-0.0516572
2.43815	-0.0532513
2.46852	-0.0548588
2.49927	-0.0564797
2.5304	-0.0581141
2.56192	-0.0597619
2.59384	-0.0614232
2.62615	-0.063098
2.65886	-0.0647862
2.69198	-0.0664879
2.72551	-0.0682031
2.75946	-0.0699318
2.79383	-0.0716741
2.82863	-0.0734298
2.86387	-0.0751991
2.89954	-0.076982
2.93566	-0.0787785
2.97223	-0.0805886
3.00925	-0.0824123
3.04673	-0.0842497
3.08468	-0.0861008
3.12311	-0.0879657
3.16201	-0.0898444
3.2014	-0.0917369
3.24127	-0.0936433
3.28165	-0.0955636
3.32253	-0.097498
3.36391	-0.0994464
3.40581	-0.101409
3.44824	-0.103386
3.49119	-0.105377
3.53468	-0.107382
3.57871	-0.109402
3.62328	-0.111436
3.66842	-0.113485
3.71411	-0.115549
3.76038	-0.117627
3.80722	-0.119721
3.85464	-0.121829
3.90265	-0.123953
3.95127	-0.126092
4.00048	-0.128246
4.05032	-0.130416
4.10077	-0.132601
4.15185	-0.134803
4.20357	-0.13702
4.25593	-0.139254
4.30894	-0.141503
4.36261	-0.143769
4.41695	-0.146052
4.47197	-0.148351
4.52768	-0.150667
4.58408	-0.153
4.64118	-0.155349
4.69899	-0.157716
4.75752	-0.160101
4.81678	-0.162503
4.87678	-0.164922
4.93753	-0.167359
4.99903	-0.169813
5.0613	-0.172286
5.12435	-0.174776
5.18818	-0.177284
5.2528	-0.179809
5.31823	-0.182353
5.38448	-0.184915
5.45155	-0.187494
5.51945	-0.190091
5.58821	-0.192705
5.65781	-0.195337
5.72829	-0.197986
5.79964	-0.200653
5.87188	-0.203336
5.94503	-0.206035
6.01908	-0.20875
6.09406	-0.211481
6.16996	-0.214228
6.24682	-0.216989
6.32463	-0.219764
6.40341	-0.222552
6.48318	-0.225353
6.56393	-0.228166
6.6457	-0.23099
6.72848	-0.233824
6.81229	-0.236667
6.89714	-0.239518
6.98306	-0.242375
7.07004	-0.245237
7.15811	-0.248103
7.24727	-0.25097
7.33754	-0.253839
7.42894	-0.256705
7.52148	-0.259568
7.61517	-0.262425
7.71003	-0.265275
7.80606	-0.268114
7.9033	-0.27094
8.00175	-0.273751
8.10142	-0.276542
8.20233	-0.279313
8.3045	-0.282058
8.40795	-0.284775
8.51268	-0.28746
8.61871	-0.290109
8.72607	-0.292718
8.83477	-0.295283
8.94481	-0.297799
9.05623	-0.300262
9.16904	-0.302666
9.28325	-0.305007
9.39889	-0.30728
9.51596	-0.309478
9.6345	-0.311595
9.75451	-0.313626
9.87601	-0.315564
9.99903	-0.317403
10.1236	-0.319135
10.2497	-0.320754
10.3774	-0.322253
10.5066	-0.323622
10.6375	-0.324855
10.77	-0.325944
10.9042	-0.32688
11.04	-0.327654
11.1775	-0.328257
11.3167	-0.328681
11.4577	-0.328916
11.6004	-0.328953
11.7449	-0.328781
11.8912	-0.328392
12.0393	-0.327773
12.1893	-0.326917
12.3411	-0.325811
12.4949	-0.324446
12.6505	-0.32281
12.8081	-0.320894
12.9676	-0.318686
13.1291	-0.316176
13.2927	-0.313353
13.4583	-0.310206
13.6259	-0.306725
13.7956	-0.302899
13.9675	-0.298718
14.1415	-0.294172
14.3176	-0.289251
14.4959	-0.283947
14.6765	-0.278249
14.8593	-0.27215
15.0444	-0.265642
15.2318	-0.258718
15.4215	-0.25137
15.6136	-0.243593
15.8081	-0.235383
16.005	-0.226734
16.2044	-0.217645
16.4063	-0.208113
16.6106	-0.198138
16.8175	-0.18772
17.027	-0.176862
17.2391	-0.165567
17.4538	-0.153842
17.6712	-0.141693
17.8914	-0.129129
18.1142	-0.116162
18.3399	-0.102805
18.5683	-0.0890727
18.7996	-0.0749842
19.0338	-0.0605595
19.2709	-0.0458216
19.5109	-0.0307963
19.7539	-0.0155119
