2.9577e-06	3.57954e-10
5.91541e-06	1.43181e-09
8.87311e-06	3.22156e-09
1.18308e-05	5.72717e-09
1.47885e-05	8.94861e-09
1.77462e-05	1.28858e-08
2.07039e-05	1.75388e-08
2.36616e-05	2.29074e-08
2.66193e-05	2.89916e-08
2.9577e-05	3.57913e-08
3.25348e-05	4.33064e-08
3.54925e-05	5.15369e-08
3.84502e-05	6.04825e-08
4.14079e-05	7.01432e-08
4.43656e-05	8.05189e-08
4.73233e-05	9.16094e-08
5.0281e-05	1.03415e-07
5.32387e-05	1.15934e-07
5.61964e-05	1.29168e-07
5.91541e-05	1.43117e-07
6.21118e-05	1.57779e-07
6.50695e-05	1.73156e-07
6.80272e-05	1.89246e-07
7.09849e-05	2.06049e-07
7.39426e-05	2.23566e-07
7.69003e-05	2.41796e-07
7.9858e-05	2.60739e-07
8.28157e-05	2.80395e-07
8.57734e-05	3.00764e-07
8.87311e-05	3.21844e-07
9.16888e-05	3.43638e-07
9.46466e-05	3.66143e-07
9.76043e-05	3.8936e-07
0.000100562	4.13289e-07
0.00010352	4.37929e-07
0.000106477	4.63281e-07
0.000109435	4.89344e-07
0.000112393	5.16118e-07
0.00011535	5.43603e-07
0.000118308	5.71799e-07
0.000121266	6.00705e-07
0.000124224	6.30322e-07
0.000127181	6.60649e-07
0.000130139	6.91686e-07
0.000133097	7.23433e-07
0.000136054	7.5589e-07
0.000139012	7.89057e-07
0.00014197	8.22934e-07
0.000144928	8.57519e-07
0.000147885	8.92814e-07
0.000150843	9.28818e-07
0.000153801	9.65531e-07
0.000156758	1.00295e-06
0.000159716	1.04108e-06
0.000162674	1.07992e-06
0.000165631	1.11947e-06
0.000168589	1.15972e-06
0.000171547	1.20069e-06
0.000174505	1.24236e-06
0.000177462	1.28474e-06
0.00018042	1.32782e-06
0.000183378	1.37162e-06
0.000186335	1.41612e-06
0.000189293	1.46133e-06
0.000192251	1.50724e-06
0.000195209	1.55386e-06
0.000198166	1.60119e-06
0.000201124	1.64923e-06
0.000204082	1.69797e-06
0.000207035	1.74734e-06
0.00021003	1.79814e-06
0.000213069	1.85041e-06
0.000216152	1.90421e-06
0.00021928	1.95956e-06
0.000222453	2.01652e-06
0.000225672	2.07514e-06
0.000228937	2.13546e-06
0.00023225	2.19752e-06
0.00023561	2.26139e-06
0.000239019	2.32712e-06
0.000242478	2.39475e-06
0.000245987	2.46434e-06
0.000249546	2.53595e-06
0.000253157	2.60964e-06
0.00025682	2.68547e-06
0.000260536	2.76349e-06
0.000264306	2.84378e-06
0.00026813	2.9264e-06
0.00027201	3.01142e-06
0.000275946	3.0989e-06
0.000279939	3.18891e-06
0.000283989	3.28154e-06
0.000288098	3.37685e-06
0.000292267	3.47493e-06
0.000296496	3.57585e-06
0.000300786	3.67969e-06
0.000305138	3.78655e-06
0.000309554	3.8965e-06
0.000314033	4.00964e-06
0.000318577	4.12605e-06
0.000323186	4.24584e-06
0.000327863	4.3691e-06
0.000332607	4.49593e-06
0.000337419	4.62644e-06
0.000342302	4.76072e-06
0.000347255	4.89889e-06
0.000352279	5.04107e-06
0.000357377	5.18736e-06
0.000362548	5.33789e-06
0.000367794	5.49278e-06
0.000373115	5.65215e-06
0.000378514	5.81613e-06
0.000383991	5.98486e-06
0.000389547	6.15847e-06
0.000395184	6.3371e-06
0.000400902	6.52091e-06
0.000406703	6.71003e-06
0.000412588	6.90462e-06
0.000418558	7.10484e-06
0.000424614	7.31085e-06
0.000430758	7.52282e-06
0.000436991	7.74092e-06
0.000443314	7.96532e-06
0.000449729	8.19621e-06
0.000456236	8.43377e-06
0.000462838	8.6782e-06
0.000469535	8.92969e-06
0.000476329	9.18845e-06
0.000483221	9.45468e-06
0.000490213	9.72861e-06
0.000497306	1.00104e-05
0.000504502	1.03004e-05
0.000511802	1.05988e-05
0.000519208	1.09057e-05
0.00052672	1.12215e-05
0.000534342	1.15465e-05
0.000542073	1.18808e-05
0.000549917	1.22247e-05
0.000557874	1.25786e-05
0.000565946	1.29427e-05
0.000574135	1.33173e-05
0.000582443	1.37027e-05
0.000590871	1.40992e-05
0.00059942	1.45071e-05
0.000608094	1.49268e-05
0.000616892	1.53586e-05
0.000625819	1.58028e-05
0.000634874	1.62598e-05
0.00064406	1.673e-05
0.00065338	1.72137e-05
0.000662834	1.77114e-05
0.000672425	1.82234e-05
0.000682154	1.87501e-05
0.000692025	1.92919e-05
0.000702038	1.98494e-05
0.000712196	2.04229e-05
0.000722502	2.10129e-05
0.000732956	2.16198e-05
0.000743561	2.22442e-05
0.00075432	2.28866e-05
0.000765235	2.35474e-05
0.000776308	2.42272e-05
0.000787541	2.49265e-05
0.000798936	2.56459e-05
0.000810496	2.6386e-05
0.000822224	2.71473e-05
0.000834121	2.79305e-05
0.000846191	2.87361e-05
0.000858435	2.95648e-05
0.000870856	3.04173e-05
0.000883457	3.12943e-05
0.00089624	3.21964e-05
0.000909208	3.31243e-05
0.000922364	3.40788e-05
0.00093571	3.50607e-05
0.00094925	3.60707e-05
0.000962985	3.71096e-05
0.000976919	3.81783e-05
0.000991054	3.92775e-05
0.00100539	4.04081e-05
0.00101994	4.15711e-05
0.0010347	4.27674e-05
0.00104967	4.39979e-05
0.00106486	4.52635e-05
0.00108027	4.65652e-05
0.0010959	4.79042e-05
0.00111176	4.92813e-05
0.00112784	5.06978e-05
0.00114416	5.21547e-05
0.00116072	5.36531e-05
0.00117751	5.51943e-05
0.00119455	5.67794e-05
0.00121184	5.84097e-05
0.00122937	6.00864e-05
0.00124716	6.18108e-05
0.00126521	6.35844e-05
0.00128351	6.54084e-05
0.00130208	6.72843e-05
0.00132092	6.92135e-05
0.00134004	7.11976e-05
0.00135943	7.32381e-05
0.0013791	7.53365e-05
0.00139905	7.74945e-05
0.0014193	7.97138e-05
0.00143983	8.1996e-05
0.00146067	8.43429e-05
0.0014818	8.67564e-05
0.00150324	8.92383e-05
0.001525	9.17904e-05
0.00154706	9.44149e-05
0.00156945	9.71136e-05
0.00159216	9.98886e-05
0.00161519	0.000102742
0.00163856	0.000105676
0.00166227	0.000108693
0.00168633	0.000111796
0.00171073	0.000114985
0.00173548	0.000118265
0.00176059	0.000121637
0.00178607	0.000125105
0.00181191	0.00012867
0.00183813	0.000132335
0.00186473	0.000136104
0.00189171	0.000139978
0.00191908	0.000143961
0.00194685	0.000148057
0.00197502	0.000152267
0.0020036	0.000156596
0.00203259	0.000161045
0.002062	0.00016562
0.00209183	0.000170323
0.0021221	0.000175157
0.00215281	0.000180127
0.00218396	0.000185236
0.00221556	0.000190487
0.00224762	0.000195885
0.00228014	0.000201434
0.00231313	0.000207138
0.0023466	0.000213
0.00238056	0.000219026
0.002415	0.00022522
0.00244995	0.000231586
0.0024854	0.000238129
0.00252136	0.000244854
0.00255784	0.000251765
0.00259485	0.000258868
0.0026324	0.000266168
0.00267049	0.000273671
0.00270913	0.000281381
0.00274833	0.000289304
0.0027881	0.000297446
0.00282844	0.000305813
0.00286937	0.00031441
0.00291088	0.000323245
0.002953	0.000332323
0.00299573	0.000341651
0.00303908	0.000351235
0.00308305	0.000361083
0.00312766	0.0003712
0.00317292	0.000381596
0.00321883	0.000392276
0.00326541	0.000403248
0.00331266	0.00041452
0.00336059	0.000426101
0.00340921	0.000437997
0.00345854	0.000450218
0.00350859	0.000462771
0.00355936	0.000475666
0.00361086	0.000488911
0.00366311	0.000502516
0.00371611	0.00051649
0.00376988	0.000530843
0.00382443	0.000545584
0.00387977	0.000560723
0.00393591	0.000576271
0.00399286	0.000592238
0.00405063	0.000608635
0.00410924	0.000625474
0.0041687	0.000642764
0.00422902	0.000660519
0.00429021	0.000678749
0.00435229	0.000697468
0.00441527	0.000716686
0.00447915	0.000736418
0.00454396	0.000756675
0.00460971	0.000777472
0.00467641	0.000798821
0.00474408	0.000820738
0.00481273	0.000843235
0.00488236	0.000866327
0.00495301	0.000890029
0.00502468	0.000914357
0.00509738	0.000939326
0.00517114	0.000964952
0.00524596	0.00099125
0.00532187	0.00101824
0.00539888	0.00104593
0.005477	0.00107435
0.00555625	0.00110351
0.00563664	0.00113343
0.0057182	0.00116412
0.00580094	0.00119561
0.00588488	0.00122792
0.00597003	0.00126106
0.00605641	0.00129506
0.00614405	0.00132993
0.00623295	0.0013657
0.00632314	0.00140239
0.00641463	0.00144001
0.00650745	0.0014786
0.00660161	0.00151816
0.00669713	0.00155874
0.00679404	0.00160034
0.00689234	0.001643
0.00699207	0.00168674
0.00709325	0.00173157
0.00719588	0.00177754
0.0073	0.00182465
0.00740563	0.00187295
0.00751279	0.00192245
0.00762149	0.00197318
0.00773177	0.00202517
0.00784365	0.00207845
0.00795714	0.00213304
0.00807228	0.00218898
0.00818908	0.00224629
0.00830758	0.00230501
0.00842778	0.00236516
0.00854973	0.00242677
0.00867344	0.00248988
0.00879894	0.00255451
0.00892626	0.00262071
0.00905542	0.00268849
0.00918645	0.0027579
0.00931937	0.00282897
0.00945422	0.00290173
0.00959102	0.00297622
0.00972979	0.00305246
0.00987058	0.0031305
0.0100134	0.00321038
0.0101583	0.00329212
0.0103053	0.00337576
0.0104544	0.00346135
0.0106057	0.00354891
0.0107591	0.00363848
0.0109148	0.00373011
0.0110727	0.00382383
0.011233	0.00391968
0.0113955	0.0040177
0.0115604	0.00411792
0.0117277	0.00422039
0.0118973	0.00432515
0.0120695	0.00443223
0.0122441	0.00454168
0.0124213	0.00465353
0.012601	0.00476783
0.0127834	0.00488461
0.0129683	0.00500393
0.013156	0.0051258
0.0133463	0.00525029
0.0135395	0.00537742
0.0137354	0.00550724
0.0139341	0.00563979
0.0141357	0.00577511
0.0143403	0.00591323
0.0145478	0.0060542
0.0147583	0.00619806
0.0149718	0.00634484
0.0151885	0.00649459
0.0154082	0.00664734
0.0156312	0.00680313
0.0158574	0.00696199
0.0160868	0.00712397
0.0163196	0.0072891
0.0165557	0.00745741
0.0167953	0.00762893
0.0170383	0.00780371
0.0172848	0.00798177
0.0175349	0.00816314
0.0177887	0.00834785
0.018046	0.00853593
0.0183072	0.00872741
0.0185721	0.00892231
0.0188408	0.00912066
0.0191134	0.00932248
0.01939	0.00952778
0.0196705	0.0097366
0.0199552	0.00994894
0.0202439	0.0101648
0.0205368	0.0103842
0.020834	0.0106072
0.0211354	0.0108338
0.0214413	0.0110639
0.0217515	0.0112976
0.0220663	0.0115349
0.0223855	0.0117757
0.0227094	0.0120202
0.023038	0.0122681
0.0233714	0.0125196
0.0237096	0.0127746
0.0240526	0.0130331
0.0244007	0.0132951
0.0247537	0.0135605
0.0251119	0.0138294
0.0254753	0.0141016
0.0258439	0.0143771
0.0262178	0.0146559
0.0265972	0.0149379
0.0269821	0.0152231
0.0273725	0.0155114
0.0277685	0.0158028
0.0281703	0.0160971
0.028578	0.0163942
0.0289915	0.0166942
0.029411	0.0169968
0.0298365	0.017302
0.0302682	0.0176097
0.0307062	0.0179198
0.0311505	0.0182321
0.0316013	0.0185466
0.0320585	0.018863
0.0325224	0.0191812
0.032993	0.0195012
0.0334704	0.0198226
0.0339547	0.0201454
0.034446	0.0204693
0.0349444	0.0207943
0.03545	0.02112
0.035963	0.0214463
0.0364833	0.0217729
0.0370112	0.0220997
0.0375468	0.0224264
0.0380901	0.0227527
0.0386412	0.0230784
0.0392003	0.0234033
0.0397676	0.023727
0.040343	0.0240492
0.0409267	0.0243697
0.0415189	0.0246882
0.0421197	0.0250043
0.0427291	0.0253177
0.0433474	0.0256281
0.0439746	0.025935
0.0446109	0.0262382
0.0452564	0.0265373
0.0459113	0.0268318
0.0465756	0.0271214
0.0472495	0.0274056
0.0479332	0.0276841
0.0486268	0.0279564
0.0493304	0.028222
0.0500442	0.0284806
0.0507683	0.0287315
0.0515029	0.0289744
0.0522481	0.0292088
0.0530041	0.0294342
0.0537711	0.0296499
0.0545491	0.0298557
0.0553384	0.0300508
0.0561391	0.0302348
0.0569514	0.0304071
0.0577755	0.0305671
0.0586115	0.0307144
0.0594596	0.0308483
0.0603199	0.0309683
0.0611927	0.0310737
0.0620782	0.031164
0.0629764	0.0312386
0.0638877	0.0312969
0.0648121	0.0313382
0.0657499	0.0313621
0.0667013	0.0313678
0.0676664	0.0313548
0.0686455	0.0313225
0.0696388	0.0312702
0.0706464	0.0311974
0.0716686	0.0311035
0.0727057	0.0309878
0.0737577	0.0308498
0.0748249	0.0306889
0.0759076	0.0305045
0.077006	0.0302961
0.0781202	0.0300631
0.0792506	0.0298049
0.0803973	0.0295211
0.0815606	0.0292111
0.0827408	0.0288744
0.083938	0.0285106
0.0851525	0.0281192
0.0863847	0.0276998
0.0876346	0.027252
0.0889027	0.0267753
0.090189	0.0262695
0.091494	0.0257342
0.0928179	0.0251692
0.094161	0.024574
0.0955234	0.0239487
0.0969056	0.0232928
0.0983078	0.0226064
0.0997303	0.0218893
0.101173	0.0211414
0.102637	0.0203627
0.104122	0.0195533
0.105629	0.0187132
0.107157	0.0178426
0.108708	0.0169416
0.110281	0.0160105
0.111877	0.0150496
0.113495	0.0140592
0.115138	0.0130398
0.116804	0.0119918
0.118494	0.0109157
0.120208	0.00981227
0.121948	0.00868204
0.123712	0.0075258
0.125502	0.00634436
0.127318	0.0051386
0.12916	0.00390946
0.131029	0.00265799
0.132925	0.00138528
0.134849	9.24941e-05
0.1368	-0.0012191
0.138779	-0.0025482
0.140787	-0.00389338
0.142825	-0.00525318
0.144891	-0.00662605
0.146988	-0.00801036
0.149115	-0.00940441
0.151272	-0.0108064
0.153461	-0.0122146
0.155681	-0.0136269
0.157934	-0.0150414
0.160219	-0.0164561
0.162538	-0.0178689
0.16489	-0.0192774
0.167275	-0.0206796
0.169696	-0.0220731
0.172151	-0.0234554
0.174642	-0.0248243
0.177169	-0.0261771
0.179733	-0.0275115
0.182333	-0.0288248
0.184972	-0.0301145
0.187648	-0.0313778
0.190363	-0.0326122
0.193118	-0.033815
0.195912	-0.0349834
0.198747	-0.0361148
0.201623	-0.0372064
0.20454	-0.0382554
0.2075	-0.0392592
0.210502	-0.040215
0.213548	-0.0411202
0.216638	-0.041972
0.219773	-0.0427678
0.222953	-0.043505
0.226179	-0.0441811
0.229451	-0.0447935
0.232772	-0.0453397
0.23614	-0.0458175
0.239556	-0.0462244
0.243023	-0.0465583
0.246539	-0.0468169
0.250107	-0.0469984
0.253725	-0.0471007
0.257397	-0.0471219
0.261121	-0.0470605
0.2649	-0.0469148
0.268733	-0.0466834
0.272621	-0.0463649
0.276566	-0.0459583
0.280567	-0.0454625
0.284627	-0.0448766
0.288746	-0.0442001
0.292924	-0.0434323
0.297162	-0.0425731
0.301462	-0.0416222
0.305824	-0.0405798
0.310249	-0.039446
0.314738	-0.0382214
0.319292	-0.0369066
0.323912	-0.0355024
0.328599	-0.0340099
0.333354	-0.0324305
0.338178	-0.0307657
0.343071	-0.0290171
0.348035	-0.0271867
0.353071	-0.0252766
0.35818	-0.0232894
0.363362	-0.0212275
0.36862	-0.0190937
0.373954	-0.0168912
0.379365	-0.0146232
0.384854	-0.0122932
0.390423	-0.00990472
0.396072	-0.00746179
0.401803	-0.00496844
0.407617	-0.00242895
0.413515	0.000152212
0.419498	0.00277042
0.425568	0.00542085
0.431726	0.00809853
0.437973	0.0107983
0.44431	0.013515
0.450739	0.0162431
0.457261	0.018977
0.463878	0.0217113
0.47059	0.0244401
0.477399	0.0271575
0.484307	0.0298578
0.491315	0.032535
0.498424	0.035183
0.505636	0.0377958
0.512952	0.0403674
0.520374	0.0428917
0.527904	0.0453627
0.535542	0.0477745
0.543291	0.050121
0.551153	0.0523964
0.559128	0.0545949
0.567218	0.0567107
0.575425	0.0587383
0.583751	0.0606721
0.592198	0.0625068
0.600767	0.0642373
0.60946	0.0658584
0.618278	0.0673654
0.627225	0.0687537
0.6363	0.0700187
0.645507	0.0711564
0.654848	0.0721628
0.664323	0.0730342
0.673935	0.0737671
0.683687	0.0743584
0.69358	0.0748053
0.703616	0.0751051
0.713797	0.0752557
0.724125	0.0752551
0.734603	0.0751016
0.745232	0.0747939
0.756015	0.074331
0.766954	0.0737123
0.778052	0.0729375
0.78931	0.0720065
0.800731	0.0709196
0.812317	0.0696776
0.824071	0.0682813
0.835995	0.066732
0.848092	0.0650313
0.860363	0.0631812
0.872812	0.0611837
0.885442	0.0590413
0.898254	0.0567569
0.911251	0.0543333
0.924436	0.0517739
0.937813	0.0490821
0.951382	0.0462617
0.965148	0.0433166
0.979114	0.040251
0.993281	0.0370693
1.00765	0.033776
1.02223	0.0303758
1.03703	0.0268736
1.05203	0.0232744
1.06725	0.0195834
1.0827	0.0158058
1.09836	0.011947
1.11425	0.00801256
1.13038	0.00400798
1.14673	-6.10888e-05
1.16333	-0.00418894
1.18016	-0.0083698
1.19724	-0.0125979
1.21456	-0.0168674
1.23213	-0.0211724
1.24996	-0.025507
1.26805	-0.0298655
1.2864	-0.0342418
1.30501	-0.0386302
1.32389	-0.0430249
1.34305	-0.0474199
1.36248	-0.0518096
1.3822	-0.0561881
1.4022	-0.0605499
1.42249	-0.0648892
1.44307	-0.0692006
1.46395	-0.0734785
1.48513	-0.0777174
1.50662	-0.081912
1.52842	-0.086057
1.55054	-0.0901473
1.57297	-0.0941776
1.59573	-0.0981431
1.61882	-0.102039
1.64225	-0.10586
1.66601	-0.109601
1.69012	-0.113258
1.71457	-0.116827
1.73938	-0.120303
1.76455	-0.123681
1.79008	-0.126958
1.81598	-0.130129
1.84226	-0.13319
1.86892	-0.136138
1.89596	-0.138968
1.92339	-0.141677
1.95122	-0.144261
1.97946	-0.146717
2.0081	-0.149041
2.03715	-0.15123
2.06663	-0.153281
2.09653	-0.155191
2.12687	-0.156957
2.15764	-0.158576
2.18886	-0.160045
2.22054	-0.161361
2.25267	-0.162523
2.28526	-0.163527
2.31833	-0.164371
2.35187	-0.165053
2.38591	-0.165572
2.42043	-0.165924
2.45545	-0.166107
2.49098	-0.166122
2.52702	-0.165964
2.56359	-0.165634
2.60068	-0.165129
2.63831	-0.164448
2.67649	-0.16359
2.71522	-0.162554
2.7545	-0.161338
2.79436	-0.159943
2.83479	-0.158367
2.87581	-0.15661
2.91742	-0.154671
2.95964	-0.152551
3.00246	-0.150248
3.04591	-0.147762
3.08998	-0.145095
3.13469	-0.142246
3.18005	-0.139216
3.22606	-0.136005
3.27274	-0.132613
3.3201	-0.129043
3.36814	-0.125295
3.41687	-0.121369
3.46631	-0.117268
3.51647	-0.112993
3.56735	-0.108546
3.61897	-0.103929
3.67134	-0.0991429
3.72446	-0.0941912
3.77835	-0.0890759
3.83302	-0.0837997
3.88848	-0.0783654
3.94475	-0.072776
4.00183	-0.0670347
4.05973	-0.0611448
4.11847	-0.05511
4.17807	-0.0489341
4.23852	-0.0426209
4.29985	-0.0361748
4.36207	-0.0295999
4.42519	-0.0229009
4.48922	-0.0160826
4.55417	-0.00914978
4.62007	-0.0021077
4.68692	0.00503834
4.75474	0.0122828
4.82354	0.0196201
4.89333	0.0270442
4.96414	0.034549
5.03597	0.0421284
5.10884	0.049776
5.18276	0.057485
5.25775	0.0652488
5.33383	0.0730604
5.41101	0.0809128
5.4893	0.0887988
5.56873	0.0967109
5.64931	0.104642
5.73105	0.112583
5.81398	0.120529
5.8981	0.128469
5.98344	0.136397
6.07002	0.144304
6.15785	0.152183
6.24695	0.160024
6.33735	0.16782
6.42904	0.175562
6.52207	0.183242
6.61644	0.190852
6.71218	0.198382
6.8093	0.205824
6.90783	0.21317
7.00778	0.220412
7.10918	0.22754
7.21205	0.234546
7.3164	0.241422
7.42227	0.248158
7.52967	0.254748
7.63862	0.261182
7.74915	0.267452
7.86127	0.273549
7.97502	0.279466
8.09042	0.285195
8.20748	0.290727
8.32624	0.296055
8.44672	0.30117
8.56894	0.306066
8.69293	0.310734
8.81871	0.315167
8.94631	0.319358
9.07576	0.323299
9.20709	0.326983
9.34031	0.330404
9.47546	0.333554
9.61257	0.336427
9.75166	0.339016
9.89276	0.341314
10.0359	0.343316
10.1811	0.345014
10.3284	0.346403
10.4779	0.347476
10.6295	0.348229
10.7833	0.348653
10.9393	0.348745
11.0976	0.348498
11.2582	0.347907
11.4211	0.346966
11.5864	0.34567
11.754	0.344013
11.9241	0.341991
12.0966	0.339598
12.2716	0.336828
12.4492	0.333678
12.6293	0.330142
12.8121	0.326216
12.9975	0.321895
13.1855	0.317174
13.3763	0.312049
13.5699	0.306517
13.7662	0.300572
13.9654	0.294213
14.1675	0.287434
14.3725	0.280233
14.5805	0.272607
14.7914	0.264554
15.0055	0.256072
15.2226	0.247159
15.4428	0.237814
15.6663	0.228037
15.893	0.217828
16.1229	0.207189
16.3562	0.19612
16.5929	0.184626
16.833	0.172709
17.0766	0.160376
17.3237	0.147631
17.5743	0.134483
17.8286	0.120939
18.0866	0.107012
18.3483	0.0927116
18.6138	0.0780531
18.8831	0.0630516
19.1564	0.0477248
19.4335	0.0320925
19.7147	0.0161762
