2.9577e-06	0.000125002
5.91541e-06	0.000250002
8.87311e-06	0.000374999
1.18308e-05	0.000499991
1.47885e-05	0.000624978
1.77462e-05	0.000749958
2.07039e-05	0.000874928
2.36616e-05	0.000999889
2.66193e-05	0.00112484
2.9577e-05	0.00124977
3.25348e-05	0.00137469
3.54925e-05	0.0014996
3.84502e-05	0.00162449
4.14079e-05	0.00174936
4.43656e-05	0.00187421
4.73233e-05	0.00199904
5.0281e-05	0.00212385
5.32387e-05	0.00224863
5.61964e-05	0.00237339
5.91541e-05	0.00249812
6.21118e-05	0.00262283
6.50695e-05	0.00274751
6.80272e-05	0.00287216
7.09849e-05	0.00299679
7.39426e-05	0.00312138
7.69003e-05	0.00324594
7.9858e-05	0.00337047
8.28157e-05	0.00349496
8.57734e-05	0.00361942
8.87311e-05	0.00374385
9.16888e-05	0.00386825
9.46466e-05	0.0039926
9.76043e-05	0.00411693
0.000100562	0.00424122
0.00010352	0.00436547
0.000106477	0.00448969
0.000109435	0.00461387
0.000112393	0.00473801
0.00011535	0.00486212
0.000118308	0.00498619
0.000121266	0.00511023
0.000124224	0.00523423
0.000127181	0.00535819
0.000130139	0.00548212
0.000133097	0.00560601
0.000136054	0.00572986
0.000139012	0.00585368
0.00014197	0.00597747
0.000144928	0.00610121
0.000147885	0.00622492
0.000150843	0.0063486
0.000153801	0.00647224
0.000156758	0.00659584
0.000159716	0.00671941
0.000162674	0.00684294
0.000165631	0.00696643
0.000168589	0.00708989
0.000171547	0.00721332
0.000174505	0.0073367
0.000177462	0.00746005
0.00018042	0.00758337
0.000183378	0.00770665
0.000186335	0.00782989
0.000189293	0.0079531
0.000192251	0.00807627
0.000195209	0.0081994
0.000198166	0.0083225
0.000201124	0.00844556
0.000204082	0.00856859
0.000207035	0.00869138
0.00021003	0.00881592
0.000213069	0.00894222
0.000216152	0.0090703
0.00021928	0.0092002
0.000222453	0.00933194
0.000225672	0.00946555
0.000228937	0.00960104
0.00023225	0.00973845
0.00023561	0.0098778
0.000239019	0.0100191
0.000242478	0.0101624
0.000245987	0.0103078
0.000249546	0.0104552
0.000253157	0.0106046
0.00025682	0.0107562
0.000260536	0.0109099
0.000264306	0.0110658
0.00026813	0.0112239
0.00027201	0.0113842
0.000275946	0.0115468
0.000279939	0.0117116
0.000283989	0.0118788
0.000288098	0.0120483
0.000292267	0.0122202
0.000296496	0.0123945
0.000300786	0.0125713
0.000305138	0.0127505
0.000309554	0.0129323
0.000314033	0.0131166
0.000318577	0.0133035
0.000323186	0.013493
0.000327863	0.0136851
0.000332607	0.01388
0.000337419	0.0140776
0.000342302	0.0142779
0.000347255	0.014481
0.000352279	0.014687
0.000357377	0.0148959
0.000362548	0.0151076
0.000367794	0.0153223
0.000373115	0.01554
0.000378514	0.0157608
0.000383991	0.0159846
0.000389547	0.0162115
0.000395184	0.0164416
0.000400902	0.0166749
0.000406703	0.0169114
0.000412588	0.0171512
0.000418558	0.0173943
0.000424614	0.0176408
0.000430758	0.0178907
0.000436991	0.0181441
0.000443314	0.018401
0.000449729	0.0186614
0.000456236	0.0189254
0.000462838	0.0191931
0.000469535	0.0194644
0.000476329	0.0197395
0.000483221	0.0200184
0.000490213	0.0203012
0.000497306	0.0205878
0.000504502	0.0208783
0.000511802	0.0211729
0.000519208	0.0214715
0.00052672	0.0217742
0.000534342	0.022081
0.000542073	0.022392
0.000549917	0.0227073
0.000557874	0.0230269
0.000565946	0.0233509
0.000574135	0.0236792
0.000582443	0.0240121
0.000590871	0.0243495
0.00059942	0.0246914
0.000608094	0.025038
0.000616892	0.0253894
0.000625819	0.0257455
0.000634874	0.0261064
0.00064406	0.0264722
0.00065338	0.0268429
0.000662834	0.0272187
0.000672425	0.0275995
0.000682154	0.0279855
0.000692025	0.0283766
0.000702038	0.0287731
0.000712196	0.0291748
0.000722502	0.0295819
0.000732956	0.0299945
0.000743561	0.0304126
0.00075432	0.0308364
0.000765235	0.0312657
0.000776308	0.0317008
0.000787541	0.0321417
0.000798936	0.0325885
0.000810496	0.0330412
0.000822224	0.0334999
0.000834121	0.0339646
0.000846191	0.0344356
0.000858435	0.0349127
0.000870856	0.0353962
0.000883457	0.035886
0.00089624	0.0363822
0.000909208	0.036885
0.000922364	0.0373944
0.00093571	0.0379105
0.00094925	0.0384332
0.000962985	0.0389629
0.000976919	0.0394994
0.000991054	0.0400429
0.00100539	0.0405935
0.00101994	0.0411512
0.0010347	0.0417161
0.00104967	0.0422883
0.00106486	0.0428679
0.00108027	0.043455
0.0010959	0.0440496
0.00111176	0.0446518
0.00112784	0.0452617
0.00114416	0.0458795
0.00116072	0.0465051
0.00117751	0.0471386
0.00119455	0.0477802
0.00121184	0.04843
0.00122937	0.0490879
0.00124716	0.0497542
0.00126521	0.0504288
0.00128351	0.0511119
0.00130208	0.0518036
0.00132092	0.0525039
0.00134004	0.0532129
0.00135943	0.0539307
0.0013791	0.0546575
0.00139905	0.0553932
0.0014193	0.0561381
0.00143983	0.056892
0.00146067	0.0576553
0.0014818	0.0584278
0.00150324	0.0592098
0.001525	0.0600014
0.00154706	0.0608025
0.00156945	0.0616133
0.00159216	0.0624339
0.00161519	0.0632643
0.00163856	0.0641048
0.00166227	0.0649552
0.00168633	0.0658158
0.00171073	0.0666865
0.00173548	0.0675676
0.00176059	0.0684591
0.00178607	0.069361
0.00181191	0.0702735
0.00183813	0.0711966
0.00186473	0.0721304
0.00189171	0.073075
0.00191908	0.0740305
0.00194685	0.0749969
0.00197502	0.0759744
0.0020036	0.076963
0.00203259	0.0779628
0.002062	0.0789739
0.00209183	0.0799963
0.0021221	0.0810301
0.00215281	0.0820754
0.00218396	0.0831323
0.00221556	0.0842009
0.00224762	0.0852811
0.00228014	0.0863731
0.00231313	0.0874769
0.0023466	0.0885926
0.00238056	0.0897203
0.002415	0.09086
0.00244995	0.0920118
0.0024854	0.0931757
0.00252136	0.0943518
0.00255784	0.0955401
0.00259485	0.0967407
0.0026324	0.0979536
0.00267049	0.0991789
0.00270913	0.100417
0.00274833	0.101667
0.0027881	0.102929
0.00282844	0.104204
0.00286937	0.105492
0.00291088	0.106792
0.002953	0.108105
0.00299573	0.10943
0.00303908	0.110768
0.00308305	0.112119
0.00312766	0.113482
0.00317292	0.114858
0.00321883	0.116246
0.00326541	0.117647
0.00331266	0.119061
0.00336059	0.120487
0.00340921	0.121925
0.00345854	0.123376
0.00350859	0.12484
0.00355936	0.126316
0.00361086	0.127804
0.00366311	0.129305
0.00371611	0.130818
0.00376988	0.132343
0.00382443	0.13388
0.00387977	0.135429
0.00393591	0.13699
0.00399286	0.138563
0.00405063	0.140147
0.00410924	0.141744
0.0041687	0.143351
0.00422902	0.14497
0.00429021	0.1466
0.00435229	0.148242
0.00441527	0.149894
0.00447915	0.151557
0.00454396	0.15323
0.00460971	0.154914
0.00467641	0.156607
0.00474408	0.158311
0.00481273	0.160025
0.00488236	0.161748
0.00495301	0.16348
0.00502468	0.165221
0.00509738	0.166971
0.00517114	0.168729
0.00524596	0.170496
0.00532187	0.17227
0.00539888	0.174052
0.005477	0.175841
0.00555625	0.177636
0.00563664	0.179438
0.0057182	0.181247
0.00580094	0.18306
0.00588488	0.184879
0.00597003	0.186703
0.00605641	0.188531
0.00614405	0.190364
0.00623295	0.192199
0.00632314	0.194037
0.00641463	0.195878
0.00650745	0.197721
0.00660161	0.199565
0.00669713	0.201409
0.00679404	0.203254
0.00689234	0.205098
0.00699207	0.206942
0.00709325	0.208783
0.00719588	0.210622
0.0073	0.212458
0.00740563	0.214289
0.00751279	0.216117
0.00762149	0.217938
0.00773177	0.219754
0.00784365	0.221563
0.00795714	0.223363
0.00807228	0.225155
0.00818908	0.226938
0.00830758	0.228709
0.00842778	0.23047
0.00854973	0.232218
0.00867344	0.233952
0.00879894	0.235672
0.00892626	0.237376
0.00905542	0.239064
0.00918645	0.240734
0.00931937	0.242386
0.00945422	0.244017
0.00959102	0.245627
0.00972979	0.247214
0.00987058	0.248778
0.0100134	0.250317
0.0101583	0.25183
0.0103053	0.253315
0.0104544	0.254771
0.0106057	0.256197
0.0107591	0.25759
0.0109148	0.258951
0.0110727	0.260277
0.011233	0.261566
0.0113955	0.262817
0.0115604	0.264029
0.0117277	0.2652
0.0118973	0.266328
0.0120695	0.267411
0.0122441	0.268449
0.0124213	0.269438
0.012601	0.270378
0.0127834	0.271266
0.0129683	0.2721
0.013156	0.27288
0.0133463	0.273602
0.0135395	0.274265
0.0137354	0.274867
0.0139341	0.275406
0.0141357	0.27588
0.0143403	0.276286
0.0145478	0.276624
0.0147583	0.27689
0.0149718	0.277083
0.0151885	0.2772
0.0154082	0.277239
0.0156312	0.277198
0.0158574	0.277075
0.0160868	0.276868
0.0163196	0.276574
0.0165557	0.276191
0.0167953	0.275716
0.0170383	0.275148
0.0172848	0.274484
0.0175349	0.273722
0.0177887	0.272859
0.018046	0.271893
0.0183072	0.270822
0.0185721	0.269643
0.0188408	0.268354
0.0191134	0.266952
0.01939	0.265436
0.0196705	0.263803
0.0199552	0.26205
0.0202439	0.260175
0.0205368	0.258176
0.020834	0.25605
0.0211354	0.253796
0.0214413	0.251411
0.0217515	0.248892
0.0220663	0.246238
0.0223855	0.243446
0.0227094	0.240515
0.023038	0.237441
0.0233714	0.234224
0.0237096	0.23086
0.0240526	0.227349
0.0244007	0.223688
0.0247537	0.219875
0.0251119	0.215909
0.0254753	0.211788
0.0258439	0.20751
0.0262178	0.203074
0.0265972	0.198479
0.0269821	0.193722
0.0273725	0.188804
0.0277685	0.183722
0.0281703	0.178475
0.028578	0.173064
0.0289915	0.167486
0.029411	0.161742
0.0298365	0.155831
0.0302682	0.149752
0.0307062	0.143505
0.0311505	0.137091
0.0316013	0.130509
0.0320585	0.12376
0.0325224	0.116844
0.032993	0.109761
0.0334704	0.102513
0.0339547	0.0951009
0.034446	0.0875254
0.0349444	0.0797883
0.03545	0.0718911
0.035963	0.0638359
0.0364833	0.0556247
0.0370112	0.0472599
0.0375468	0.0387442
0.0380901	0.0300806
0.0386412	0.0212721
0.0392003	0.0123222
0.0397676	0.00323462
0.040343	-0.00598662
0.0409267	-0.0153372
0.0415189	-0.0248126
0.0421197	-0.0344078
0.0427291	-0.0441176
0.0433474	-0.0539365
0.0439746	-0.0638586
0.0446109	-0.0738778
0.0452564	-0.0839874
0.0459113	-0.0941807
0.0465756	-0.10445
0.0472495	-0.114789
0.0479332	-0.125188
0.0486268	-0.13564
0.0493304	-0.146137
0.0500442	-0.156668
0.0507683	-0.167225
0.0515029	-0.177797
0.0522481	-0.188376
0.0530041	-0.19895
0.0537711	-0.209509
0.0545491	-0.220042
0.0553384	-0.230536
0.0561391	-0.24098
0.0569514	-0.251363
0.0577755	-0.26167
0.0586115	-0.271891
0.0594596	-0.28201
0.0603199	-0.292015
0.0611927	-0.301892
0.0620782	-0.311626
0.0629764	-0.321204
0.0638877	-0.33061
0.0648121	-0.339829
0.0657499	-0.348847
0.0667013	-0.357647
0.0676664	-0.366213
0.0686455	-0.374531
0.0696388	-0.382584
0.0706464	-0.390355
0.0716686	-0.397828
0.0727057	-0.404987
0.0737577	-0.411815
0.0748249	-0.418295
0.0759076	-0.424411
0.077006	-0.430146
0.0781202	-0.435482
0.0792506	-0.440404
0.0803973	-0.444895
0.0815606	-0.448938
0.0827408	-0.452518
0.083938	-0.455617
0.0851525	-0.45822
0.0863847	-0.460312
0.0876346	-0.461877
0.0889027	-0.4629
0.090189	-0.463366
0.091494	-0.463263
0.0928179	-0.462574
0.094161	-0.461289
0.0955234	-0.459394
0.0969056	-0.456877
0.0983078	-0.453726
0.0997303	-0.449933
0.101173	-0.445486
0.102637	-0.440376
0.104122	-0.434596
0.105629	-0.428138
0.107157	-0.420997
0.108708	-0.413166
0.110281	-0.404642
0.111877	-0.395421
0.113495	-0.385502
0.115138	-0.374884
0.116804	-0.363568
0.118494	-0.351555
0.120208	-0.338848
0.121948	-0.325452
0.123712	-0.311374
0.125502	-0.296619
0.127318	-0.281198
0.12916	-0.265121
0.131029	-0.248399
0.132925	-0.231047
0.134849	-0.213079
0.1368	-0.194512
0.138779	-0.175365
0.140787	-0.155657
0.142825	-0.135411
0.144891	-0.114651
0.146988	-0.0934
0.149115	-0.0716866
0.151272	-0.0495389
0.153461	-0.026987
0.155681	-0.00406302
0.157934	0.0191997
0.160219	0.0427658
0.162538	0.0665988
0.16489	0.0906602
0.167275	0.11491
0.169696	0.139308
0.172151	0.16381
0.174642	0.188372
0.177169	0.21295
0.179733	0.237497
0.182333	0.261965
0.184972	0.286305
0.187648	0.310467
0.190363	0.334401
0.193118	0.358055
0.195912	0.381378
0.198747	0.404315
0.201623	0.426815
0.20454	0.448823
0.2075	0.470286
0.210502	0.49115
0.213548	0.511361
0.216638	0.530864
0.219773	0.549608
0.222953	0.567538
0.226179	0.584602
0.229451	0.600749
0.232772	0.615928
0.23614	0.630089
0.239556	0.643183
0.243023	0.655163
0.246539	0.665984
0.250107	0.675602
0.253725	0.683973
0.257397	0.691058
0.261121	0.696819
0.2649	0.701219
0.268733	0.704225
0.272621	0.705805
0.276566	0.705931
0.280567	0.704578
0.284627	0.701722
0.288746	0.697344
0.292924	0.691428
0.297162	0.683958
0.301462	0.674927
0.305824	0.664326
0.310249	0.652152
0.314738	0.638407
0.319292	0.623094
0.323912	0.606222
0.328599	0.5878
0.333354	0.567845
0.338178	0.546376
0.343071	0.523416
0.348035	0.498992
0.353071	0.473134
0.35818	0.445876
0.363362	0.417257
0.36862	0.387319
0.373954	0.356107
0.379365	0.32367
0.384854	0.290061
0.390423	0.255336
0.396072	0.219555
0.401803	0.18278
0.407617	0.145077
0.413515	0.106514
0.419498	0.0671621
0.425568	0.0270962
0.431726	-0.0136079
0.437973	-0.0548716
0.44431	-0.0966145
0.450739	-0.138754
0.457261	-0.181207
0.463878	-0.223888
0.47059	-0.266711
0.477399	-0.309588
0.484307	-0.352433
0.491315	-0.395156
0.498424	-0.437671
0.505636	-0.479888
0.512952	-0.521722
0.520374	-0.563085
0.527904	-0.603892
0.535542	-0.644059
0.543291	-0.683502
0.551153	-0.722141
0.559128	-0.759896
0.567218	-0.796691
0.575425	-0.832452
0.583751	-0.867107
0.592198	-0.900588
0.600767	-0.93283
0.60946	-0.96377
0.618278	-0.99335
0.627225	-1.02152
0.6363	-1.04822
0.645507	-1.07341
0.654848	-1.09705
0.664323	-1.11909
0.673935	-1.13952
0.683687	-1.15829
0.69358	-1.17539
0.703616	-1.19079
0.713797	-1.20448
0.724125	-1.21646
0.734603	-1.22671
0.745232	-1.23524
0.756015	-1.24206
0.766954	-1.24717
0.778052	-1.25059
0.78931	-1.25233
0.800731	-1.25243
0.812317	-1.2509
0.824071	-1.24779
0.835995	-1.24312
0.848092	-1.23694
0.860363	-1.22929
0.872812	-1.22021
0.885442	-1.20975
0.898254	-1.19798
0.911251	-1.18493
0.924436	-1.17067
0.937813	-1.15526
0.951382	-1.13876
0.965148	-1.12123
0.979114	-1.10274
0.993281	-1.08334
1.00765	-1.06311
1.02223	-1.04211
1.03703	-1.02041
1.05203	-0.998066
1.06725	-0.975155
1.0827	-0.95174
1.09836	-0.927884
1.11425	-0.903653
1.13038	-0.879109
1.14673	-0.854313
1.16333	-0.829327
1.18016	-0.80421
1.19724	-0.779017
1.21456	-0.753805
1.23213	-0.728627
1.24996	-0.703533
1.26805	-0.678574
1.2864	-0.653794
1.30501	-0.62924
1.32389	-0.604952
1.34305	-0.58097
1.36248	-0.55733
1.3822	-0.534069
1.4022	-0.511216
1.42249	-0.488802
1.44307	-0.466853
1.46395	-0.445394
1.48513	-0.424445
1.50662	-0.404028
1.52842	-0.384157
1.55054	-0.364848
1.57297	-0.346113
1.59573	-0.327962
1.61882	-0.310402
1.64225	-0.293439
1.66601	-0.277077
1.69012	-0.261318
1.71457	-0.24616
1.73938	-0.231603
1.76455	-0.217642
1.79008	-0.204272
1.81598	-0.191487
1.84226	-0.179279
1.86892	-0.167639
1.89596	-0.156556
1.92339	-0.146019
1.95122	-0.136015
1.97946	-0.126532
2.0081	-0.117555
2.03715	-0.10907
2.06663	-0.101061
2.09653	-0.0935137
2.12687	-0.0864115
2.15764	-0.0797382
2.18886	-0.0734774
2.22054	-0.0676124
2.25267	-0.0621266
2.28526	-0.0570035
2.31833	-0.0522264
2.35187	-0.0477789
2.38591	-0.0436448
2.42043	-0.0398082
2.45545	-0.0362532
2.49098	-0.0329647
2.52702	-0.0299275
2.56359	-0.0271271
2.60068	-0.0245492
2.63831	-0.0221803
2.67649	-0.020007
2.71522	-0.0180167
2.7545	-0.016197
2.79436	-0.0145363
2.83479	-0.0130233
2.87581	-0.0116474
2.91742	-0.0103984
2.95964	-0.00926665
3.00246	-0.0082431
3.04591	-0.00731911
3.08998	-0.00648658
3.13469	-0.00573789
3.18005	-0.0050659
3.22606	-0.00446395
3.27274	-0.00392579
3.3201	-0.00344564
3.36814	-0.00301812
3.41687	-0.00263824
3.46631	-0.0023014
3.51647	-0.00200336
3.56735	-0.0017402
3.61897	-0.00150835
3.67134	-0.00130454
3.72446	-0.00112577
3.77835	-0.000969317
3.83302	-0.000832709
3.88848	-0.000713705
3.94475	-0.000610278
4.00183	-0.000520603
4.05973	-0.000443039
4.11847	-0.000376113
4.17807	-0.000318509
4.23852	-0.000269053
4.29985	-0.000226699
4.36207	-0.000190522
4.42519	-0.000159701
4.48922	-0.000133511
4.55417	-0.000111318
4.62007	-9.25617e-05
4.68692	-7.67536e-05
4.75474	-6.34677e-05
4.82354	-5.23329e-05
4.89333	-4.30277e-05
4.96414	-3.52741e-05
5.03597	-2.88324e-05
5.10884	-2.34965e-05
5.18276	-1.909e-05
5.25775	-1.54622e-05
5.33383	-1.24847e-05
5.41101	-1.00487e-05
5.4893	-8.06212e-06
5.56873	-6.44722e-06
5.64931	-5.13879e-06
5.73105	-4.08221e-06
5.81398	-3.23187e-06
5.8981	-2.54987e-06
5.98344	-2.00478e-06
6.07002	-1.57064e-06
6.15785	-1.2261e-06
6.24695	-9.53664e-07
6.33735	-7.3903e-07
6.42904	-5.70562e-07
6.52207	-4.38828e-07
6.61644	-3.36214e-07
6.71218	-2.56591e-07
6.8093	-1.95051e-07
6.90783	-1.47677e-07
7.00778	-1.11355e-07
7.10918	-8.3621e-08
7.21205	-6.25322e-08
7.3164	-4.6564e-08
7.42227	-3.45246e-08
7.52967	-2.54866e-08
7.63862	-1.87316e-08
7.74915	-1.37054e-08
7.86127	-9.98237e-09
7.97502	-7.23724e-09
8.09042	-5.22255e-09
8.20748	-3.75089e-09
8.32624	-2.68101e-09
8.44672	-1.90699e-09
8.56894	-1.34975e-09
8.69293	-9.50562e-10
8.81871	-6.66046e-10
8.94631	-4.64293e-10
9.07576	-3.21968e-10
9.20709	-2.22093e-10
9.34031	-1.5238e-10
9.47546	-1.03982e-10
9.61257	-7.05665e-11
9.75166	-4.76229e-11
9.89276	-3.1956e-11
10.0359	-2.13205e-11
10.1811	-1.41428e-11
10.3284	-9.32623e-12
10.4779	-6.1129e-12
10.6295	-3.98247e-12
10.7833	-2.57892e-12
10.9393	-1.65984e-12
11.0976	-1.06129e-12
11.2582	-6.74404e-13
11.4211	-4.25269e-13
11.5864	-2.66586e-13
11.754	-1.66357e-13
11.9241	-1.02768e-13
12.0966	-6.30712e-14
12.2716	-3.9062e-14
12.4492	-2.36566e-14
12.6293	-1.38004e-14
12.8121	-8.07767e-15
12.9975	-5.17209e-15
13.1855	-3.05286e-15
13.3763	-2.0286e-15
13.5699	-6.80595e-16
13.7662	-7.9845e-17
13.9654	-4.04213e-16
14.1675	-3.31839e-16
14.3725	-8.87867e-16
14.5805	6.00313e-18
14.7914	4.07065e-16
15.0055	-2.69451e-16
15.2226	9.80914e-17
15.4428	-2.73257e-17
15.6663	1.77719e-16
15.893	2.17328e-16
16.1229	-3.50235e-16
16.3562	-3.4303e-16
16.5929	-9.38511e-17
16.833	2.0718e-16
17.0766	1.06842e-16
17.3237	-1.80978e-16
17.5743	-1.10587e-16
17.8286	3.71767e-16
18.0866	-8.69149e-17
18.3483	-2.85481e-16
18.6138	-8.94512e-17
18.8831	5.36273e-16
19.1564	-2.84221e-16
19.4335	-2.21876e-16
19.7147	5.19538e-16
