4.02414e-06	0.000204285
8.04829e-06	0.000408567
1.20724e-05	0.000612841
1.60966e-05	0.000817105
2.01207e-05	0.00102135
2.41449e-05	0.00122559
2.8169e-05	0.0014298
3.21932e-05	0.00163398
3.62173e-05	0.00183814
4.02414e-05	0.00204227
4.42656e-05	0.00224637
4.82897e-05	0.00245043
5.23139e-05	0.00265444
5.6338e-05	0.00285842
6.03622e-05	0.00306235
6.43863e-05	0.00326624
6.84105e-05	0.00347008
7.24346e-05	0.00367386
7.64588e-05	0.0038776
8.04829e-05	0.00408128
8.4507e-05	0.00428491
8.85312e-05	0.00448847
9.25553e-05	0.00469199
9.65795e-05	0.00489544
0.000100604	0.00509884
0.000104628	0.00530218
0.000108652	0.00550546
0.000112676	0.00570869
0.0001167	0.00591186
0.000120724	0.00611497
0.000124748	0.00631802
0.000128773	0.00652102
0.000132797	0.00672396
0.000136821	0.00692684
0.000140845	0.00712966
0.000144869	0.00733243
0.000148893	0.00753514
0.000152918	0.00773779
0.000156942	0.00794039
0.000160966	0.00814293
0.00016499	0.00834541
0.000169014	0.00854783
0.000173038	0.00875019
0.000177062	0.0089525
0.000181087	0.00915475
0.000185111	0.00935695
0.000189135	0.00955908
0.000193159	0.00976116
0.000197183	0.00996319
0.000201207	0.0101652
0.000205231	0.0103671
0.000209256	0.0105689
0.00021328	0.0107707
0.000217304	0.0109724
0.000221328	0.0111741
0.000225352	0.0113757
0.000229376	0.0115773
0.0002334	0.0117788
0.000237425	0.0119803
0.000241449	0.0121817
0.000245473	0.012383
0.000249497	0.0125843
0.000253521	0.0127855
0.000257545	0.0129867
0.000261569	0.0131878
0.000265594	0.0133888
0.000269618	0.0135898
0.000273642	0.0137907
0.000277666	0.0139916
0.00028169	0.0141924
0.000285714	0.0143932
0.000289727	0.0145933
0.000293795	0.0147962
0.000297921	0.0150019
0.000302105	0.0152103
0.000306347	0.0154217
0.000310649	0.0156359
0.000315012	0.0158531
0.000319435	0.0160733
0.000323921	0.0162965
0.00032847	0.0165228
0.000333083	0.0167521
0.00033776	0.0169846
0.000342503	0.0172203
0.000347313	0.0174593
0.00035219	0.0177015
0.000357136	0.017947
0.000362152	0.0181959
0.000367237	0.0184481
0.000372394	0.0187039
0.000377624	0.0189631
0.000382927	0.0192258
0.000388304	0.0194922
0.000393757	0.0197622
0.000399287	0.0200359
0.000404894	0.0203133
0.00041058	0.0205945
0.000416346	0.0208795
0.000422192	0.0211684
0.000428121	0.0214613
0.000434133	0.0217581
0.00044023	0.022059
0.000446412	0.0223639
0.000452681	0.022673
0.000459038	0.0229863
0.000465484	0.0233039
0.000472021	0.0236258
0.00047865	0.023952
0.000485371	0.0242827
0.000492187	0.0246178
0.000499099	0.0249575
0.000506108	0.0253018
0.000513215	0.0256508
0.000520422	0.0260045
0.000527731	0.0263629
0.000535142	0.0267262
0.000542657	0.0270944
0.000550277	0.0274676
0.000558005	0.0278458
0.000565841	0.0282291
0.000573787	0.0286176
0.000581845	0.0290113
0.000590015	0.0294103
0.000598301	0.0298146
0.000606703	0.0302244
0.000615223	0.0306397
0.000623862	0.0310606
0.000632623	0.0314871
0.000641507	0.0319194
0.000650516	0.0323574
0.000659651	0.0328013
0.000668915	0.0332511
0.000678308	0.033707
0.000687834	0.0341689
0.000697493	0.034637
0.000707288	0.0351113
0.00071722	0.035592
0.000727292	0.0360791
0.000737506	0.0365726
0.000747862	0.0370727
0.000758365	0.0375795
0.000769014	0.0380929
0.000779814	0.0386132
0.000790764	0.0391404
0.000801869	0.0396746
0.00081313	0.0402158
0.000824549	0.0407642
0.000836128	0.0413198
0.00084787	0.0418828
0.000859776	0.0424532
0.00087185	0.0430311
0.000884093	0.0436165
0.000896509	0.0442097
0.000909098	0.0448107
0.000921865	0.0454196
0.000934811	0.0460364
0.000947938	0.0466613
0.00096125	0.0472944
0.000974749	0.0479358
0.000988437	0.0485855
0.00100232	0.0492437
0.00101639	0.0499105
0.00103067	0.0505859
0.00104514	0.0512701
0.00105982	0.0519632
0.0010747	0.0526653
0.00108979	0.0533764
0.0011051	0.0540968
0.00112062	0.0548264
0.00113635	0.0555655
0.00115231	0.056314
0.00116849	0.0570722
0.0011849	0.0578402
0.00120154	0.0586179
0.00121841	0.0594057
0.00123552	0.0602035
0.00125287	0.0610115
0.00127047	0.0618299
0.00128831	0.0626586
0.0013064	0.0634979
0.00132475	0.0643478
0.00134335	0.0652085
0.00136222	0.0660801
0.00138134	0.0669627
0.00140074	0.0678565
0.00142041	0.0687615
0.00144036	0.0696779
0.00146059	0.0706057
0.0014811	0.0715453
0.0015019	0.0724965
0.00152299	0.0734596
0.00154438	0.0744348
0.00156606	0.075422
0.00158806	0.0764216
0.00161036	0.0774335
0.00163297	0.0784579
0.0016559	0.079495
0.00167916	0.0805448
0.00170274	0.0816075
0.00172665	0.0826833
0.0017509	0.0837722
0.00177548	0.0848745
0.00180042	0.0859901
0.0018257	0.0871193
0.00185134	0.0882623
0.00187734	0.089419
0.0019037	0.0905897
0.00193043	0.0917745
0.00195754	0.0929735
0.00198503	0.0941869
0.00201291	0.0954148
0.00204118	0.0966574
0.00206984	0.0979147
0.00209891	0.0991869
0.00212838	0.100474
0.00215827	0.101777
0.00218858	0.103094
0.00221931	0.104427
0.00225048	0.105776
0.00228208	0.107141
0.00231413	0.108521
0.00234663	0.109917
0.00237958	0.11133
0.002413	0.112758
0.00244688	0.114203
0.00248125	0.115665
0.00251609	0.117143
0.00255142	0.118638
0.00258725	0.120149
0.00262359	0.121678
0.00266043	0.123224
0.00269779	0.124787
0.00273567	0.126368
0.00277409	0.127966
0.00281305	0.129582
0.00285255	0.131215
0.00289261	0.132867
0.00293323	0.134536
0.00297442	0.136223
0.00301619	0.137929
0.00305855	0.139653
0.0031015	0.141396
0.00314505	0.143157
0.00318922	0.144936
0.00323401	0.146735
0.00327942	0.148552
0.00332547	0.150388
0.00337217	0.152243
0.00341953	0.154117
0.00346755	0.156011
0.00351624	0.157924
0.00356562	0.159856
0.00361569	0.161807
0.00366647	0.163779
0.00371796	0.165769
0.00377017	0.16778
0.00382311	0.16981
0.0038768	0.171859
0.00393124	0.173929
0.00398645	0.176019
0.00404243	0.178128
0.0040992	0.180257
0.00415677	0.182406
0.00421514	0.184576
0.00427433	0.186765
0.00433436	0.188974
0.00439522	0.191203
0.00445695	0.193453
0.00451953	0.195722
0.004583	0.198011
0.00464736	0.20032
0.00471262	0.202649
0.0047788	0.204998
0.00484591	0.207367
0.00491396	0.209756
0.00498297	0.212164
0.00505295	0.214592
0.00512391	0.21704
0.00519586	0.219507
0.00526883	0.221993
0.00534282	0.224499
0.00541784	0.227024
0.00549393	0.229568
0.00557108	0.23213
0.00564931	0.234712
0.00572865	0.237312
0.00580909	0.23993
0.00589067	0.242566
0.00597339	0.245221
0.00605728	0.247893
0.00614234	0.250582
0.0062286	0.253289
0.00631607	0.256013
0.00640476	0.258753
0.0064947	0.26151
0.00658591	0.264283
0.0066784	0.267072
0.00677218	0.269877
0.00686728	0.272696
0.00696372	0.27553
0.00706151	0.278378
0.00716068	0.28124
0.00726123	0.284116
0.0073632	0.287005
0.0074666	0.289906
0.00757146	0.292819
0.00767778	0.295744
0.0077856	0.29868
0.00789494	0.301627
0.0080058	0.304583
0.00811823	0.307548
0.00823223	0.310522
0.00834784	0.313504
0.00846507	0.316494
0.00858394	0.31949
0.00870449	0.322492
0.00882673	0.325499
0.00895068	0.328511
0.00907637	0.331526
0.00920383	0.334544
0.00933308	0.337564
0.00946415	0.340585
0.00959705	0.343605
0.00973182	0.346626
0.00986849	0.349644
0.0100071	0.352659
0.0101476	0.355671
0.0102901	0.358677
0.0104346	0.361678
0.0105811	0.364671
0.0107297	0.367656
0.0108804	0.370631
0.0110332	0.373596
0.0111881	0.376548
0.0113453	0.379487
0.0115046	0.382411
0.0116661	0.385319
0.01183	0.388209
0.0119961	0.391081
0.0121646	0.393931
0.0123354	0.39676
0.0125086	0.399565
0.0126843	0.402344
0.0128624	0.405097
0.013043	0.407821
0.0132262	0.410514
0.0134119	0.413175
0.0136003	0.415802
0.0137912	0.418393
0.0139849	0.420946
0.0141813	0.42346
0.0143805	0.425931
0.0145824	0.428359
0.0147872	0.43074
0.0149948	0.433073
0.0152054	0.435356
0.0154189	0.437586
0.0156355	0.439762
0.015855	0.44188
0.0160777	0.443938
0.0163035	0.445934
0.0165324	0.447866
0.0167646	0.449731
0.017	0.451527
0.0172387	0.45325
0.0174808	0.454898
0.0177263	0.456469
0.0179752	0.457959
0.0182277	0.459367
0.0184836	0.460688
0.0187432	0.461921
0.0190064	0.463062
0.0192733	0.464108
0.019544	0.465057
0.0198184	0.465905
0.0200967	0.46665
0.020379	0.467287
0.0206651	0.467814
0.0209553	0.468228
0.0212496	0.468526
0.021548	0.468704
0.0218506	0.468758
0.0221575	0.468687
0.0224686	0.468485
0.0227842	0.468151
0.0231041	0.46768
0.0234286	0.467068
0.0237576	0.466314
0.0240912	0.465412
0.0244295	0.464359
0.0247726	0.463153
0.0251205	0.461789
0.0254732	0.460264
0.0258309	0.458575
0.0261937	0.456717
0.0265615	0.454687
0.0269345	0.452482
0.0273128	0.450097
0.0276963	0.447531
0.0280853	0.444778
0.0284797	0.441836
0.0288796	0.4387
0.0292852	0.435368
0.0296964	0.431836
0.0301134	0.428101
0.0305363	0.424158
0.0309651	0.420006
0.0314	0.41564
0.0318409	0.411057
0.0322881	0.406254
0.0327415	0.401228
0.0332013	0.395976
0.0336675	0.390494
0.0341403	0.384781
0.0346198	0.378833
0.0351059	0.372647
0.0355989	0.36622
0.0360988	0.359551
0.0366058	0.352637
0.0371198	0.345475
0.0376411	0.338064
0.0381697	0.330401
0.0387057	0.322484
0.0392493	0.314312
0.0398004	0.305882
0.0403594	0.297195
0.0409261	0.288248
0.0415008	0.27904
0.0420836	0.269571
0.0426746	0.259839
0.0432739	0.249845
0.0438816	0.239588
0.0444978	0.229068
0.0451227	0.218286
0.0457564	0.207241
0.0463989	0.195935
0.0470505	0.184368
0.0477112	0.172542
0.0483812	0.160458
0.0490607	0.148118
0.0497496	0.135525
0.0504483	0.12268
0.0511567	0.109587
0.0518751	0.0962483
0.0526036	0.0826677
0.0533423	0.0688489
0.0540914	0.0547961
0.054851	0.0405138
0.0556213	0.0260069
0.0564023	0.0112807
0.0571944	-0.00365915
0.0579976	-0.0188066
0.058812	-0.034155
0.0596379	-0.0496977
0.0604754	-0.0654271
0.0613247	-0.0813356
0.0621859	-0.0974148
0.0630592	-0.113656
0.0639447	-0.130051
0.0648427	-0.146589
0.0657533	-0.16326
0.0666766	-0.180054
0.067613	-0.19696
0.0685625	-0.213967
0.0695253	-0.231061
0.0705016	-0.248232
0.0714917	-0.265466
0.0724956	-0.28275
0.0735137	-0.300069
0.074546	-0.31741
0.0755929	-0.334757
0.0766544	-0.352095
0.0777309	-0.369409
0.0788225	-0.386681
0.0799294	-0.403896
0.0810518	-0.421035
0.08219	-0.438082
0.0833442	-0.455017
0.0845146	-0.471823
0.0857015	-0.48848
0.086905	-0.504969
0.0881254	-0.52127
0.0893629	-0.537362
0.0906179	-0.553226
0.0918904	-0.568839
0.0931808	-0.584181
0.0944894	-0.59923
0.0958163	-0.613964
0.0971618	-0.628361
0.0985263	-0.642398
0.0999099	-0.656052
0.101313	-0.669301
0.102736	-0.682121
0.104178	-0.694489
0.105641	-0.706382
0.107125	-0.717776
0.108629	-0.728648
0.110155	-0.738973
0.111702	-0.748729
0.11327	-0.757892
0.114861	-0.766439
0.116474	-0.774346
0.11811	-0.78159
0.119768	-0.788149
0.12145	-0.794
0.123156	-0.79912
0.124885	-0.803488
0.126639	-0.807082
0.128417	-0.809881
0.130221	-0.811864
0.132049	-0.813013
0.133904	-0.813306
0.135784	-0.812726
0.137691	-0.811254
0.139624	-0.808873
0.141585	-0.805567
0.143573	-0.80132
0.14559	-0.796118
0.147634	-0.789946
0.149707	-0.782792
0.15181	-0.774644
0.153942	-0.765492
0.156103	-0.755327
0.158296	-0.744141
0.160519	-0.731926
0.162773	-0.718678
0.165058	-0.704392
0.167376	-0.689065
0.169727	-0.672697
0.17211	-0.655288
0.174527	-0.63684
0.176978	-0.617355
0.179463	-0.596841
0.181984	-0.575302
0.184539	-0.552748
0.187131	-0.529188
0.189759	-0.504636
0.192423	-0.479104
0.195126	-0.452608
0.197866	-0.425166
0.200644	-0.396796
0.203462	-0.367519
0.206319	-0.337359
0.209217	-0.30634
0.212155	-0.274488
0.215134	-0.241832
0.218155	-0.208402
0.221219	-0.174229
0.224325	-0.139347
0.227475	-0.103792
0.23067	-0.0676
0.233909	-0.0308105
0.237194	0.00653669
0.240525	0.0443996
0.243903	0.0827349
0.247328	0.121498
0.250801	0.160642
0.254323	0.200121
0.257894	0.239885
0.261516	0.279885
0.265188	0.320069
0.268912	0.360386
0.272689	0.400782
0.276518	0.441206
0.280401	0.481601
0.284339	0.521914
0.288332	0.562089
0.292381	0.60207
0.296487	0.641802
0.30065	0.681228
0.304872	0.720292
0.309154	0.758939
0.313495	0.797113
0.317898	0.834759
0.322362	0.871821
0.326889	0.908247
0.331479	0.943982
0.336134	0.978974
0.340855	1.01317
0.345641	1.04653
0.350495	1.07899
0.355417	1.1105
0.360408	1.14104
0.365469	1.17054
0.370602	1.19897
0.375806	1.22628
0.381084	1.25244
0.386435	1.27742
0.391862	1.30117
0.397365	1.32366
0.402945	1.34487
0.408603	1.36477
0.414341	1.38334
0.42016	1.40055
0.42606	1.41638
0.432044	1.43081
0.438111	1.44384
0.444263	1.45546
0.450502	1.46564
0.456828	1.4744
0.463244	1.48172
0.469749	1.48761
0.476346	1.49207
0.483035	1.49511
0.489818	1.49673
0.496697	1.49695
0.503672	1.49578
0.510745	1.49324
0.517917	1.48934
0.52519	1.48411
0.532566	1.47758
0.540044	1.46977
0.547628	1.46071
0.555319	1.45042
0.563117	1.43895
0.571025	1.42633
0.579044	1.4126
0.587175	1.39779
0.595421	1.38194
0.603782	1.3651
0.612261	1.34731
0.620859	1.32862
0.629578	1.30906
0.638419	1.28869
0.647385	1.26756
0.656476	1.2457
0.665695	1.22318
0.675043	1.20004
0.684523	1.17632
0.694135	1.15209
0.703883	1.12738
0.713768	1.10226
0.723791	1.07676
0.733955	1.05094
0.744262	1.02484
0.754714	0.998526
0.765313	0.972031
0.77606	0.945406
0.786958	0.918696
0.798009	0.891948
0.809216	0.865206
0.82058	0.838511
0.832103	0.811906
0.843788	0.785432
0.855637	0.759127
0.867653	0.733029
0.879838	0.707173
0.892193	0.681594
0.904722	0.656325
0.917427	0.631396
0.930311	0.606837
0.943375	0.582675
0.956623	0.558936
0.970057	0.535643
0.983679	0.512819
0.997493	0.490483
1.0115	0.468653
1.02571	0.447346
1.04011	0.426576
1.05472	0.406356
1.06953	0.386696
1.08455	0.367606
1.09978	0.349093
1.11522	0.331162
1.13088	0.313818
1.14676	0.297062
1.16287	0.280896
1.1792	0.265319
1.19576	0.250328
1.21255	0.235921
1.22958	0.222091
1.24684	0.208834
1.26435	0.196143
1.28211	0.184008
1.30011	0.172422
1.31837	0.161373
1.33688	0.150851
1.35566	0.140844
1.3747	0.131339
1.394	0.122324
1.41358	0.113786
1.43343	0.105709
1.45356	0.0980796
1.47397	0.0908832
1.49467	0.0841046
1.51566	0.0777285
1.53694	0.0717396
1.55853	0.0661225
1.58041	0.0608618
1.60261	0.055942
1.62511	0.0513479
1.64793	0.0470642
1.67107	0.0430761
1.69454	0.0393688
1.71834	0.0359278
1.74247	0.0327389
1.76694	0.0297882
1.79175	0.0270623
1.81691	0.0245481
1.84243	0.0222328
1.8683	0.0201042
1.89454	0.0181505
1.92114	0.0163602
1.94812	0.0147225
1.97548	0.0132269
2.00322	0.0118633
2.03135	0.0106223
2.05988	0.00949492
2.0888	0.00847247
2.11814	0.00754686
2.14788	0.00671046
2.17804	0.00595603
2.20863	0.00527681
2.23965	0.00466644
2.2711	0.00411899
2.30299	0.0036289
2.33533	0.00319102
2.36813	0.00280054
2.40138	0.00245304
2.43511	0.00214439
2.4693	0.00187081
2.50398	0.00162881
2.53914	0.0014152
2.5748	0.00122704
2.61096	0.00106164
2.64762	0.000916576
2.6848	0.000789616
2.72251	0.000678749
2.76074	0.00058215
2.79951	0.000498173
2.83882	0.000425338
2.87869	0.000362311
2.91911	0.0003079
2.9601	0.00026104
3.00167	0.000220779
3.04383	0.000186272
3.08657	0.000156771
3.12991	0.000131612
3.17387	0.00011021
3.21844	9.20517e-05
3.26363	7.66848e-05
3.30947	6.37148e-05
3.35594	5.27969e-05
3.40307	4.36313e-05
3.45086	3.59579e-05
3.49932	2.95515e-05
3.54846	2.42181e-05
3.59829	1.97905e-05
3.64882	1.61255e-05
3.70006	1.31007e-05
3.75202	1.06116e-05
3.80471	8.56952e-06
3.85814	6.89927e-06
3.91232	5.53736e-06
3.96726	4.43033e-06
4.02297	3.53335e-06
4.07947	2.80888e-06
4.13676	2.22566e-06
4.19485	1.7577e-06
4.25376	1.38347e-06
4.31349	1.08521e-06
4.37407	8.48313e-07
4.43549	6.60813e-07
4.49778	5.12931e-07
4.56094	3.96714e-07
4.62499	3.05712e-07
4.68994	2.34716e-07
4.7558	1.79533e-07
4.82259	1.36804e-07
4.89031	1.03844e-07
4.95898	7.85177e-08
5.02862	5.91341e-08
5.09924	4.43576e-08
5.17085	3.31386e-08
5.24346	2.46554e-08
5.3171	1.82674e-08
5.39177	1.34774e-08
5.46748	9.90086e-09
5.54426	7.24191e-09
5.62212	5.27377e-09
5.70107	3.82341e-09
5.78113	2.75941e-09
5.86232	1.98239e-09
5.94464	1.41758e-09
6.02812	1.00892e-09
6.11277	7.14655e-10
6.19862	5.03774e-10
6.28566	3.53382e-10
6.37393	2.46659e-10
6.46344	1.71303e-10
6.55421	1.18363e-10
6.64625	8.13611e-11
6.73958	5.56344e-11
6.83423	3.78411e-11
6.9302	2.56014e-11
7.02752	1.72262e-11
7.12621	1.15262e-11
7.22628	7.66938e-12
7.32776	5.07487e-12
7.43066	3.33845e-12
7.53501	2.1828e-12
7.64083	1.41875e-12
7.74813	9.17373e-13
7.85693	5.90179e-13
7.96727	3.76941e-13
8.07915	2.38653e-13
8.19261	1.49807e-13
8.30766	9.41441e-14
8.42432	5.91643e-14
8.54262	3.67934e-14
8.66259	2.24522e-14
8.78424	1.34105e-14
8.90759	8.16621e-15
9.03268	5.04784e-15
9.15953	2.88995e-15
9.28816	1.74858e-15
9.41859	1.29247e-15
9.55085	1.98101e-16
9.68498	-1.14461e-16
9.82098	3.62234e-16
9.9589	5.13381e-16
10.0988	7.71752e-17
10.2406	-5.01525e-16
10.3844	3.57833e-16
10.5302	-2.31201e-16
10.6781	1.12131e-16
10.828	1.43252e-16
10.9801	-2.44366e-17
11.1343	2.60534e-16
11.2906	-2.62525e-17
11.4492	-4.55347e-16
11.61	-1.02466e-16
11.773	1.19173e-16
11.9383	1.47543e-16
12.106	-2.17217e-16
12.276	-2.10106e-16
12.4484	1.32059e-16
12.6232	5.46638e-17
12.8005	1.94858e-17
12.9802	-2.01499e-16
13.1625	3.4293e-16
13.3474	-4.33319e-16
13.5348	3.66201e-16
13.7249	-2.10111e-16
13.9176	6.55324e-17
14.113	3.29403e-16
14.3112	-8.67804e-17
14.5122	-2.43518e-16
14.716	1.88815e-16
14.9227	-4.64971e-16
15.1322	-5.23689e-17
15.3447	8.18852e-17
15.5602	1.01525e-16
15.7787	-2.45363e-16
16.0003	3.25314e-16
16.225	-2.54667e-16
16.4528	1.8048e-16
16.6839	4.2471e-16
16.9182	-3.78303e-16
17.1558	5.21661e-17
17.3967	3.98504e-17
17.641	-4.75176e-16
17.8887	-4.29548e-16
18.1399	1.07532e-16
18.3947	-2.58648e-16
18.653	4.72983e-16
18.9149	-4.73214e-16
19.1805	3.56867e-16
19.4499	-1.44179e-16
19.723	6.69972e-17
