4.02414e-06	7.24588e-24
8.04829e-06	1.01442e-22
1.20724e-05	4.99964e-22
1.60966e-05	1.56509e-21
2.01207e-05	3.80402e-21
2.41449e-05	7.86881e-21
2.8169e-05	1.45564e-20
3.21932e-05	2.48086e-20
3.62173e-05	3.97119e-20
4.02414e-05	6.04979e-20
4.42656e-05	8.85426e-20
4.82897e-05	1.25367e-19
5.23139e-05	1.72636e-19
5.6338e-05	2.32162e-19
6.03622e-05	3.05897e-19
6.43863e-05	3.95942e-19
6.84105e-05	5.04541e-19
7.24346e-05	6.34083e-19
7.64588e-05	7.871e-19
8.04829e-05	9.6627e-19
8.4507e-05	1.17442e-18
8.85312e-05	1.4145e-18
9.25553e-05	1.68964e-18
9.65795e-05	2.00309e-18
0.000100604	2.35824e-18
0.000104628	2.75865e-18
0.000108652	3.208e-18
0.000112676	3.71011e-18
0.0001167	4.26898e-18
0.000120724	4.88873e-18
0.000124748	5.5736e-18
0.000128773	6.32803e-18
0.000132797	7.15655e-18
0.000136821	8.06388e-18
0.000140845	9.05485e-18
0.000144869	1.01344e-17
0.000148893	1.13078e-17
0.000152918	1.25802e-17
0.000156942	1.3957e-17
0.000160966	1.54439e-17
0.00016499	1.70464e-17
0.000169014	1.87706e-17
0.000173038	2.06223e-17
0.000177062	2.26077e-17
0.000181087	2.47331e-17
0.000185111	2.70049e-17
0.000189135	2.94297e-17
0.000193159	3.20142e-17
0.000197183	3.47652e-17
0.000201207	3.76898e-17
0.000205231	4.07951e-17
0.000209256	4.40884e-17
0.00021328	4.75771e-17
0.000217304	5.12687e-17
0.000221328	5.51712e-17
0.000225352	5.92921e-17
0.000229376	6.36397e-17
0.0002334	6.8222e-17
0.000237425	7.30474e-17
0.000241449	7.81242e-17
0.000245473	8.3461e-17
0.000249497	8.90666e-17
0.000253521	9.49499e-17
0.000257545	1.0112e-16
0.000261569	1.07586e-16
0.000265594	1.14356e-16
0.000269618	1.21442e-16
0.000273642	1.28851e-16
0.000277666	1.36595e-16
0.00028169	1.44682e-16
0.000285714	1.53122e-16
0.000289727	1.61901e-16
0.000293795	1.71182e-16
0.000297921	1.80995e-16
0.000302105	1.91371e-16
0.000306347	2.02341e-16
0.000310649	2.1394e-16
0.000315012	2.26204e-16
0.000319435	2.39171e-16
0.000323921	2.52881e-16
0.00032847	2.67376e-16
0.000333083	2.82702e-16
0.00033776	2.98907e-16
0.000342503	3.1604e-16
0.000347313	3.34155e-16
0.00035219	3.53308e-16
0.000357136	3.73559e-16
0.000362152	3.9497e-16
0.000367237	4.17608e-16
0.000372394	4.41543e-16
0.000377624	4.6685e-16
0.000382927	4.93607e-16
0.000388304	5.21897e-16
0.000393757	5.51808e-16
0.000399287	5.83433e-16
0.000404894	6.1687e-16
0.00041058	6.52223e-16
0.000416346	6.89602e-16
0.000422192	7.29122e-16
0.000428121	7.70906e-16
0.000434133	8.15084e-16
0.00044023	8.61793e-16
0.000446412	9.11179e-16
0.000452681	9.63393e-16
0.000459038	1.0186e-15
0.000465484	1.07697e-15
0.000472021	1.13868e-15
0.00047865	1.20393e-15
0.000485371	1.27291e-15
0.000492187	1.34585e-15
0.000499099	1.42297e-15
0.000506108	1.5045e-15
0.000513215	1.5907e-15
0.000520422	1.68184e-15
0.000527731	1.7782e-15
0.000535142	1.88008e-15
0.000542657	1.9878e-15
0.000550277	2.10168e-15
0.000558005	2.22209e-15
0.000565841	2.34939e-15
0.000573787	2.48399e-15
0.000581845	2.62629e-15
0.000590015	2.77674e-15
0.000598301	2.93581e-15
0.000606703	3.10399e-15
0.000615223	3.28179e-15
0.000623862	3.46978e-15
0.000632623	3.66854e-15
0.000641507	3.87867e-15
0.000650516	4.10084e-15
0.000659651	4.33573e-15
0.000668915	4.58406e-15
0.000678308	4.84662e-15
0.000687834	5.12421e-15
0.000697493	5.41768e-15
0.000707288	5.72797e-15
0.00071722	6.05601e-15
0.000727292	6.40283e-15
0.000737506	6.76951e-15
0.000747862	7.15718e-15
0.000758365	7.56704e-15
0.000769014	8.00035e-15
0.000779814	8.45848e-15
0.000790764	8.94282e-15
0.000801869	9.45488e-15
0.00081313	9.99625e-15
0.000824549	1.05686e-14
0.000836128	1.11737e-14
0.00084787	1.18135e-14
0.000859776	1.24898e-14
0.00087185	1.32049e-14
0.000884093	1.39608e-14
0.000896509	1.47601e-14
0.000909098	1.5605e-14
0.000921865	1.64983e-14
0.000934811	1.74427e-14
0.000947938	1.84412e-14
0.00096125	1.94967e-14
0.000974749	2.06127e-14
0.000988437	2.17925e-14
0.00100232	2.30397e-14
0.00101639	2.43584e-14
0.00103067	2.57524e-14
0.00104514	2.72262e-14
0.00105982	2.87843e-14
0.0010747	3.04314e-14
0.00108979	3.21728e-14
0.0011051	3.40138e-14
0.00112062	3.596e-14
0.00113635	3.80176e-14
0.00115231	4.01927e-14
0.00116849	4.24923e-14
0.0011849	4.49233e-14
0.00120154	4.74933e-14
0.00121841	5.02103e-14
0.00123552	5.30825e-14
0.00125287	5.6119e-14
0.00127047	5.9329e-14
0.00128831	6.27225e-14
0.0013064	6.63099e-14
0.00132475	7.01024e-14
0.00134335	7.41116e-14
0.00136222	7.83499e-14
0.00138134	8.28305e-14
0.00140074	8.7567e-14
0.00142041	9.25742e-14
0.00144036	9.78674e-14
0.00146059	1.03463e-13
0.0014811	1.09378e-13
0.0015019	1.15632e-13
0.00152299	1.22242e-13
0.00154438	1.2923e-13
0.00156606	1.36617e-13
0.00158806	1.44426e-13
0.00161036	1.52681e-13
0.00163297	1.61408e-13
0.0016559	1.70632e-13
0.00167916	1.80384e-13
0.00170274	1.90692e-13
0.00172665	2.01588e-13
0.0017509	2.13107e-13
0.00177548	2.25283e-13
0.00180042	2.38154e-13
0.0018257	2.51759e-13
0.00185134	2.66142e-13
0.00187734	2.81344e-13
0.0019037	2.97415e-13
0.00193043	3.14402e-13
0.00195754	3.32358e-13
0.00198503	3.51339e-13
0.00201291	3.71403e-13
0.00204118	3.92611e-13
0.00206984	4.15028e-13
0.00209891	4.38724e-13
0.00212838	4.63772e-13
0.00215827	4.90247e-13
0.00218858	5.18232e-13
0.00221931	5.47813e-13
0.00225048	5.7908e-13
0.00228208	6.12129e-13
0.00231413	6.47062e-13
0.00234663	6.83986e-13
0.00237958	7.23013e-13
0.002413	7.64265e-13
0.00244688	8.07867e-13
0.00248125	8.53954e-13
0.00251609	9.02665e-13
0.00255142	9.54151e-13
0.00258725	1.00857e-12
0.00262359	1.06609e-12
0.00266043	1.12688e-12
0.00269779	1.19113e-12
0.00273567	1.25905e-12
0.00277409	1.33082e-12
0.00281305	1.40669e-12
0.00285255	1.48687e-12
0.00289261	1.57161e-12
0.00293323	1.66118e-12
0.00297442	1.75584e-12
0.00301619	1.85588e-12
0.00305855	1.96162e-12
0.0031015	2.07337e-12
0.00314505	2.19148e-12
0.00318922	2.3163e-12
0.00323401	2.44822e-12
0.00327942	2.58763e-12
0.00332547	2.73497e-12
0.00337217	2.89069e-12
0.00341953	3.05525e-12
0.00346755	3.22916e-12
0.00351624	3.41295e-12
0.00356562	3.60719e-12
0.00361569	3.81245e-12
0.00366647	4.02937e-12
0.00371796	4.2586e-12
0.00377017	4.50085e-12
0.00382311	4.75685e-12
0.0038768	5.02738e-12
0.00393124	5.31326e-12
0.00398645	5.61536e-12
0.00404243	5.93459e-12
0.0040992	6.27193e-12
0.00415677	6.62841e-12
0.00421514	7.00509e-12
0.00427433	7.40313e-12
0.00433436	7.82373e-12
0.00439522	8.26817e-12
0.00445695	8.73779e-12
0.00451953	9.23402e-12
0.004583	9.75835e-12
0.00464736	1.03124e-11
0.00471262	1.08978e-11
0.0047788	1.15163e-11
0.00484591	1.21699e-11
0.00491396	1.28604e-11
0.00498297	1.359e-11
0.00505295	1.43609e-11
0.00512391	1.51754e-11
0.00519586	1.60359e-11
0.00526883	1.69451e-11
0.00534282	1.79057e-11
0.00541784	1.89206e-11
0.00549393	1.99928e-11
0.00557108	2.11256e-11
0.00564931	2.23224e-11
0.00572865	2.35867e-11
0.00580909	2.49225e-11
0.00589067	2.63336e-11
0.00597339	2.78243e-11
0.00605728	2.93992e-11
0.00614234	3.10629e-11
0.0062286	3.28204e-11
0.00631607	3.4677e-11
0.00640476	3.66382e-11
0.0064947	3.87099e-11
0.00658591	4.08984e-11
0.0066784	4.32101e-11
0.00677218	4.56519e-11
0.00686728	4.82313e-11
0.00696372	5.09557e-11
0.00706151	5.38335e-11
0.00716068	5.68732e-11
0.00726123	6.00837e-11
0.0073632	6.34748e-11
0.0074666	6.70565e-11
0.00757146	7.08393e-11
0.00767778	7.48347e-11
0.0077856	7.90544e-11
0.00789494	8.3511e-11
0.0080058	8.82177e-11
0.00811823	9.31885e-11
0.00823223	9.84381e-11
0.00834784	1.03982e-10
0.00846507	1.09837e-10
0.00858394	1.16019e-10
0.00870449	1.22548e-10
0.00882673	1.29443e-10
0.00895068	1.36723e-10
0.00907637	1.44411e-10
0.00920383	1.52529e-10
0.00933308	1.61101e-10
0.00946415	1.70152e-10
0.00959705	1.79709e-10
0.00973182	1.898e-10
0.00986849	2.00454e-10
0.0100071	2.11703e-10
0.0101476	2.2358e-10
0.0102901	2.36119e-10
0.0104346	2.49357e-10
0.0105811	2.63333e-10
0.0107297	2.78087e-10
0.0108804	2.93664e-10
0.0110332	3.10107e-10
0.0111881	3.27465e-10
0.0113453	3.45789e-10
0.0115046	3.65131e-10
0.0116661	3.85549e-10
0.01183	4.071e-10
0.0119961	4.29848e-10
0.0121646	4.53859e-10
0.0123354	4.79201e-10
0.0125086	5.05949e-10
0.0126843	5.34179e-10
0.0128624	5.63973e-10
0.013043	5.95417e-10
0.0132262	6.28601e-10
0.0134119	6.63621e-10
0.0136003	7.00576e-10
0.0137912	7.39574e-10
0.0139849	7.80726e-10
0.0141813	8.24149e-10
0.0143805	8.69969e-10
0.0145824	9.18315e-10
0.0147872	9.69325e-10
0.0149948	1.02315e-09
0.0152054	1.07993e-09
0.0154189	1.13984e-09
0.0156355	1.20304e-09
0.015855	1.26972e-09
0.0160777	1.34006e-09
0.0163035	1.41426e-09
0.0165324	1.49253e-09
0.0167646	1.57509e-09
0.017	1.66218e-09
0.0172387	1.75403e-09
0.0174808	1.85091e-09
0.0177263	1.9531e-09
0.0179752	2.06086e-09
0.0182277	2.17452e-09
0.0184836	2.29437e-09
0.0187432	2.42077e-09
0.0190064	2.55405e-09
0.0192733	2.6946e-09
0.019544	2.84279e-09
0.0198184	2.99905e-09
0.0200967	3.1638e-09
0.020379	3.3375e-09
0.0206651	3.52063e-09
0.0209553	3.71369e-09
0.0212496	3.91721e-09
0.021548	4.13176e-09
0.0218506	4.35791e-09
0.0221575	4.5963e-09
0.0224686	4.84756e-09
0.0227842	5.11238e-09
0.0231041	5.39149e-09
0.0234286	5.68564e-09
0.0237576	5.99564e-09
0.0240912	6.32231e-09
0.0244295	6.66654e-09
0.0247726	7.02926e-09
0.0251205	7.41144e-09
0.0254732	7.81412e-09
0.0258309	8.23836e-09
0.0261937	8.68531e-09
0.0265615	9.15615e-09
0.0269345	9.65214e-09
0.0273128	1.01746e-08
0.0276963	1.07249e-08
0.0280853	1.13046e-08
0.0284797	1.1915e-08
0.0288796	1.25579e-08
0.0292852	1.3235e-08
0.0296964	1.3948e-08
0.0301134	1.46987e-08
0.0305363	1.54892e-08
0.0309651	1.63215e-08
0.0314	1.71977e-08
0.0318409	1.81202e-08
0.0322881	1.90913e-08
0.0327415	2.01135e-08
0.0332013	2.11895e-08
0.0336675	2.2322e-08
0.0341403	2.35139e-08
0.0346198	2.47683e-08
0.0351059	2.60883e-08
0.0355989	2.74773e-08
0.0360988	2.89388e-08
0.0366058	3.04765e-08
0.0371198	3.20943e-08
0.0376411	3.37963e-08
0.0381697	3.55867e-08
0.0387057	3.74699e-08
0.0392493	3.94507e-08
0.0398004	4.1534e-08
0.0403594	4.37249e-08
0.0409261	4.60289e-08
0.0415008	4.84515e-08
0.0420836	5.09989e-08
0.0426746	5.36771e-08
0.0432739	5.64927e-08
0.0438816	5.94525e-08
0.0444978	6.25638e-08
0.0451227	6.5834e-08
0.0457564	6.92709e-08
0.0463989	7.28829e-08
0.0470505	7.66785e-08
0.0477112	8.06667e-08
0.0483812	8.48571e-08
0.0490607	8.92595e-08
0.0497496	9.38844e-08
0.0504483	9.87424e-08
0.0511567	1.03845e-07
0.0518751	1.09204e-07
0.0526036	1.14832e-07
0.0533423	1.20742e-07
0.0540914	1.26948e-07
0.054851	1.33463e-07
0.0556213	1.40303e-07
0.0564023	1.47483e-07
0.0571944	1.5502e-07
0.0579976	1.6293e-07
0.058812	1.71231e-07
0.0596379	1.79942e-07
0.0604754	1.89082e-07
0.0613247	1.98672e-07
0.0621859	2.08732e-07
0.0630592	2.19285e-07
0.0639447	2.30354e-07
0.0648427	2.41962e-07
0.0657533	2.54136e-07
0.0666766	2.66901e-07
0.067613	2.80286e-07
0.0685625	2.94317e-07
0.0695253	3.09026e-07
0.0705016	3.24443e-07
0.0714917	3.40601e-07
0.0724956	3.57534e-07
0.0735137	3.75277e-07
0.074546	3.93867e-07
0.0755929	4.13342e-07
0.0766544	4.33742e-07
0.0777309	4.55109e-07
0.0788225	4.77487e-07
0.0799294	5.0092e-07
0.0810518	5.25456e-07
0.08219	5.51144e-07
0.0833442	5.78034e-07
0.0845146	6.0618e-07
0.0857015	6.35637e-07
0.086905	6.66463e-07
0.0881254	6.98718e-07
0.0893629	7.32464e-07
0.0906179	7.67765e-07
0.0918904	8.04689e-07
0.0931808	8.43307e-07
0.0944894	8.8369e-07
0.0958163	9.25914e-07
0.0971618	9.70059e-07
0.0985263	1.0162e-06
0.0999099	1.06444e-06
0.101313	1.11484e-06
0.102736	1.16752e-06
0.104178	1.22255e-06
0.105641	1.28004e-06
0.107125	1.3401e-06
0.108629	1.40282e-06
0.110155	1.46832e-06
0.111702	1.53671e-06
0.11327	1.60812e-06
0.114861	1.68265e-06
0.116474	1.76044e-06
0.11811	1.84163e-06
0.119768	1.92634e-06
0.12145	2.01472e-06
0.123156	2.10692e-06
0.124885	2.20309e-06
0.126639	2.30338e-06
0.128417	2.40795e-06
0.130221	2.51698e-06
0.132049	2.63064e-06
0.133904	2.7491e-06
0.135784	2.87256e-06
0.137691	3.00121e-06
0.139624	3.13524e-06
0.141585	3.27486e-06
0.143573	3.42028e-06
0.14559	3.57173e-06
0.147634	3.72942e-06
0.149707	3.8936e-06
0.15181	4.0645e-06
0.153942	4.24237e-06
0.156103	4.42748e-06
0.158296	4.62008e-06
0.160519	4.82044e-06
0.162773	5.02887e-06
0.165058	5.24563e-06
0.167376	5.47104e-06
0.169727	5.7054e-06
0.17211	5.94904e-06
0.174527	6.20228e-06
0.176978	6.46546e-06
0.179463	6.73893e-06
0.181984	7.02305e-06
0.184539	7.31818e-06
0.187131	7.62473e-06
0.189759	7.94306e-06
0.192423	8.27359e-06
0.195126	8.61674e-06
0.197866	8.97293e-06
0.200644	9.34261e-06
0.203462	9.72622e-06
0.206319	1.01242e-05
0.209217	1.05371e-05
0.212155	1.09654e-05
0.215134	1.14096e-05
0.218155	1.18701e-05
0.221219	1.23476e-05
0.224325	1.28426e-05
0.227475	1.33557e-05
0.23067	1.38874e-05
0.233909	1.44383e-05
0.237194	1.50091e-05
0.240525	1.56004e-05
0.243903	1.62128e-05
0.247328	1.68471e-05
0.250801	1.75039e-05
0.254323	1.81838e-05
0.257894	1.88877e-05
0.261516	1.96163e-05
0.265188	2.03704e-05
0.268912	2.11506e-05
0.272689	2.1958e-05
0.276518	2.27932e-05
0.280401	2.36572e-05
0.284339	2.45508e-05
0.288332	2.54749e-05
0.292381	2.64306e-05
0.296487	2.74186e-05
0.30065	2.84401e-05
0.304872	2.94961e-05
0.309154	3.05875e-05
0.313495	3.17155e-05
0.317898	3.28812e-05
0.322362	3.40857e-05
0.326889	3.53302e-05
0.331479	3.6616e-05
0.336134	3.79442e-05
0.340855	3.93162e-05
0.345641	4.07333e-05
0.350495	4.21969e-05
0.355417	4.37084e-05
0.360408	4.52693e-05
0.365469	4.6881e-05
0.370602	4.85453e-05
0.375806	5.02636e-05
0.381084	5.20376e-05
0.386435	5.38691e-05
0.391862	5.57599e-05
0.397365	5.77118e-05
0.402945	5.97268e-05
0.408603	6.18068e-05
0.414341	6.39538e-05
0.42016	6.61701e-05
0.42606	6.84578e-05
0.432044	7.08193e-05
0.438111	7.32567e-05
0.444263	7.57728e-05
0.450502	7.83699e-05
0.456828	8.10507e-05
0.463244	8.3818e-05
0.469749	8.66746e-05
0.476346	8.96234e-05
0.483035	9.26676e-05
0.489818	9.58102e-05
0.496697	9.90545e-05
0.503672	0.000102404
0.510745	0.000105862
0.517917	0.000109433
0.52519	0.00011312
0.532566	0.000116927
0.540044	0.000120858
0.547628	0.000124917
0.555319	0.00012911
0.563117	0.00013344
0.571025	0.000137912
0.579044	0.000142531
0.587175	0.000147303
0.595421	0.000152232
0.603782	0.000157324
0.612261	0.000162585
0.620859	0.00016802
0.629578	0.000173636
0.638419	0.00017944
0.647385	0.000185437
0.656476	0.000191634
0.665695	0.00019804
0.675043	0.00020466
0.684523	0.000211503
0.694135	0.000218577
0.703883	0.000225889
0.713768	0.000233449
0.723791	0.000241266
0.733955	0.000249348
0.744262	0.000257705
0.754714	0.000266347
0.765313	0.000275284
0.77606	0.000284528
0.786958	0.000294089
0.798009	0.000303978
0.809216	0.000314209
0.82058	0.000324793
0.832103	0.000335744
0.843788	0.000347074
0.855637	0.000358799
0.867653	0.000370933
0.879838	0.00038349
0.892193	0.000396488
0.904722	0.000409942
0.917427	0.000423869
0.930311	0.000438288
0.943375	0.000453217
0.956623	0.000468676
0.970057	0.000484684
0.983679	0.000501263
0.997493	0.000518434
1.0115	0.00053622
1.02571	0.000554646
1.04011	0.000573734
1.05472	0.000593512
1.06953	0.000614006
1.08455	0.000635244
1.09978	0.000657254
1.11522	0.000680067
1.13088	0.000703714
1.14676	0.000728227
1.16287	0.000753642
1.1792	0.000779992
1.19576	0.000807316
1.21255	0.000835651
1.22958	0.000865037
1.24684	0.000895517
1.26435	0.000927133
1.28211	0.000959931
1.30011	0.000993959
1.31837	0.00102926
1.33688	0.0010659
1.35566	0.00110392
1.3747	0.00114338
1.394	0.00118433
1.41358	0.00122685
1.43343	0.00127099
1.45356	0.00131681
1.47397	0.0013644
1.49467	0.00141381
1.51566	0.00146513
1.53694	0.00151844
1.55853	0.00157382
1.58041	0.00163134
1.60261	0.00169112
1.62511	0.00175323
1.64793	0.00181778
1.67107	0.00188487
1.69454	0.00195461
1.71834	0.00202711
1.74247	0.00210249
1.76694	0.00218087
1.79175	0.00226238
1.81691	0.00234715
1.84243	0.00243532
1.8683	0.00252705
1.89454	0.00262247
1.92114	0.00272176
1.94812	0.00282507
1.97548	0.00293259
2.00322	0.00304448
2.03135	0.00316096
2.05988	0.0032822
2.0888	0.00340841
2.11814	0.00353982
2.14788	0.00367664
2.17804	0.00381912
2.20863	0.00396748
2.23965	0.004122
2.2711	0.00428292
2.30299	0.00445054
2.33533	0.00462513
2.36813	0.004807
2.40138	0.00499646
2.43511	0.00519383
2.4693	0.00539946
2.50398	0.00561369
2.53914	0.0058369
2.5748	0.00606946
2.61096	0.00631177
2.64762	0.00656425
2.6848	0.00682733
2.72251	0.00710145
2.76074	0.00738708
2.79951	0.0076847
2.83882	0.00799482
2.87869	0.00831797
2.91911	0.00865467
2.9601	0.0090055
3.00167	0.00937104
3.04383	0.00975191
3.08657	0.0101487
3.12991	0.0105622
3.17387	0.0109929
3.21844	0.0114416
3.26363	0.0119091
3.30947	0.0123961
3.35594	0.0129034
3.40307	0.0134318
3.45086	0.0139822
3.49932	0.0145554
3.54846	0.0151524
3.59829	0.0157741
3.64882	0.0164215
3.70006	0.0170957
3.75202	0.0177976
3.80471	0.0185285
3.85814	0.0192894
3.91232	0.0200815
3.96726	0.020906
4.02297	0.0217642
4.07947	0.0226575
4.13676	0.0235871
4.19485	0.0245545
4.25376	0.0255611
4.31349	0.0266084
4.37407	0.027698
4.43549	0.0288315
4.49778	0.0300105
4.56094	0.0312368
4.62499	0.0325122
4.68994	0.0338384
4.7558	0.0352173
4.82259	0.036651
4.89031	0.0381413
4.95898	0.0396904
5.02862	0.0413005
5.09924	0.0429736
5.17085	0.044712
5.24346	0.0465181
5.3171	0.0483942
5.39177	0.0503427
5.46748	0.0523663
5.54426	0.0544673
5.62212	0.0566484
5.70107	0.0589123
5.78113	0.0612617
5.86232	0.0636994
5.94464	0.0662282
6.02812	0.0688509
6.11277	0.0715704
6.19862	0.0743897
6.28566	0.0773117
6.37393	0.0803393
6.46344	0.0834756
6.55421	0.0867235
6.64625	0.0900859
6.73958	0.0935659
6.83423	0.0971662
6.9302	0.10089
7.02752	0.104739
7.12621	0.108718
7.22628	0.112827
7.32776	0.11707
7.43066	0.12145
7.53501	0.125967
7.64083	0.130624
7.74813	0.135423
7.85693	0.140366
7.96727	0.145452
8.07915	0.150683
8.19261	0.15606
8.30766	0.161582
8.42432	0.167248
8.54262	0.173058
8.66259	0.17901
8.78424	0.185101
8.90759	0.191329
9.03268	0.19769
9.15953	0.204179
9.28816	0.210791
9.41859	0.217518
9.55085	0.224354
9.68498	0.231291
9.82098	0.238317
9.9589	0.245422
10.0988	0.252593
10.2406	0.259817
10.3844	0.267078
10.5302	0.274358
10.6781	0.281639
10.828	0.288899
10.9801	0.296117
11.1343	0.303268
11.2906	0.310325
11.4492	0.31726
11.61	0.324041
11.773	0.330635
11.9383	0.337008
12.106	0.343122
12.276	0.348936
12.4484	0.354408
12.6232	0.359495
12.8005	0.364149
12.9802	0.368322
13.1625	0.371963
13.3474	0.375019
13.5348	0.377437
13.7249	0.379159
13.9176	0.38013
14.113	0.380292
14.3112	0.379585
14.5122	0.37795
14.716	0.37533
14.9227	0.371667
15.1322	0.366903
15.3447	0.360985
15.5602	0.353861
15.7787	0.345482
16.0003	0.335804
16.225	0.324788
16.4528	0.3124
16.6839	0.298615
16.9182	0.283414
17.1558	0.266789
17.3967	0.248741
17.641	0.229283
17.8887	0.208441
18.1399	0.186254
18.3947	0.162776
18.653	0.138078
18.9149	0.112247
19.1805	0.0853897
19.4499	0.0576297
19.723	0.0291117
