3.57143e-06	3.80417e-10
7.14286e-06	1.52166e-09
1.07143e-05	3.42371e-09
1.42857e-05	6.08654e-09
1.78571e-05	9.51009e-09
2.14286e-05	1.36943e-08
2.5e-05	1.86391e-08
2.85714e-05	2.43444e-08
3.21429e-05	3.08102e-08
3.57143e-05	3.80362e-08
3.92857e-05	4.60224e-08
4.28571e-05	5.47686e-08
4.64286e-05	6.42748e-08
5e-05	7.45406e-08
5.35714e-05	8.55661e-08
5.71429e-05	9.7351e-08
6.07143e-05	1.09895e-07
6.42857e-05	1.23198e-07
6.78571e-05	1.3726e-07
7.14286e-05	1.52081e-07
7.5e-05	1.6766e-07
7.85714e-05	1.83998e-07
8.21429e-05	2.01094e-07
8.57143e-05	2.18947e-07
8.92857e-05	2.37559e-07
9.28571e-05	2.56927e-07
9.64286e-05	2.77054e-07
0.0001	2.97937e-07
0.000103571	3.19577e-07
0.000107143	3.41974e-07
0.000110714	3.65128e-07
0.000114286	3.89039e-07
0.000117857	4.13705e-07
0.000121429	4.39128e-07
0.000125	4.65308e-07
0.000128571	4.92242e-07
0.000132143	5.19933e-07
0.000135714	5.48379e-07
0.000139286	5.77581e-07
0.000142857	6.07538e-07
0.000146429	6.3825e-07
0.00015	6.69717e-07
0.000153571	7.01938e-07
0.000157143	7.34915e-07
0.000160714	7.68645e-07
0.000164286	8.0313e-07
0.000167857	8.38369e-07
0.000171429	8.74362e-07
0.000175	9.11109e-07
0.000178571	9.4861e-07
0.000182143	9.86864e-07
0.000185714	1.02587e-06
0.000189286	1.06563e-06
0.000192857	1.10614e-06
0.000196429	1.14741e-06
0.0002	1.18943e-06
0.000203571	1.2322e-06
0.000207143	1.27572e-06
0.000210714	1.32e-06
0.000214286	1.36503e-06
0.000217857	1.41081e-06
0.000221429	1.45734e-06
0.000225	1.50462e-06
0.000228571	1.55266e-06
0.000232143	1.60144e-06
0.000235714	1.65098e-06
0.000239286	1.70127e-06
0.000242857	1.75231e-06
0.000246429	1.80409e-06
0.00025	1.85663e-06
0.000253553	1.90965e-06
0.000257157	1.96417e-06
0.000260811	2.02025e-06
0.000264518	2.07793e-06
0.000268278	2.13725e-06
0.00027209	2.19827e-06
0.000275957	2.26102e-06
0.000279879	2.32557e-06
0.000283857	2.39195e-06
0.000287891	2.46023e-06
0.000291983	2.53045e-06
0.000296133	2.60267e-06
0.000300341	2.67695e-06
0.00030461	2.75335e-06
0.000308939	2.83192e-06
0.00031333	2.91273e-06
0.000317783	2.99585e-06
0.000322299	3.08133e-06
0.00032688	3.16925e-06
0.000331526	3.25967e-06
0.000336237	3.35267e-06
0.000341016	3.44831e-06
0.000345863	3.54668e-06
0.000350778	3.64785e-06
0.000355764	3.7519e-06
0.00036082	3.85892e-06
0.000365948	3.96898e-06
0.000371149	4.08217e-06
0.000376424	4.19859e-06
0.000381774	4.31832e-06
0.000387199	4.44145e-06
0.000392702	4.56809e-06
0.000398284	4.69834e-06
0.000403944	4.83229e-06
0.000409685	4.97005e-06
0.000415508	5.11173e-06
0.000421413	5.25744e-06
0.000427402	5.40729e-06
0.000433477	5.56141e-06
0.000439637	5.71991e-06
0.000445886	5.88292e-06
0.000452223	6.05056e-06
0.00045865	6.22296e-06
0.000465168	6.40027e-06
0.000471779	6.58262e-06
0.000478484	6.77015e-06
0.000485285	6.96301e-06
0.000492182	7.16135e-06
0.000499177	7.36532e-06
0.000506271	7.57509e-06
0.000513466	7.79082e-06
0.000520764	8.01267e-06
0.000528165	8.24083e-06
0.000535672	8.47546e-06
0.000543285	8.71675e-06
0.000551006	8.9649e-06
0.000558837	9.22009e-06
0.000566779	9.48252e-06
0.000574835	9.7524e-06
0.000583004	1.00299e-05
0.00059129	1.03154e-05
0.000599694	1.06089e-05
0.000608217	1.09107e-05
0.000616861	1.12211e-05
0.000625628	1.15403e-05
0.000634519	1.18685e-05
0.000643537	1.22061e-05
0.000652684	1.25532e-05
0.00066196	1.29102e-05
0.000671368	1.32772e-05
0.000680909	1.36547e-05
0.000690587	1.40429e-05
0.000700401	1.44421e-05
0.000710356	1.48525e-05
0.000720451	1.52746e-05
0.000730691	1.57087e-05
0.000741075	1.6155e-05
0.000751608	1.66139e-05
0.00076229	1.70859e-05
0.000773124	1.75712e-05
0.000784112	1.80702e-05
0.000795256	1.85834e-05
0.000806558	1.9111e-05
0.000818021	1.96536e-05
0.000829647	2.02115e-05
0.000841438	2.07852e-05
0.000853397	2.13751e-05
0.000865526	2.19816e-05
0.000877827	2.26053e-05
0.000890303	2.32467e-05
0.000902956	2.39061e-05
0.000915789	2.45841e-05
0.000928804	2.52813e-05
0.000942005	2.59981e-05
0.000955393	2.67352e-05
0.000968971	2.74931e-05
0.000982742	2.82723e-05
0.000996709	2.90735e-05
0.00101087	2.98973e-05
0.00102524	3.07443e-05
0.00103981	3.16152e-05
0.00105459	3.25106e-05
0.00106958	3.34313e-05
0.00108478	3.43779e-05
0.0011002	3.53511e-05
0.00111583	3.63517e-05
0.00113169	3.73804e-05
0.00114778	3.84381e-05
0.00116409	3.95256e-05
0.00118063	4.06436e-05
0.00119741	4.17931e-05
0.00121443	4.29748e-05
0.00123169	4.41898e-05
0.0012492	4.54388e-05
0.00126695	4.6723e-05
0.00128496	4.80432e-05
0.00130322	4.94005e-05
0.00132174	5.07958e-05
0.00134052	5.22303e-05
0.00135958	5.3705e-05
0.0013789	5.5221e-05
0.0013985	5.67795e-05
0.00141837	5.83817e-05
0.00143853	6.00287e-05
0.00145897	6.17219e-05
0.00147971	6.34624e-05
0.00150074	6.52517e-05
0.00152207	6.7091e-05
0.0015437	6.89817e-05
0.00156564	7.09252e-05
0.00158789	7.29231e-05
0.00161046	7.49768e-05
0.00163335	7.70878e-05
0.00165656	7.92577e-05
0.00168011	8.14881e-05
0.00170398	8.37808e-05
0.0017282	8.61374e-05
0.00175276	8.85597e-05
0.00177767	9.10494e-05
0.00180294	9.36085e-05
0.00182856	9.62388e-05
0.00185455	9.89423e-05
0.00188091	0.000101721
0.00190764	0.000104577
0.00193475	0.000107512
0.00196225	0.000110529
0.00199014	0.00011363
0.00201842	0.000116816
0.00204711	0.000120092
0.0020762	0.000123457
0.00210571	0.000126917
0.00213564	0.000130472
0.00216599	0.000134125
0.00219677	0.00013788
0.00222799	0.000141738
0.00225966	0.000145703
0.00229177	0.000149778
0.00232434	0.000153965
0.00235738	0.000158268
0.00239088	0.000162689
0.00242486	0.000167233
0.00245932	0.000171901
0.00249428	0.000176698
0.00252973	0.000181628
0.00256568	0.000186693
0.00260214	0.000191897
0.00263913	0.000197244
0.00267663	0.000202738
0.00271467	0.000208383
0.00275326	0.000214183
0.00279239	0.000220142
0.00283207	0.000226264
0.00287232	0.000232553
0.00291314	0.000239015
0.00295455	0.000245653
0.00299654	0.000252473
0.00303913	0.000259479
0.00308232	0.000266677
0.00312613	0.00027407
0.00317055	0.000281665
0.00321562	0.000289467
0.00326132	0.000297481
0.00330767	0.000305713
0.00335468	0.000314168
0.00340235	0.000322853
0.00345071	0.000331774
0.00349975	0.000340936
0.00354949	0.000350347
0.00359994	0.000360012
0.0036511	0.000369939
0.00370299	0.000380134
0.00375562	0.000390603
0.003809	0.000401356
0.00386313	0.000412398
0.00391803	0.000423737
0.00397372	0.000435381
0.00403019	0.000447338
0.00408747	0.000459616
0.00414556	0.000472223
0.00420448	0.000485168
0.00426424	0.00049846
0.00432484	0.000512107
0.00438631	0.000526118
0.00444865	0.000540503
0.00451187	0.000555272
0.004576	0.000570434
0.00464103	0.000585999
0.00470699	0.000601978
0.00477389	0.000618381
0.00484174	0.000635219
0.00491055	0.000652503
0.00498034	0.000670243
0.00505112	0.000688453
0.00512291	0.000707142
0.00519572	0.000726325
0.00526956	0.000746012
0.00534445	0.000766216
0.00542041	0.000786951
0.00549744	0.000808229
0.00557558	0.000830065
0.00565482	0.000852471
0.00573519	0.000875463
0.0058167	0.000899054
0.00589936	0.000923259
0.00598321	0.000948093
0.00606824	0.000973572
0.00615449	0.000999712
0.00624196	0.00102653
0.00633067	0.00105404
0.00642064	0.00108226
0.00651189	0.0011112
0.00660444	0.00114089
0.00669831	0.00117134
0.0067935	0.00120258
0.00689006	0.00123461
0.00698798	0.00126746
0.00708729	0.00130115
0.00718802	0.00133569
0.00729018	0.00137111
0.00739379	0.00140743
0.00749887	0.00144467
0.00760545	0.00148286
0.00771354	0.001522
0.00782316	0.00156213
0.00793435	0.00160326
0.00804711	0.00164543
0.00816148	0.00168865
0.00827748	0.00173295
0.00839512	0.00177836
0.00851443	0.00182489
0.00863544	0.00187257
0.00875817	0.00192144
0.00888264	0.00197151
0.00900889	0.00202281
0.00913692	0.00207537
0.00926678	0.00212922
0.00939848	0.00218439
0.00953205	0.0022409
0.00966753	0.00229879
0.00980492	0.00235807
0.00994427	0.0024188
0.0100856	0.00248098
0.0102289	0.00254466
0.0103743	0.00260987
0.0105218	0.00267664
0.0106713	0.002745
0.010823	0.00281498
0.0109768	0.00288663
0.0111328	0.00295996
0.011291	0.00303503
0.0114515	0.00311185
0.0116142	0.00319047
0.0117793	0.00327093
0.0119467	0.00335325
0.0121165	0.00343748
0.0122887	0.00352366
0.0124634	0.00361181
0.0126405	0.00370199
0.0128201	0.00379422
0.0130023	0.00388855
0.0131871	0.00398501
0.0133746	0.00408365
0.0135646	0.00418451
0.0137574	0.00428762
0.0139529	0.00439302
0.0141512	0.00450077
0.0143524	0.00461089
0.0145563	0.00472343
0.0147632	0.00483843
0.014973	0.00495594
0.0151858	0.00507599
0.0154017	0.00519863
0.0156206	0.0053239
0.0158426	0.00545184
0.0160677	0.0055825
0.0162961	0.00571591
0.0165277	0.00585213
0.0167626	0.00599119
0.0170008	0.00613313
0.0172424	0.00627801
0.0174875	0.00642585
0.017736	0.00657671
0.0179881	0.00673062
0.0182438	0.00688763
0.018503	0.00704777
0.018766	0.0072111
0.0190327	0.00737764
0.0193032	0.00754744
0.0195776	0.00772054
0.0198558	0.00789697
0.020138	0.00807678
0.0204242	0.00826
0.0207145	0.00844667
0.0210089	0.00863682
0.0213075	0.00883049
0.0216103	0.00902771
0.0219174	0.00922851
0.0222289	0.00943293
0.0225448	0.00964099
0.0228653	0.00985272
0.0231902	0.0100682
0.0235198	0.0102873
0.0238541	0.0105102
0.0241931	0.0107369
0.0245369	0.0109673
0.0248857	0.0112016
0.0252393	0.0114397
0.0255981	0.0116816
0.0259619	0.0119273
0.0263308	0.0121769
0.0267051	0.0124304
0.0270846	0.0126877
0.0274695	0.0129489
0.0278599	0.0132139
0.0282559	0.0134828
0.0286575	0.0137555
0.0290648	0.014032
0.0294778	0.0143124
0.0298968	0.0145965
0.0303217	0.0148844
0.0307526	0.0151759
0.0311897	0.0154712
0.031633	0.0157702
0.0320825	0.0160727
0.0325385	0.0163788
0.0330009	0.0166885
0.03347	0.0170015
0.0339457	0.017318
0.0344281	0.0176377
0.0349174	0.0179607
0.0354137	0.0182869
0.035917	0.0186161
0.0364274	0.0189483
0.0369451	0.0192833
0.0374702	0.0196211
0.0380028	0.0199616
0.0385429	0.0203046
0.0390906	0.02065
0.0396462	0.0209976
0.0402097	0.0213473
0.0407811	0.021699
0.0413607	0.0220525
0.0419486	0.0224076
0.0425447	0.0227641
0.0431494	0.0231219
0.0437627	0.0234808
0.0443846	0.0238405
0.0450154	0.0242008
0.0456552	0.0245616
0.0463041	0.0249225
0.0469622	0.0252833
0.0476296	0.0256438
0.0483065	0.0260037
0.0489931	0.0263627
0.0496894	0.0267206
0.0503956	0.027077
0.0511118	0.0274316
0.0518382	0.0277841
0.052575	0.0281342
0.0533222	0.0284816
0.05408	0.0288258
0.0548486	0.0291666
0.0556281	0.0295034
0.0564187	0.0298361
0.0572206	0.030164
0.0580338	0.030487
0.0588586	0.0308044
0.0596951	0.0311159
0.0605435	0.0314211
0.061404	0.0317194
0.0622766	0.0320105
0.0631617	0.0322938
0.0640594	0.0325688
0.0649698	0.0328351
0.0658932	0.0330922
0.0668297	0.0333394
0.0677795	0.0335763
0.0687428	0.0338024
0.0697198	0.0340171
0.0707107	0.0342198
0.0717156	0.03441
0.0727349	0.0345871
0.0737686	0.0347505
0.074817	0.0348996
0.0758803	0.0350338
0.0769588	0.0351526
0.0780525	0.0352553
0.0791618	0.0353413
0.0802869	0.03541
0.081428	0.0354607
0.0825853	0.0354929
0.083759	0.035506
0.0849494	0.0354992
0.0861567	0.0354721
0.0873812	0.0354239
0.0886231	0.035354
0.0898826	0.0352618
0.09116	0.0351468
0.0924556	0.0350083
0.0937696	0.0348456
0.0951023	0.0346583
0.0964539	0.0344457
0.0978248	0.0342073
0.0992151	0.0339425
0.100625	0.0336507
0.102055	0.0333315
0.103506	0.0329842
0.104977	0.0326085
0.106469	0.0322038
0.107982	0.0317697
0.109517	0.0313057
0.111073	0.0308115
0.112652	0.0302866
0.114253	0.0297307
0.115876	0.0291435
0.117523	0.0285246
0.119194	0.0278739
0.120888	0.0271911
0.122606	0.0264759
0.124348	0.0257283
0.126115	0.0249481
0.127908	0.0241353
0.129726	0.0232899
0.131569	0.0224118
0.133439	0.0215011
0.135336	0.020558
0.137259	0.0195826
0.13921	0.0185751
0.141188	0.0175359
0.143195	0.0164652
0.14523	0.0153635
0.147294	0.0142311
0.149388	0.0130686
0.151511	0.0118766
0.153664	0.0106557
0.155848	0.00940665
0.158063	0.00813015
0.160309	0.00682705
0.162588	0.00549826
0.164899	0.00414475
0.167242	0.00276757
0.169619	0.00136781
0.17203	-5.33404e-05
0.174475	-0.00149463
0.176954	-0.00295473
0.179469	-0.00443226
0.18202	-0.00592574
0.184607	-0.00743365
0.18723	-0.00895438
0.189891	-0.0104862
0.19259	-0.0120275
0.195327	-0.0135764
0.198103	-0.0151309
0.200919	-0.0166892
0.203774	-0.0182493
0.206671	-0.0198091
0.209608	-0.0213664
0.212587	-0.0229191
0.215608	-0.0244649
0.218672	-0.0260016
0.22178	-0.0275267
0.224932	-0.0290379
0.228129	-0.0305328
0.231371	-0.0320089
0.23466	-0.0334636
0.237995	-0.0348945
0.241377	-0.0362989
0.244808	-0.0376743
0.248287	-0.0390179
0.251816	-0.0403273
0.255394	-0.0415997
0.259024	-0.0428326
0.262706	-0.0440231
0.266439	-0.0451688
0.270226	-0.046267
0.274066	-0.047315
0.277962	-0.0483102
0.281912	-0.0492502
0.285919	-0.0501323
0.289982	-0.050954
0.294103	-0.051713
0.298283	-0.0524067
0.302523	-0.053033
0.306822	-0.0535894
0.311183	-0.0540738
0.315605	-0.0544841
0.320091	-0.0548182
0.32464	-0.0550742
0.329254	-0.0552502
0.333933	-0.0553445
0.338679	-0.0553553
0.343493	-0.0552812
0.348375	-0.0551207
0.353326	-0.0548726
0.358347	-0.0545356
0.36344	-0.0541088
0.368606	-0.0535911
0.373844	-0.0529819
0.379157	-0.0522806
0.384546	-0.0514866
0.390011	-0.0505996
0.395554	-0.0496196
0.401176	-0.0485465
0.406878	-0.0473805
0.41266	-0.0461219
0.418525	-0.0447713
0.424473	-0.0433293
0.430506	-0.0417967
0.436625	-0.0401746
0.44283	-0.0384641
0.449124	-0.0366668
0.455507	-0.0347841
0.461981	-0.0328177
0.468546	-0.0307696
0.475205	-0.0286418
0.481959	-0.0264366
0.488809	-0.0241566
0.495756	-0.0218042
0.502802	-0.0193822
0.509948	-0.0168937
0.517195	-0.0143418
0.524546	-0.0117297
0.532001	-0.00906093
0.539562	-0.00633911
0.54723	-0.003568
0.555008	-0.000751535
0.562896	0.00210622
0.570896	0.00500106
0.579009	0.00792862
0.587238	0.0108844
0.595584	0.0138639
0.604049	0.0168623
0.612634	0.0198748
0.621341	0.0228965
0.630171	0.0259224
0.639128	0.0289473
0.648211	0.0319661
0.657424	0.0349735
0.666767	0.0379643
0.676243	0.0409331
0.685854	0.0438744
0.695602	0.0467829
0.705488	0.0496531
0.715515	0.0524795
0.725684	0.0552568
0.735997	0.0579795
0.746457	0.0606421
0.757066	0.0632393
0.767826	0.0657657
0.778738	0.068216
0.789806	0.070585
0.801031	0.0728676
0.812416	0.0750587
0.823962	0.0771532
0.835672	0.0791464
0.847549	0.0810334
0.859595	0.0828097
0.871811	0.0844706
0.884202	0.0860119
0.896768	0.0874293
0.909513	0.0887189
0.92244	0.0898766
0.93555	0.090899
0.948846	0.0917824
0.962331	0.0925237
0.976008	0.0931197
0.989879	0.0935676
1.00395	0.0938647
1.01822	0.0940088
1.03269	0.0939977
1.04736	0.0938294
1.06225	0.0935023
1.07735	0.0930152
1.09266	0.0923668
1.10819	0.0915564
1.12394	0.0905833
1.13991	0.0894473
1.15611	0.0881484
1.17254	0.0866868
1.18921	0.085063
1.20611	0.0832779
1.22325	0.0813325
1.24064	0.0792282
1.25827	0.0769666
1.27615	0.0745496
1.29429	0.0719793
1.31268	0.0692581
1.33134	0.0663887
1.35026	0.0633739
1.36945	0.0602169
1.38891	0.056921
1.40865	0.0534899
1.42867	0.0499272
1.44898	0.0462372
1.46957	0.0424239
1.49046	0.0384918
1.51164	0.0344456
1.53312	0.0302899
1.55491	0.0260297
1.57701	0.0216701
1.59942	0.0172165
1.62216	0.0126742
1.64521	0.00804875
1.66859	0.00334583
1.69231	-0.00142879
1.71636	-0.0062692
1.74075	-0.0111694
1.76549	-0.0161234
1.79058	-0.0211249
1.81603	-0.0261678
1.84184	-0.0312458
1.86802	-0.0363525
1.89457	-0.0414815
1.92149	-0.0466264
1.9488	-0.0517808
1.9765	-0.0569382
2.00459	-0.0620921
2.03308	-0.067236
2.06197	-0.0723633
2.09128	-0.0774677
2.121	-0.0825427
2.15115	-0.0875816
2.18172	-0.0925782
2.21273	-0.097526
2.24417	-0.102419
2.27607	-0.107249
2.30842	-0.112012
2.34122	-0.116701
2.3745	-0.121309
2.40824	-0.125831
2.44247	-0.130259
2.47718	-0.134589
2.51239	-0.138813
2.5481	-0.142926
2.58431	-0.146922
2.62104	-0.150795
2.65829	-0.154538
2.69607	-0.158147
2.73439	-0.161614
2.77325	-0.164936
2.81267	-0.168105
2.85264	-0.171116
2.89318	-0.173964
2.9343	-0.176643
2.976	-0.179148
3.0183	-0.181473
3.0612	-0.183614
3.1047	-0.185565
3.14883	-0.187321
3.19358	-0.188877
3.23897	-0.19023
3.285	-0.191373
3.33169	-0.192302
3.37904	-0.193014
3.42706	-0.193504
3.47577	-0.193768
3.52517	-0.193802
3.57527	-0.193603
3.62608	-0.193167
3.67762	-0.19249
3.72988	-0.191571
3.78289	-0.190406
3.83666	-0.188992
3.89119	-0.187327
3.94649	-0.18541
4.00258	-0.183238
4.05946	-0.18081
4.11716	-0.178125
4.17567	-0.175181
4.23502	-0.171979
4.29521	-0.168518
4.35625	-0.164798
4.41816	-0.160819
4.48095	-0.156583
4.54464	-0.152089
4.60923	-0.147341
4.67474	-0.142339
4.74118	-0.137087
4.80856	-0.131585
4.8769	-0.125838
4.94621	-0.119849
5.01651	-0.113622
5.0878	-0.107161
5.16011	-0.10047
5.23345	-0.0935543
5.30783	-0.0864199
5.38327	-0.0790725
5.45977	-0.0715181
5.53737	-0.0637635
5.61607	-0.0558157
5.69589	-0.0476823
5.77684	-0.039371
5.85894	-0.0308902
5.94221	-0.0222483
6.02666	-0.0134546
6.11231	-0.00451815
6.19918	0.0045512
6.28729	0.0137435
6.37664	0.0230483
6.46727	0.0324551
6.55918	0.0419529
6.65241	0.0515304
6.74695	0.0611763
6.84284	0.0708788
6.94009	0.080626
7.03873	0.0904058
7.13876	0.100206
7.24022	0.110014
7.34312	0.119817
7.44748	0.129602
7.55333	0.139357
7.66068	0.149068
7.76956	0.158723
7.87998	0.168307
7.99197	0.177809
8.10556	0.187215
8.22075	0.196511
8.33759	0.205685
8.45609	0.214722
8.57627	0.22361
8.69815	0.232335
8.82177	0.240883
8.94715	0.249243
9.07431	0.257399
9.20328	0.26534
9.33408	0.273051
9.46674	0.280519
9.60128	0.287731
9.73774	0.294674
9.87613	0.301334
10.0165	0.307698
10.1589	0.313753
10.3032	0.319485
10.4497	0.324881
10.5982	0.329928
10.7488	0.334611
10.9016	0.338917
11.0565	0.342832
11.2136	0.346344
11.373	0.349437
11.5346	0.352099
11.6986	0.354315
11.8648	0.35607
12.0335	0.357352
12.2045	0.358146
12.3779	0.358438
12.5539	0.358213
12.7323	0.357458
12.9132	0.356158
13.0968	0.3543
13.2829	0.35187
13.4717	0.348854
13.6631	0.345239
13.8573	0.341012
14.0543	0.336161
14.254	0.330673
14.4566	0.324537
14.6621	0.317743
14.8704	0.31028
15.0818	0.302141
15.2961	0.293316
15.5135	0.283801
15.734	0.27359
15.9576	0.262679
16.1844	0.251068
16.4144	0.238756
16.6477	0.225747
16.8843	0.212047
17.1243	0.197662
17.3677	0.182604
17.6145	0.166887
17.8648	0.150528
18.1187	0.133549
18.3762	0.115975
18.6374	0.0978356
18.9023	0.0791639
19.1709	0.0599986
19.4434	0.0403831
19.7197	0.0203657
