5.26316e-05	8.12624e-08
0.000105263	3.24981e-07
0.000157895	7.31053e-07
0.000210526	1.29938e-06
0.000263158	2.02985e-06
0.000315789	2.92237e-06
0.000368421	3.97683e-06
0.000421053	5.19313e-06
0.000473684	6.57117e-06
0.000526316	8.11085e-06
0.000578947	9.81207e-06
0.000631579	1.16747e-05
0.000684211	1.36987e-05
0.000736842	1.58839e-05
0.000789474	1.82302e-05
0.000842105	2.07376e-05
0.000894737	2.34058e-05
0.000947368	2.62349e-05
0.001	2.92248e-05
0.00105263	3.23752e-05
0.00110526	3.56861e-05
0.00115789	3.91575e-05
0.00121053	4.27891e-05
0.00126316	4.6581e-05
0.00131579	5.0533e-05
0.00136842	5.4645e-05
0.00142105	5.89169e-05
0.00147368	6.33486e-05
0.00152632	6.794e-05
0.00157895	7.2691e-05
0.00163158	7.76014e-05
0.00168421	8.26713e-05
0.00173684	8.79005e-05
0.00178947	9.32889e-05
0.00184211	9.88364e-05
0.00189474	0.000104543
0.00194737	0.000110408
0.002	0.000116432
0.00205263	0.000122615
0.00210526	0.000128957
0.00215789	0.000135456
0.00221053	0.000142115
0.00226316	0.000148931
0.00231579	0.000155906
0.00236842	0.000163039
0.00242105	0.00017033
0.00247368	0.000177778
0.00252632	0.000185385
0.00257895	0.000193149
0.00263158	0.000201071
0.00268421	0.00020915
0.00273684	0.000217387
0.00278947	0.000225781
0.00284211	0.000234332
0.00289474	0.00024304
0.00294737	0.000251905
0.003	0.000260927
0.00305263	0.000270106
0.00310526	0.000279441
0.00315789	0.000288933
0.00321053	0.000298582
0.00326316	0.000308386
0.00331579	0.000318348
0.00336842	0.000328465
0.00342105	0.000338738
0.00347368	0.000349168
0.00352632	0.000359753
0.00357895	0.000370494
0.00363158	0.000381391
0.00368421	0.000392443
0.00373684	0.000403651
0.00378947	0.000415014
0.00384211	0.000426532
0.00389474	0.000438206
0.00394737	0.000450034
0.004	0.000462018
0.00405263	0.000474157
0.00410526	0.00048645
0.00415789	0.000498898
0.00421053	0.0005115
0.00426316	0.000524257
0.00431579	0.000537169
0.00436842	0.000550235
0.00442105	0.000563455
0.00447368	0.000576828
0.00452632	0.000590356
0.00457895	0.000604038
0.00463158	0.000617874
0.00468421	0.000631863
0.00473684	0.000646006
0.00478947	0.000660303
0.00484211	0.000674752
0.00489474	0.000689355
0.00494737	0.000704112
0.005	0.000719021
0.00505211	0.000733933
0.00510476	0.000749152
0.00515796	0.000764685
0.00521171	0.000780539
0.00526602	0.000796719
0.0053209	0.000813233
0.00537636	0.000830087
0.00543239	0.000847289
0.005489	0.000864845
0.0055462	0.000882763
0.005604	0.00090105
0.0056624	0.000919714
0.00572142	0.000938761
0.00578104	0.000958201
0.00584129	0.000978041
0.00590216	0.00099829
0.00596367	0.00101895
0.00602582	0.00104004
0.00608862	0.00106157
0.00615207	0.00108354
0.00621619	0.00110595
0.00628097	0.00112883
0.00634643	0.00115218
0.00641257	0.00117601
0.00647939	0.00120033
0.00654692	0.00122515
0.00661515	0.00125047
0.00668409	0.00127632
0.00675375	0.0013027
0.00682413	0.00132962
0.00689525	0.00135709
0.00696711	0.00138512
0.00703971	0.00141373
0.00711308	0.00144293
0.00718721	0.00147273
0.00726211	0.00150313
0.00733779	0.00153416
0.00741426	0.00156582
0.00749153	0.00159814
0.0075696	0.00163111
0.00764849	0.00166476
0.0077282	0.0016991
0.00780874	0.00173414
0.00789011	0.00176989
0.00797234	0.00180638
0.00805542	0.00184361
0.00813937	0.00188161
0.0082242	0.00192038
0.00830991	0.00195994
0.00839651	0.00200031
0.00848401	0.00204151
0.00857243	0.00208354
0.00866177	0.00212644
0.00875204	0.00217021
0.00884324	0.00221487
0.0089354	0.00226044
0.00902852	0.00230694
0.00912262	0.00235439
0.00921769	0.0024028
0.00931375	0.0024522
0.00941081	0.00250261
0.00950889	0.00255404
0.00960798	0.00260651
0.00970811	0.00266006
0.00980929	0.00271469
0.00991151	0.00277044
0.0100148	0.00282731
0.0101192	0.00288534
0.0102246	0.00294455
0.0103312	0.00300497
0.0104389	0.0030666
0.0105476	0.00312949
0.0106576	0.00319365
0.0107686	0.00325912
0.0108809	0.00332591
0.0109943	0.00339405
0.0111088	0.00346357
0.0112246	0.0035345
0.0113416	0.00360687
0.0114598	0.0036807
0.0115792	0.00375602
0.0116999	0.00383286
0.0118218	0.00391126
0.011945	0.00399124
0.0120695	0.00407283
0.0121953	0.00415607
0.0123224	0.00424099
0.0124508	0.00432762
0.0125805	0.004416
0.0127116	0.00450616
0.0128441	0.00459813
0.012978	0.00469196
0.0131132	0.00478767
0.0132499	0.0048853
0.013388	0.00498491
0.0135275	0.00508651
0.0136685	0.00519015
0.0138109	0.00529587
0.0139548	0.00540372
0.0141003	0.00551372
0.0142472	0.00562594
0.0143957	0.0057404
0.0145457	0.00585715
0.0146973	0.00597624
0.0148505	0.00609771
0.0150052	0.00622162
0.0151616	0.006348
0.0153196	0.0064769
0.0154793	0.00660838
0.0156406	0.00674248
0.0158036	0.00687926
0.0159683	0.00701877
0.0161347	0.00716105
0.0163029	0.00730617
0.0164728	0.00745418
0.0166444	0.00760513
0.0168179	0.00775908
0.0169931	0.00791609
0.0171702	0.00807622
0.0173492	0.00823953
0.01753	0.00840608
0.0177127	0.00857593
0.0178973	0.00874914
0.0180838	0.00892579
0.0182722	0.00910593
0.0184627	0.00928963
0.0186551	0.00947697
0.0188495	0.009668
0.0190459	0.0098628
0.0192444	0.0100615
0.019445	0.010264
0.0196476	0.0104706
0.0198524	0.0106812
0.0200593	0.010896
0.0202683	0.0111149
0.0204795	0.0113382
0.020693	0.0115659
0.0209086	0.011798
0.0211265	0.0120347
0.0213467	0.0122761
0.0215692	0.0125221
0.0217939	0.012773
0.0220211	0.0130287
0.0222506	0.0132895
0.0224824	0.0135554
0.0227167	0.0138264
0.0229535	0.0141027
0.0231927	0.0143844
0.0234344	0.0146716
0.0236786	0.0149644
0.0239254	0.0152628
0.0241747	0.0155671
0.0244267	0.0158772
0.0246812	0.0161933
0.0249384	0.0165156
0.0251983	0.0168441
0.0254609	0.017179
0.0257263	0.0175203
0.0259944	0.0178682
0.0262653	0.0182228
0.026539	0.0185842
0.0268156	0.0189526
0.027095	0.0193281
0.0273774	0.0197107
0.0276627	0.0201007
0.027951	0.0204982
0.0282423	0.0209033
0.0285366	0.0213161
0.028834	0.0217369
0.0291345	0.0221656
0.0294381	0.0226026
0.0297449	0.0230478
0.0300549	0.0235015
0.0303681	0.0239639
0.0306846	0.024435
0.0310044	0.024915
0.0313275	0.0254042
0.031654	0.0259026
0.0319839	0.0264104
0.0323172	0.0269278
0.032654	0.0274549
0.0329943	0.027992
0.0333381	0.0285392
0.0336856	0.0290967
0.0340366	0.0296646
0.0343913	0.0302432
0.0347497	0.0308326
0.0351119	0.031433
0.0354778	0.0320446
0.0358475	0.0326676
0.0362211	0.0333022
0.0365986	0.0339486
0.03698	0.0346071
0.0373654	0.0352777
0.0377548	0.0359607
0.0381483	0.0366564
0.0385458	0.0373649
0.0389475	0.0380865
0.0393534	0.0388214
0.0397635	0.0395698
0.0401779	0.0403319
0.0405966	0.041108
0.0410197	0.0418983
0.0414472	0.042703
0.0418792	0.0435224
0.0423156	0.0443568
0.0427566	0.0452063
0.0432022	0.0460712
0.0436524	0.0469518
0.0441073	0.0478483
0.044567	0.0487611
0.0450314	0.0496903
0.0455007	0.0506362
0.0459749	0.0515991
0.0464541	0.0525793
0.0469382	0.053577
0.0474273	0.0545926
0.0479216	0.0556263
0.048421	0.0566784
0.0489256	0.0577492
0.0494355	0.058839
0.0499507	0.059948
0.0504713	0.0610767
0.0509973	0.0622253
0.0515287	0.063394
0.0520657	0.0645833
0.0526083	0.0657935
0.0531566	0.0670248
0.0537106	0.0682776
0.0542703	0.0695522
0.0548359	0.0708489
0.0554074	0.0721681
0.0559848	0.0735101
0.0565682	0.0748753
0.0571578	0.076264
0.0577534	0.0776765
0.0583553	0.0791133
0.0589634	0.0805746
0.0595779	0.0820608
0.0601988	0.0835722
0.0608262	0.0851093
0.0614601	0.0866725
0.0621006	0.088262
0.0627478	0.0898782
0.0634017	0.0915216
0.0640624	0.0931925
0.0647301	0.0948913
0.0654046	0.0966183
0.0660863	0.0983741
0.066775	0.100159
0.0674709	0.101973
0.068174	0.103817
0.0688845	0.105692
0.0696024	0.107597
0.0703277	0.109533
0.0710607	0.1115
0.0718012	0.1135
0.0725495	0.115532
0.0733056	0.117596
0.0740695	0.119694
0.0748414	0.121825
0.0756214	0.12399
0.0764095	0.126189
0.0772058	0.128424
0.0780104	0.130693
0.0788234	0.132998
0.0796448	0.135339
0.0804748	0.137717
0.0813135	0.140132
0.0821609	0.142584
0.0830172	0.145074
0.0838823	0.147602
0.0847565	0.150169
0.0856398	0.152775
0.0865323	0.15542
0.0874341	0.158105
0.0883453	0.160831
0.089266	0.163597
0.0901962	0.166405
0.0911362	0.169254
0.092086	0.172146
0.0930457	0.17508
0.0940153	0.178057
0.0949951	0.181077
0.0959851	0.184141
0.0969854	0.187249
0.0979962	0.190401
0.0990174	0.193599
0.100049	0.196842
0.101092	0.20013
0.102146	0.203465
0.10321	0.206846
0.104286	0.210275
0.105372	0.21375
0.106471	0.217273
0.10758	0.220844
0.108701	0.224464
0.109834	0.228132
0.110979	0.23185
0.112135	0.235616
0.113304	0.239433
0.114485	0.243299
0.115678	0.247216
0.116883	0.251184
0.118101	0.255202
0.119332	0.259272
0.120576	0.263393
0.121832	0.267566
0.123102	0.271791
0.124385	0.276068
0.125681	0.280398
0.126991	0.28478
0.128315	0.289215
0.129652	0.293703
0.131003	0.298244
0.132368	0.302839
0.133748	0.307487
0.135142	0.312188
0.13655	0.316943
0.137973	0.321752
0.139411	0.326615
0.140864	0.331531
0.142332	0.336502
0.143815	0.341526
0.145314	0.346604
0.146828	0.351735
0.148358	0.356921
0.149904	0.36216
0.151467	0.367453
0.153045	0.372798
0.15464	0.378198
0.156252	0.38365
0.15788	0.389155
0.159525	0.394712
0.161188	0.400322
0.162868	0.405984
0.164565	0.411697
0.16628	0.417462
0.168013	0.423277
0.169764	0.429143
0.171533	0.435059
0.173321	0.441025
0.175127	0.447039
0.176952	0.453102
0.178796	0.459213
0.18066	0.465371
0.182542	0.471576
0.184445	0.477827
0.186367	0.484122
0.188309	0.490463
0.190272	0.496846
0.192254	0.503272
0.194258	0.50974
0.196282	0.516249
0.198328	0.522798
0.200395	0.529386
0.202483	0.536011
0.204594	0.542673
0.206726	0.549371
0.20888	0.556102
0.211057	0.562867
0.213256	0.569664
0.215479	0.576491
0.217724	0.583347
0.219994	0.59023
0.222286	0.59714
0.224603	0.604074
0.226943	0.611031
0.229309	0.61801
0.231698	0.625008
0.234113	0.632024
0.236553	0.639056
0.239018	0.646103
0.241509	0.653162
0.244026	0.660231
0.246569	0.667309
0.249138	0.674393
0.251735	0.681482
0.254358	0.688572
0.257009	0.695663
0.259688	0.702752
0.262394	0.709835
0.265128	0.716912
0.267891	0.72398
0.270683	0.731036
0.273504	0.738077
0.276354	0.745102
0.279235	0.752107
0.282145	0.75909
0.285085	0.766048
0.288056	0.772979
0.291058	0.779879
0.294091	0.786746
0.297156	0.793576
0.300253	0.800368
0.303382	0.807118
0.306544	0.813822
0.309738	0.820478
0.312966	0.827083
0.316228	0.833633
0.319523	0.840126
0.322853	0.846558
0.326218	0.852925
0.329618	0.859225
0.333053	0.865455
0.336524	0.87161
0.340031	0.877687
0.343574	0.883684
0.347155	0.889596
0.350773	0.89542
0.354428	0.901153
0.358122	0.906791
0.361854	0.91233
0.365625	0.917767
0.369435	0.923099
0.373286	0.928322
0.377176	0.933432
0.381106	0.938425
0.385078	0.943299
0.389091	0.948049
0.393146	0.952673
0.397243	0.957165
0.401383	0.961524
0.405566	0.965745
0.409793	0.969825
0.414064	0.97376
0.418379	0.977547
0.422739	0.981182
0.427144	0.984662
0.431596	0.987984
0.436094	0.991143
0.440638	0.994138
0.445231	0.996965
0.449871	0.999619
0.454559	1.0021
0.459296	1.0044
0.464083	1.00652
0.468919	1.00846
0.473806	1.01021
0.478744	1.01177
0.483733	1.01314
0.488774	1.01431
0.493868	1.01529
0.499015	1.01607
0.504215	1.01664
0.50947	1.01701
0.514779	1.01717
0.520144	1.01712
0.525565	1.01686
0.531042	1.01639
0.536576	1.0157
0.542168	1.01479
0.547818	1.01367
0.553527	1.01233
0.559296	1.01077
0.565125	1.00898
0.571014	1.00698
0.576965	1.00474
0.582978	1.00229
0.589053	0.999607
0.595192	0.996701
0.601395	0.993569
0.607662	0.990211
0.613995	0.986627
0.620394	0.982818
0.626859	0.978784
0.633392	0.974525
0.639993	0.970042
0.646662	0.965337
0.653402	0.960409
0.660211	0.955261
0.667091	0.949894
0.674044	0.94431
0.681068	0.938509
0.688166	0.932495
0.695338	0.926269
0.702584	0.919834
0.709906	0.913191
0.717304	0.906345
0.72478	0.899297
0.732333	0.892051
0.739965	0.88461
0.747676	0.876978
0.755468	0.869157
0.763342	0.861152
0.771297	0.852967
0.779335	0.844605
0.787457	0.836071
0.795663	0.827369
0.803955	0.818504
0.812333	0.809481
0.820799	0.800304
0.829353	0.790978
0.837996	0.78151
0.846729	0.771903
0.855554	0.762163
0.86447	0.752297
0.873479	0.742309
0.882582	0.732206
0.89178	0.721993
0.901073	0.711676
0.910464	0.701262
0.919952	0.690757
0.929539	0.680167
0.939227	0.669499
0.949015	0.658758
0.958905	0.647952
0.968898	0.637087
0.978995	0.62617
0.989198	0.615207
0.999507	0.604205
1.00992	0.593171
1.02045	0.582112
1.03108	0.571035
1.04183	0.559945
1.05269	0.54885
1.06366	0.537757
1.07474	0.526673
1.08594	0.515603
1.09726	0.504555
1.10869	0.493535
1.12025	0.482551
1.13192	0.471607
1.14372	0.460711
1.15564	0.449869
1.16768	0.439087
1.17985	0.428372
1.19215	0.417728
1.20457	0.407162
1.21712	0.396681
1.22981	0.386288
1.24262	0.375991
1.25557	0.365793
1.26866	0.355701
1.28188	0.345719
1.29524	0.335853
1.30874	0.326106
1.32238	0.316483
1.33616	0.306988
1.35008	0.297626
1.36415	0.288401
1.37837	0.279315
1.39273	0.270374
1.40725	0.261579
1.42191	0.252934
1.43673	0.244442
1.45171	0.236105
1.46683	0.227926
1.48212	0.219907
1.49757	0.212051
1.51317	0.204358
1.52894	0.19683
1.54488	0.18947
1.56098	0.182277
1.57724	0.175252
1.59368	0.168398
1.61029	0.161713
1.62707	0.155198
1.64403	0.148853
1.66116	0.142679
1.67847	0.136674
1.69597	0.130838
1.71364	0.12517
1.7315	0.11967
1.74954	0.114337
1.76778	0.109168
1.7862	0.104164
1.80481	0.0993209
1.82362	0.0946384
1.84263	0.0901142
1.86183	0.0857464
1.88123	0.0815327
1.90084	0.0774708
1.92065	0.0735582
1.94067	0.0697924
1.96089	0.0661708
1.98133	0.0626905
2.00197	0.0593488
2.02284	0.0561427
2.04392	0.0530692
2.06522	0.0501252
2.08674	0.0473076
2.10849	0.0446132
2.13046	0.0420388
2.15266	0.0395811
2.1751	0.0372368
2.19777	0.0350027
2.22067	0.0328754
2.24381	0.0308516
2.2672	0.0289279
2.29082	0.0271011
2.3147	0.0253677
2.33882	0.0237245
2.36319	0.0221683
2.38782	0.0206958
2.41271	0.0193038
2.43785	0.0179892
2.46326	0.0167487
2.48893	0.0155794
2.51487	0.0144783
2.54108	0.0134423
2.56756	0.0124685
2.59432	0.0115542
2.62135	0.0106966
2.64867	0.00989293
2.67627	0.00914061
2.70416	0.00843706
2.73235	0.00777982
2.76082	0.00716647
2.78959	0.00659469
2.81866	0.00606222
2.84804	0.00556691
2.87772	0.00510666
2.90771	0.00467944
2.93801	0.00428334
2.96863	0.00391649
2.99957	0.00357712
3.03083	0.00326352
3.06241	0.00297407
3.09433	0.00270722
3.12658	0.00246149
3.15916	0.00223548
3.19208	0.00202784
3.22535	0.00183733
3.25896	0.00166273
3.29293	0.00150291
3.32724	0.0013568
3.36192	0.0012234
3.39695	0.00110174
3.43236	0.000990942
3.46813	0.00089016
3.50427	0.000798608
3.54079	0.000715549
3.57769	0.000640294
3.61497	0.0005722
3.65265	0.00051067
3.69071	0.000455146
3.72918	0.000405109
3.76804	0.000360081
3.80731	0.000319615
3.84699	0.000283302
3.88708	0.000250761
3.92759	0.000221642
3.96852	0.000195623
4.00988	0.000172408
4.05166	0.000151725
4.09389	0.000133326
4.13655	0.000116983
4.17966	0.000102489
4.22322	8.96536e-05
4.26723	7.83049e-05
4.3117	6.82865e-05
4.35664	5.94563e-05
4.40204	5.16858e-05
4.44792	4.48589e-05
4.49427	3.88708e-05
4.54111	3.36269e-05
4.58843	2.90425e-05
4.63625	2.50412e-05
4.68457	2.15549e-05
4.73339	1.85223e-05
4.78272	1.58891e-05
4.83256	1.36066e-05
4.88292	1.16315e-05
4.93381	9.92554e-06
4.98523	8.45463e-06
5.03718	7.18869e-06
5.08968	6.10114e-06
5.14272	5.16859e-06
5.19631	4.37041e-06
5.25047	3.68855e-06
5.30518	3.10716e-06
5.36047	2.61238e-06
5.41634	2.19213e-06
5.47278	1.83588e-06
5.52982	1.53448e-06
5.58745	1.28e-06
5.64567	1.06557e-06
5.70451	8.85252e-07
5.76396	7.33932e-07
5.82403	6.0721e-07
5.88472	5.01312e-07
5.94605	4.13004e-07
6.00802	3.39521e-07
6.07063	2.78507e-07
6.1339	2.27957e-07
6.19782	1.86169e-07
6.26241	1.51702e-07
6.32768	1.23336e-07
6.39362	1.00046e-07
6.46025	8.09665e-08
6.52758	6.5373e-08
6.5956	5.26585e-08
6.66434	4.2316e-08
6.73379	3.39232e-08
6.80397	2.7129e-08
6.87487	2.16424e-08
6.94652	1.72226e-08
7.01891	1.36711e-08
7.09206	1.08245e-08
7.16597	8.5488e-09
7.24065	6.73407e-09
7.31611	5.29075e-09
7.39235	4.14582e-09
7.46939	3.24001e-09
7.54724	2.5253e-09
7.62589	1.9629e-09
7.70536	1.52156e-09
7.78566	1.17618e-09
7.8668	9.06653e-10
7.94879	6.9691e-10
8.03162	5.34156e-10
8.11533	4.08228e-10
8.1999	3.11077e-10
8.28536	2.36346e-10
8.3717	1.79033e-10
8.45895	1.3521e-10
8.5471	1.01803e-10
8.63617	7.64147e-11
8.72618	5.71796e-11
8.81712	4.26521e-11
8.909	3.17147e-11
9.00185	2.35065e-11
9.09566	1.73663e-11
9.19045	1.2788e-11
9.28623	9.38563e-12
9.38301	6.86549e-12
9.48079	5.00509e-12
9.5796	3.63639e-12
9.67943	2.63288e-12
9.7803	1.89968e-12
9.88223	1.36584e-12
9.98522	9.78529e-13
10.0893	6.98534e-13
10.1944	4.9685e-13
10.3007	3.52103e-13
10.408	2.48602e-13
10.5165	1.74869e-13
10.6261	1.2254e-13
10.7368	8.55428e-14
10.8487	5.94856e-14
10.9618	4.12046e-14
11.076	2.84294e-14
11.1914	1.95371e-14
11.3081	1.33722e-14
11.4259	9.11554e-15
11.545	6.18838e-15
11.6653	4.18379e-15
11.7869	2.8167e-15
11.9097	1.88831e-15
12.0338	1.26051e-15
12.1592	8.378e-16
12.286	5.54418e-16
12.414	3.65274e-16
12.5434	2.39586e-16
12.6741	1.5644e-16
12.8062	1.01686e-16
12.9396	6.57919e-17
13.0745	4.23709e-17
13.2107	2.71597e-17
13.3484	1.73269e-17
13.4875	1.10011e-17
13.6281	6.95107e-18
13.7701	4.37061e-18
13.9136	2.73455e-18
14.0586	1.7024e-18
14.2051	1.05451e-18
14.3532	6.49865e-19
14.5027	3.98439e-19
14.6539	2.4302e-19
14.8066	1.47449e-19
14.9609	8.89886e-20
15.1168	5.34194e-20
15.2744	3.18943e-20
15.4335	1.89387e-20
15.5944	1.11836e-20
15.7569	6.56741e-21
15.9211	3.83488e-21
16.087	2.22656e-21
16.2547	1.28534e-21
16.4241	7.37678e-22
16.5952	4.20894e-22
16.7682	2.38724e-22
16.9429	1.34583e-22
17.1195	7.54145e-23
17.2979	4.19991e-23
17.4782	2.32428e-23
17.6603	1.27789e-23
17.8444	6.98083e-24
18.0304	3.78701e-24
18.2183	2.03772e-24
18.4081	1.08695e-24
18.6	5.73557e-25
18.7938	2.98065e-25
18.9897	1.51207e-25
19.1876	7.35711e-26
19.3875	3.30211e-26
19.5896	1.24404e-26
19.7937	2.8174e-27
