6.43501e-06	1.00019e-22
1.287e-05	1.40026e-21
1.9305e-05	6.90123e-21
2.574e-05	2.16036e-20
3.2175e-05	5.25081e-20
3.861e-05	1.08615e-19
4.5045e-05	2.00923e-19
5.14801e-05	3.42432e-19
5.79151e-05	5.48137e-19
6.43501e-05	8.35032e-19
7.07851e-05	1.22211e-18
7.72201e-05	1.73036e-18
8.36551e-05	2.38277e-18
9.00901e-05	3.20432e-18
9.65251e-05	4.22199e-18
0.00010296	5.46476e-18
0.000109395	6.96359e-18
0.00011583	8.75146e-18
0.000122265	1.08633e-17
0.0001287	1.33362e-17
0.000135135	1.62089e-17
0.00014157	1.95225e-17
0.000148005	2.33198e-17
0.00015444	2.76459e-17
0.000160875	3.25476e-17
0.00016731	3.80739e-17
0.000173745	4.42757e-17
0.00018018	5.12058e-17
0.000186615	5.89192e-17
0.00019305	6.74728e-17
0.000199485	7.69254e-17
0.00020592	8.73379e-17
0.000212355	9.87731e-17
0.00021879	1.11296e-16
0.000225225	1.24973e-16
0.00023166	1.39874e-16
0.000238095	1.56068e-16
0.00024453	1.7363e-16
0.000250965	1.92633e-16
0.0002574	2.13155e-16
0.000263835	2.35274e-16
0.00027027	2.5907e-16
0.000276705	2.84628e-16
0.00028314	3.12031e-16
0.000289575	3.41366e-16
0.00029601	3.72722e-16
0.000302445	4.0619e-16
0.00030888	4.41861e-16
0.000315315	4.79832e-16
0.00032175	5.20198e-16
0.000328185	5.63059e-16
0.00033462	6.08514e-16
0.000341055	6.56666e-16
0.00034749	7.0762e-16
0.000353925	7.61483e-16
0.00036036	8.18363e-16
0.000366795	8.7837e-16
0.00037323	9.41618e-16
0.000379665	1.00822e-15
0.0003861	1.07829e-15
0.000392535	1.15196e-15
0.00039897	1.22933e-15
0.000405405	1.31053e-15
0.00041184	1.39569e-15
0.000418275	1.48494e-15
0.00042471	1.57839e-15
0.000431145	1.67619e-15
0.00043758	1.77846e-15
0.000444015	1.88534e-15
0.00045045	1.99697e-15
0.000456885	2.11347e-15
0.00046332	2.235e-15
0.000469755	2.3617e-15
0.00047619	2.49371e-15
0.000482569	2.62994e-15
0.000489034	2.77362e-15
0.000495585	2.92515e-15
0.000502223	3.08496e-15
0.000508951	3.25349e-15
0.000515769	3.43122e-15
0.000522678	3.61867e-15
0.00052968	3.81635e-15
0.000536775	4.02483e-15
0.000543965	4.24469e-15
0.000551252	4.47657e-15
0.000558637	4.7211e-15
0.00056612	4.97899e-15
0.000573704	5.25097e-15
0.000581389	5.53779e-15
0.000589177	5.84029e-15
0.000597069	6.1593e-15
0.000605067	6.49573e-15
0.000613173	6.85054e-15
0.000621387	7.22472e-15
0.000629711	7.61933e-15
0.000638146	8.0355e-15
0.000646694	8.47438e-15
0.000655357	8.93724e-15
0.000664136	9.42537e-15
0.000673033	9.94015e-15
0.000682049	1.0483e-14
0.000691185	1.10556e-14
0.000700444	1.16594e-14
0.000709827	1.22961e-14
0.000719336	1.29677e-14
0.000728972	1.36759e-14
0.000738737	1.44227e-14
0.000748633	1.52104e-14
0.000758661	1.6041e-14
0.000768824	1.6917e-14
0.000779123	1.78408e-14
0.00078956	1.88151e-14
0.000800137	1.98425e-14
0.000810855	2.0926e-14
0.000821717	2.20687e-14
0.000832724	2.32738e-14
0.000843879	2.45446e-14
0.000855184	2.58848e-14
0.000866639	2.72982e-14
0.000878249	2.87887e-14
0.000890014	3.03606e-14
0.000901936	3.20183e-14
0.000914018	3.37665e-14
0.000926262	3.56101e-14
0.00093867	3.75543e-14
0.000951244	3.96046e-14
0.000963987	4.17668e-14
0.0009769	4.4047e-14
0.000989986	4.64517e-14
0.00100325	4.89876e-14
0.00101669	5.16619e-14
0.00103031	5.44822e-14
0.00104411	5.74563e-14
0.00105809	6.05928e-14
0.00107227	6.39004e-14
0.00108663	6.73884e-14
0.00110119	7.10669e-14
0.00111594	7.4946e-14
0.00113089	7.90368e-14
0.00114604	8.33508e-14
0.00116139	8.79001e-14
0.00117695	9.26977e-14
0.00119271	9.7757e-14
0.00120869	1.03092e-13
0.00122488	1.08719e-13
0.00124129	1.14652e-13
0.00125792	1.20909e-13
0.00127477	1.27507e-13
0.00129184	1.34466e-13
0.00130915	1.41803e-13
0.00132669	1.49541e-13
0.00134446	1.57702e-13
0.00136247	1.66307e-13
0.00138072	1.75381e-13
0.00139922	1.84951e-13
0.00141796	1.95042e-13
0.00143695	2.05684e-13
0.0014562	2.16906e-13
0.00147571	2.2874e-13
0.00149548	2.41219e-13
0.00151551	2.54379e-13
0.00153581	2.68256e-13
0.00155639	2.8289e-13
0.00157723	2.98322e-13
0.00159836	3.14595e-13
0.00161977	3.31755e-13
0.00164147	3.49851e-13
0.00166346	3.68933e-13
0.00168574	3.89056e-13
0.00170833	4.10276e-13
0.00173121	4.32652e-13
0.0017544	4.56248e-13
0.0017779	4.8113e-13
0.00180172	5.07368e-13
0.00182585	5.35036e-13
0.00185031	5.64212e-13
0.0018751	5.94978e-13
0.00190022	6.2742e-13
0.00192567	6.6163e-13
0.00195147	6.97705e-13
0.00197761	7.35745e-13
0.0020041	7.75857e-13
0.00203095	8.18155e-13
0.00205815	8.62758e-13
0.00208572	9.0979e-13
0.00211366	9.59384e-13
0.00214198	1.01168e-12
0.00217067	1.06682e-12
0.00219975	1.12497e-12
0.00222921	1.18629e-12
0.00225908	1.25094e-12
0.00228934	1.31912e-12
0.00232001	1.391e-12
0.00235108	1.46681e-12
0.00238258	1.54673e-12
0.00241449	1.63102e-12
0.00244684	1.71989e-12
0.00247962	1.81359e-12
0.00251283	1.9124e-12
0.00254649	2.01659e-12
0.0025806	2.12645e-12
0.00261517	2.24229e-12
0.00265021	2.36444e-12
0.00268571	2.49323e-12
0.00272168	2.62903e-12
0.00275814	2.77222e-12
0.00279509	2.9232e-12
0.00283253	3.0824e-12
0.00287048	3.25026e-12
0.00290893	3.42725e-12
0.0029479	3.61386e-12
0.00298739	3.81063e-12
0.0030274	4.01811e-12
0.00306796	4.23686e-12
0.00310905	4.46752e-12
0.0031507	4.71071e-12
0.00319291	4.96714e-12
0.00323568	5.2375e-12
0.00327902	5.52256e-12
0.00332295	5.82313e-12
0.00336746	6.14003e-12
0.00341257	6.47415e-12
0.00345829	6.82644e-12
0.00350461	7.19788e-12
0.00355156	7.5895e-12
0.00359913	8.0024e-12
0.00364735	8.43774e-12
0.00369621	8.89673e-12
0.00374572	9.38066e-12
0.0037959	9.89088e-12
0.00384674	1.04288e-11
0.00389827	1.0996e-11
0.00395049	1.15939e-11
0.00400341	1.22243e-11
0.00405704	1.2889e-11
0.00411139	1.35897e-11
0.00416647	1.43285e-11
0.00422228	1.51074e-11
0.00427884	1.59286e-11
0.00433616	1.67943e-11
0.00439424	1.77071e-11
0.00445311	1.86693e-11
0.00451276	1.96838e-11
0.00457321	2.07533e-11
0.00463447	2.18808e-11
0.00469655	2.30695e-11
0.00475947	2.43227e-11
0.00482322	2.56438e-11
0.00488783	2.70366e-11
0.00495331	2.85049e-11
0.00501966	3.00528e-11
0.00508691	3.16846e-11
0.00515505	3.34048e-11
0.0052241	3.52183e-11
0.00529408	3.71301e-11
0.005365	3.91454e-11
0.00543687	4.12699e-11
0.0055097	4.35096e-11
0.00558351	4.58705e-11
0.0056583	4.83593e-11
0.0057341	5.09829e-11
0.00581091	5.37485e-11
0.00588875	5.66639e-11
0.00596764	5.9737e-11
0.00604758	6.29765e-11
0.00612859	6.63914e-11
0.00621069	6.9991e-11
0.00629388	7.37853e-11
0.00637819	7.77849e-11
0.00646363	8.20008e-11
0.00655022	8.64448e-11
0.00663796	9.1129e-11
0.00672688	9.60665e-11
0.006817	1.01271e-10
0.00690831	1.06757e-10
0.00700086	1.12539e-10
0.00709464	1.18633e-10
0.00718968	1.25057e-10
0.00728599	1.31828e-10
0.00738359	1.38964e-10
0.0074825	1.46486e-10
0.00758273	1.54414e-10
0.0076843	1.6277e-10
0.00778724	1.71577e-10
0.00789156	1.80859e-10
0.00799727	1.90642e-10
0.0081044	2.00953e-10
0.00821296	2.11819e-10
0.00832298	2.23272e-10
0.00843447	2.35342e-10
0.00854746	2.48063e-10
0.00866196	2.6147e-10
0.00877799	2.75599e-10
0.00889558	2.90489e-10
0.00901474	3.06181e-10
0.0091355	3.22718e-10
0.00925788	3.40146e-10
0.00938189	3.58512e-10
0.00950757	3.77867e-10
0.00963493	3.98263e-10
0.009764	4.19756e-10
0.00989479	4.42405e-10
0.0100273	4.66273e-10
0.0101617	4.91424e-10
0.0102978	5.17926e-10
0.0104357	5.45853e-10
0.0105755	5.75281e-10
0.0107172	6.06289e-10
0.0108608	6.38963e-10
0.0110062	6.73391e-10
0.0111537	7.09668e-10
0.0113031	7.47891e-10
0.0114545	7.88165e-10
0.0116079	8.306e-10
0.0117634	8.7531e-10
0.011921	9.22417e-10
0.0120807	9.7205e-10
0.0122425	1.02434e-09
0.0124065	1.07944e-09
0.0125727	1.13748e-09
0.0127412	1.19863e-09
0.0129118	1.26306e-09
0.0130848	1.33093e-09
0.0132601	1.40244e-09
0.0134377	1.47777e-09
0.0136177	1.55713e-09
0.0138001	1.64073e-09
0.013985	1.7288e-09
0.0141723	1.82157e-09
0.0143622	1.9193e-09
0.0145546	2.02225e-09
0.0147495	2.13069e-09
0.0149471	2.24491e-09
0.0151474	2.36524e-09
0.0153503	2.49197e-09
0.0155559	2.62547e-09
0.0157643	2.76607e-09
0.0159754	2.91417e-09
0.0161894	3.07016e-09
0.0164063	3.23445e-09
0.0166261	3.40748e-09
0.0168488	3.58972e-09
0.0170745	3.78166e-09
0.0173032	3.98379e-09
0.017535	4.19667e-09
0.0177699	4.42086e-09
0.018008	4.65695e-09
0.0182492	4.90558e-09
0.0184937	5.1674e-09
0.0187414	5.44311e-09
0.0189924	5.73343e-09
0.0192469	6.03915e-09
0.0195047	6.36107e-09
0.019766	6.70003e-09
0.0200307	7.05694e-09
0.0202991	7.43274e-09
0.020571	7.82841e-09
0.0208466	8.24501e-09
0.0211258	8.68362e-09
0.0214088	9.14541e-09
0.0216956	9.63158e-09
0.0219862	1.01434e-08
0.0222807	1.06822e-08
0.0225792	1.12495e-08
0.0228817	1.18466e-08
0.0231882	1.24753e-08
0.0234988	1.3137e-08
0.0238136	1.38335e-08
0.0241326	1.45667e-08
0.0244559	1.53384e-08
0.0247835	1.61508e-08
0.0251155	1.70057e-08
0.0254519	1.79056e-08
0.0257928	1.88527e-08
0.0261384	1.98495e-08
0.0264885	2.08985e-08
0.0268433	2.20025e-08
0.0272029	2.31643e-08
0.0275673	2.43869e-08
0.0279366	2.56735e-08
0.0283108	2.70273e-08
0.0286901	2.84519e-08
0.0290744	2.99509e-08
0.0294639	3.15281e-08
0.0298586	3.31875e-08
0.0302585	3.49335e-08
0.0306639	3.67705e-08
0.0310746	3.87031e-08
0.0314909	4.07362e-08
0.0319127	4.28751e-08
0.0323402	4.51252e-08
0.0327735	4.74921e-08
0.0332125	4.99818e-08
0.0336574	5.26008e-08
0.0341083	5.53554e-08
0.0345652	5.82528e-08
0.0350282	6.13002e-08
0.0354974	6.45052e-08
0.0359729	6.78759e-08
0.0364548	7.14208e-08
0.0369431	7.51486e-08
0.037438	7.90688e-08
0.0379395	8.31911e-08
0.0384478	8.75257e-08
0.0389628	9.20834e-08
0.0394847	9.68756e-08
0.0400137	1.01914e-07
0.0405497	1.07211e-07
0.0410929	1.1278e-07
0.0416433	1.18635e-07
0.0422012	1.2479e-07
0.0427665	1.3126e-07
0.0433394	1.3806e-07
0.0439199	1.45209e-07
0.0445083	1.52722e-07
0.0451045	1.60619e-07
0.0457087	1.68919e-07
0.046321	1.77641e-07
0.0469415	1.86807e-07
0.0475703	1.9644e-07
0.0482076	2.06562e-07
0.0488533	2.17197e-07
0.0495078	2.28373e-07
0.0501709	2.40114e-07
0.050843	2.5245e-07
0.0515241	2.6541e-07
0.0522143	2.79024e-07
0.0529137	2.93326e-07
0.0536226	3.0835e-07
0.0543409	3.2413e-07
0.0550688	3.40705e-07
0.0558065	3.58113e-07
0.0565541	3.76396e-07
0.0573116	3.95596e-07
0.0580794	4.15758e-07
0.0588574	4.36931e-07
0.0596458	4.59163e-07
0.0604448	4.82505e-07
0.0612545	5.07013e-07
0.0620751	5.32743e-07
0.0629066	5.59755e-07
0.0637493	5.88111e-07
0.0646033	6.17877e-07
0.0654687	6.4912e-07
0.0663457	6.81912e-07
0.0672344	7.16329e-07
0.0681351	7.52448e-07
0.0690478	7.90353e-07
0.0699727	8.30128e-07
0.0709101	8.71864e-07
0.07186	9.15655e-07
0.0728226	9.616e-07
0.0737981	1.0098e-06
0.0747867	1.06037e-06
0.0757885	1.11341e-06
0.0768037	1.16905e-06
0.0778326	1.22741e-06
0.0788752	1.28861e-06
0.0799318	1.3528e-06
0.0810025	1.42012e-06
0.0820876	1.49071e-06
0.0831872	1.56472e-06
0.0843016	1.64232e-06
0.0854309	1.72368e-06
0.0865753	1.80897e-06
0.087735	1.89838e-06
0.0889103	1.9921e-06
0.0901013	2.09033e-06
0.0913083	2.19328e-06
0.0925314	2.30118e-06
0.0937709	2.41425e-06
0.095027	2.53273e-06
0.0963	2.65687e-06
0.09759	2.78693e-06
0.0988973	2.92319e-06
0.100222	3.06593e-06
0.101565	3.21546e-06
0.102925	3.37207e-06
0.104304	3.5361e-06
0.105701	3.70788e-06
0.107117	3.88777e-06
0.108552	4.07613e-06
0.110006	4.27336e-06
0.11148	4.47985e-06
0.112973	4.69602e-06
0.114486	4.92231e-06
0.11602	5.15917e-06
0.117574	5.40708e-06
0.119149	5.66653e-06
0.120745	5.93805e-06
0.122363	6.22217e-06
0.124002	6.51945e-06
0.125663	6.83047e-06
0.127346	7.15585e-06
0.129052	7.49622e-06
0.130781	7.85224e-06
0.132533	8.22461e-06
0.134308	8.61404e-06
0.136107	9.02128e-06
0.137931	9.44711e-06
0.139778	9.89234e-06
0.141651	1.03578e-05
0.143548	1.08444e-05
0.145471	1.13531e-05
0.14742	1.18847e-05
0.149395	1.24403e-05
0.151396	1.3021e-05
0.153424	1.36277e-05
0.155479	1.42617e-05
0.157562	1.49241e-05
0.159673	1.5616e-05
0.161812	1.63387e-05
0.163979	1.70937e-05
0.166176	1.78821e-05
0.168402	1.87055e-05
0.170658	1.95653e-05
0.172944	2.04629e-05
0.175261	2.14002e-05
0.177608	2.23785e-05
0.179987	2.33998e-05
0.182398	2.44658e-05
0.184842	2.55782e-05
0.187318	2.67391e-05
0.189827	2.79505e-05
0.19237	2.92143e-05
0.194947	3.05329e-05
0.197558	3.19083e-05
0.200205	3.3343e-05
0.202887	3.48394e-05
0.205605	3.63998e-05
0.208359	3.80271e-05
0.21115	3.97237e-05
0.213978	4.14927e-05
0.216845	4.33367e-05
0.21975	4.52589e-05
0.222693	4.72624e-05
0.225676	4.93504e-05
0.2287	5.15263e-05
0.231763	5.37935e-05
0.234868	5.61556e-05
0.238014	5.86165e-05
0.241202	6.11799e-05
0.244433	6.385e-05
0.247708	6.66307e-05
0.251026	6.95266e-05
0.254389	7.2542e-05
0.257796	7.56815e-05
0.26125	7.895e-05
0.264749	8.23524e-05
0.268296	8.58939e-05
0.27189	8.95797e-05
0.275532	9.34155e-05
0.279223	9.74068e-05
0.282963	0.00010156
0.286754	0.00010588
0.290595	0.000110374
0.294488	0.000115049
0.298433	0.000119911
0.302431	0.000124967
0.306482	0.000130224
0.310587	0.000135691
0.314748	0.000141374
0.318964	0.000147282
0.323237	0.000153422
0.327567	0.000159804
0.331955	0.000166436
0.336402	0.000173328
0.340908	0.000180488
0.345475	0.000187927
0.350103	0.000195654
0.354792	0.000203681
0.359545	0.000212017
0.364361	0.000220673
0.369242	0.000229663
0.374189	0.000238996
0.379201	0.000248685
0.384281	0.000258743
0.389429	0.000269184
0.394645	0.000280019
0.399932	0.000291264
0.405289	0.000302933
0.410718	0.00031504
0.41622	0.0003276
0.421796	0.00034063
0.427446	0.000354146
0.433172	0.000368165
0.438975	0.000382703
0.444855	0.000397779
0.450814	0.000413412
0.456853	0.00042962
0.462973	0.000446424
0.469175	0.000463843
0.47546	0.000481898
0.481829	0.000500612
0.488283	0.000520007
0.494824	0.000540106
0.501453	0.000560932
0.50817	0.000582511
0.514977	0.000604867
0.521876	0.000628028
0.528867	0.000652019
0.535951	0.00067687
0.543131	0.000702609
0.550406	0.000729265
0.557779	0.00075687
0.565251	0.000785454
0.572823	0.000815052
0.580497	0.000845696
0.588273	0.000877421
0.596153	0.000910264
0.604139	0.00094426
0.612232	0.00097945
0.620433	0.00101587
0.628744	0.00105356
0.637167	0.00109257
0.645702	0.00113294
0.654352	0.00117471
0.663117	0.00121793
0.672	0.00126264
0.681002	0.0013089
0.690124	0.00135676
0.699369	0.00140627
0.708738	0.00145748
0.718232	0.00151045
0.727853	0.00156524
0.737603	0.00162191
0.747484	0.00168052
0.757497	0.00174114
0.767644	0.00180383
0.777927	0.00186866
0.788348	0.0019357
0.798909	0.00200503
0.809611	0.00207672
0.820456	0.00215086
0.831446	0.00222752
0.842584	0.00230679
0.853871	0.00238877
0.865309	0.00247353
0.876901	0.00256119
0.888648	0.00265183
0.900552	0.00274555
0.912615	0.00284248
0.92484	0.0029427
0.937229	0.00304635
0.949784	0.00315354
0.962507	0.00326439
0.975401	0.00337904
0.988467	0.0034976
1.00171	0.00362023
1.01513	0.00374707
1.02872	0.00387826
1.04251	0.00401396
1.05647	0.00415432
1.07062	0.00429953
1.08496	0.00444974
1.0995	0.00460514
1.11423	0.00476591
1.12915	0.00493225
1.14428	0.00510435
1.15961	0.00528243
1.17514	0.0054667
1.19088	0.00565739
1.20684	0.00585472
1.223	0.00605893
1.23938	0.00627029
1.25599	0.00648904
1.27281	0.00671545
1.28986	0.00694981
1.30714	0.00719239
1.32465	0.00744351
1.3424	0.00770347
1.36038	0.0079726
1.3786	0.00825123
1.39707	0.0085397
1.41578	0.00883837
1.43475	0.00914762
1.45397	0.00946783
1.47344	0.00979941
1.49318	0.0101428
1.51319	0.0104983
1.53346	0.0108665
1.554	0.0112479
1.57481	0.0116428
1.59591	0.0120518
1.61729	0.0124754
1.63895	0.0129141
1.66091	0.0133685
1.68316	0.0138392
1.7057	0.0143267
1.72855	0.0148317
1.75171	0.0153548
1.77517	0.0158966
1.79895	0.0164578
1.82305	0.0170391
1.84747	0.0176413
1.87222	0.0182651
1.8973	0.0189113
1.92272	0.0195806
1.94847	0.0202739
1.97457	0.0209921
2.00102	0.021736
2.02783	0.0225065
2.05499	0.0233046
2.08252	0.0241312
2.11042	0.0249873
2.13869	0.025874
2.16734	0.0267922
2.19637	0.0277431
2.22579	0.0287277
2.25561	0.0297471
2.28582	0.0308026
2.31645	0.0318953
2.34748	0.0330264
2.37892	0.0341971
2.41079	0.0354088
2.44308	0.0366626
2.47581	0.0379599
2.50898	0.039302
2.54258	0.0406903
2.57664	0.0421261
2.61116	0.0436109
2.64614	0.045146
2.68159	0.0467328
2.71751	0.0483729
2.75391	0.0500676
2.7908	0.0518185
2.82819	0.053627
2.86607	0.0554946
2.90446	0.0574228
2.94337	0.0594131
2.9828	0.061467
3.02276	0.063586
3.06325	0.0657716
3.10428	0.0680252
3.14587	0.0703485
3.18801	0.0727427
3.23071	0.0752094
3.27399	0.07775
3.31785	0.0803658
3.36229	0.0830583
3.40733	0.0858288
3.45298	0.0886784
3.49923	0.0916086
3.54611	0.0946204
3.59361	0.0977149
3.64175	0.100893
3.69053	0.104156
3.73997	0.107505
3.79007	0.110941
3.84084	0.114463
3.89229	0.118073
3.94443	0.121771
3.99727	0.125558
4.05082	0.129434
4.10508	0.133398
4.16007	0.137451
4.2158	0.141592
4.27227	0.145821
4.3295	0.150137
4.3875	0.15454
4.44627	0.159027
4.50583	0.163599
4.56619	0.168252
4.62736	0.172985
4.68935	0.177797
4.75216	0.182683
4.81582	0.187643
4.88033	0.192672
4.94571	0.197766
5.01196	0.202923
5.0791	0.208138
5.14714	0.213405
5.21609	0.218721
5.28596	0.224078
5.35677	0.229472
5.42853	0.234896
5.50125	0.240343
5.57494	0.245805
5.64962	0.251273
5.7253	0.256741
5.80199	0.262198
5.87972	0.267634
5.95848	0.27304
6.0383	0.278403
6.11918	0.283714
6.20115	0.288958
6.28422	0.294124
6.36841	0.299197
6.45371	0.304164
6.54017	0.309009
6.62778	0.313717
6.71656	0.318271
6.80653	0.322654
6.89771	0.326849
6.99011	0.330837
7.08375	0.334598
7.17864	0.338114
7.2748	0.341362
7.37226	0.344323
7.47101	0.346975
7.57109	0.349294
7.67251	0.351259
7.77529	0.352845
7.87945	0.354028
7.985	0.354785
8.09196	0.355091
8.20036	0.35492
8.31021	0.354247
8.42153	0.353047
8.53434	0.351294
8.64867	0.348964
8.76452	0.346032
8.88193	0.342471
9.00091	0.33826
9.12148	0.333373
9.24367	0.327788
9.3675	0.321485
9.49298	0.314441
9.62014	0.306639
9.74901	0.298062
9.87961	0.288695
10.012	0.278523
10.1461	0.267539
10.282	0.255734
10.4197	0.243103
10.5593	0.229648
10.7007	0.21537
10.8441	0.200279
10.9894	0.184385
11.1366	0.167708
11.2857	0.15027
11.4369	0.1321
11.5901	0.113233
11.7454	0.0937109
11.9027	0.0735836
12.0622	0.0529071
12.2238	0.0317457
12.3875	0.0101719
12.5534	-0.0117337
12.7216	-0.0338818
12.892	-0.0561742
13.0647	-0.0785043
13.2397	-0.100756
13.4171	-0.122806
13.5968	-0.144521
13.779	-0.16576
13.9635	-0.186374
14.1506	-0.206208
14.3401	-0.225099
14.5322	-0.242882
14.7269	-0.259383
14.9242	-0.27443
15.1241	-0.287847
15.3267	-0.29946
15.532	-0.309095
15.7401	-0.316587
15.9509	-0.321774
16.1646	-0.324508
16.3811	-0.324652
16.6006	-0.322083
16.823	-0.316702
17.0483	-0.308427
17.2767	-0.297208
17.5081	-0.283019
17.7426	-0.265869
17.9803	-0.245806
18.2212	-0.222913
18.4653	-0.197318
18.7126	-0.169194
18.9633	-0.138759
19.2173	-0.106281
19.4747	-0.0720771
19.7356	-0.0365123
