7.01754e-06	1.05604e-08
1.40351e-05	4.22414e-08
2.10526e-05	9.50416e-08
2.80702e-05	1.68959e-07
3.50877e-05	2.6399e-07
4.21053e-05	3.80132e-07
4.91228e-05	5.1738e-07
5.61404e-05	6.7573e-07
6.31579e-05	8.55177e-07
7.01754e-05	1.05571e-06
7.7193e-05	1.27734e-06
8.42105e-05	1.52005e-06
9.12281e-05	1.78383e-06
9.82456e-05	2.06869e-06
0.000105263	2.37462e-06
0.000112281	2.70161e-06
0.000119298	3.04967e-06
0.000126316	3.41878e-06
0.000133333	3.80894e-06
0.000140351	4.22016e-06
0.000147368	4.65242e-06
0.000154386	5.10572e-06
0.000161404	5.58005e-06
0.000168421	6.07542e-06
0.000175439	6.59181e-06
0.000182456	7.12923e-06
0.000189474	7.68767e-06
0.000196491	8.26712e-06
0.000203509	8.86759e-06
0.000210526	9.48906e-06
0.000217544	1.01315e-05
0.000224561	1.0795e-05
0.000231579	1.14795e-05
0.000238596	1.21849e-05
0.000245614	1.29114e-05
0.000252632	1.36588e-05
0.000259649	1.44272e-05
0.000266667	1.52166e-05
0.000273684	1.60269e-05
0.000280702	1.68582e-05
0.000287719	1.77105e-05
0.000294737	1.85837e-05
0.000301754	1.94779e-05
0.000308772	2.0393e-05
0.000315789	2.13291e-05
0.000322807	2.22861e-05
0.000329825	2.3264e-05
0.000336842	2.42629e-05
0.00034386	2.52827e-05
0.000350877	2.63234e-05
0.000357895	2.7385e-05
0.000364912	2.84676e-05
0.00037193	2.95711e-05
0.000378947	3.06954e-05
0.000385965	3.18407e-05
0.000392982	3.30069e-05
0.0004	3.41939e-05
0.000407018	3.54019e-05
0.000414035	3.66307e-05
0.000421053	3.78805e-05
0.00042807	3.9151e-05
0.000435088	4.04425e-05
0.000442105	4.17548e-05
0.000449123	4.3088e-05
0.00045614	4.44421e-05
0.000463158	4.5817e-05
0.000470175	4.72128e-05
0.000477193	4.86294e-05
0.000484211	5.00669e-05
0.000491228	5.15252e-05
0.000498246	5.30043e-05
0.000505263	5.45043e-05
0.000512281	5.6025e-05
0.000519298	5.75666e-05
0.000526316	5.91291e-05
0.000533299	6.07046e-05
0.000540376	6.23221e-05
0.000547546	6.39826e-05
0.000554811	6.56873e-05
0.000562173	6.74374e-05
0.000569633	6.9234e-05
0.000577191	7.10784e-05
0.00058485	7.29719e-05
0.00059261	7.49157e-05
0.000600473	7.69113e-05
0.000608441	7.89599e-05
0.000616514	8.1063e-05
0.000624695	8.32221e-05
0.000632984	8.54385e-05
0.000641383	8.77139e-05
0.000649893	9.00498e-05
0.000658517	9.24479e-05
0.000667255	9.49096e-05
0.000676108	9.74368e-05
0.00068508	0.000100031
0.00069417	0.000102695
0.000703381	0.000105429
0.000712714	0.000108236
0.000722171	0.000111117
0.000731753	0.000114075
0.000741463	0.000117112
0.000751301	0.000120229
0.00076127	0.000123429
0.000771371	0.000126714
0.000781607	0.000130087
0.000791978	0.000133549
0.000802487	0.000137102
0.000813135	0.000140751
0.000823924	0.000144496
0.000834857	0.000148341
0.000845934	0.000152287
0.000857159	0.000156339
0.000868533	0.000160498
0.000880057	0.000164768
0.000891735	0.00016915
0.000903567	0.00017365
0.000915556	0.000178268
0.000927705	0.000183009
0.000940014	0.000187876
0.000952487	0.000192872
0.000965126	0.000198001
0.000977932	0.000203266
0.000990908	0.00020867
0.00100406	0.000214218
0.00101738	0.000219912
0.00103088	0.000225758
0.00104456	0.000231759
0.00105842	0.000237919
0.00107246	0.000244242
0.00108669	0.000250733
0.00110111	0.000257396
0.00111572	0.000264235
0.00113053	0.000271256
0.00114553	0.000278463
0.00116073	0.00028586
0.00117613	0.000293454
0.00119173	0.000301248
0.00120755	0.00030925
0.00122357	0.000317463
0.00123981	0.000325893
0.00125626	0.000334547
0.00127293	0.000343429
0.00128982	0.000352547
0.00130693	0.000361906
0.00132427	0.000371513
0.00134184	0.000381374
0.00135965	0.000391496
0.00137769	0.000401886
0.00139597	0.00041255
0.00141449	0.000423497
0.00143326	0.000434732
0.00145228	0.000446265
0.00147155	0.000458103
0.00149108	0.000470254
0.00151086	0.000482726
0.00153091	0.000495527
0.00155122	0.000508666
0.00157181	0.000522153
0.00159266	0.000535995
0.0016138	0.000550204
0.00163521	0.000564787
0.00165691	0.000579756
0.00167889	0.000595119
0.00170117	0.000610888
0.00172374	0.000627073
0.00174661	0.000643685
0.00176979	0.000660735
0.00179327	0.000678235
0.00181707	0.000696196
0.00184118	0.000714631
0.00186561	0.000733551
0.00189036	0.000752971
0.00191545	0.000772902
0.00194086	0.000793358
0.00196662	0.000814353
0.00199271	0.0008359
0.00201915	0.000858016
0.00204594	0.000880713
0.00207309	0.000904007
0.0021006	0.000927915
0.00212847	0.000952452
0.00215671	0.000977634
0.00218533	0.00100348
0.00221433	0.00103
0.00224371	0.00105722
0.00227348	0.00108516
0.00230365	0.00111383
0.00233421	0.00114325
0.00236519	0.00117345
0.00239657	0.00120444
0.00242837	0.00123624
0.00246059	0.00126888
0.00249324	0.00130237
0.00252632	0.00133674
0.00255985	0.00137202
0.00259381	0.00140822
0.00262823	0.00144536
0.0026631	0.00148349
0.00269844	0.00152261
0.00273425	0.00156275
0.00277053	0.00160395
0.00280729	0.00164622
0.00284454	0.0016896
0.00288228	0.00173412
0.00292053	0.0017798
0.00295928	0.00182667
0.00299855	0.00187477
0.00303833	0.00192413
0.00307865	0.00197478
0.0031195	0.00202675
0.00316089	0.00208007
0.00320283	0.00213479
0.00324533	0.00219094
0.00328839	0.00224855
0.00333203	0.00230767
0.00337624	0.00236832
0.00342104	0.00243056
0.00346643	0.00249442
0.00351243	0.00255994
0.00355903	0.00262716
0.00360626	0.00269614
0.00365411	0.00276691
0.0037026	0.00283952
0.00375173	0.00291402
0.00380151	0.00299046
0.00385195	0.00306888
0.00390306	0.00314934
0.00395485	0.00323189
0.00400733	0.00331658
0.0040605	0.00340346
0.00411438	0.0034926
0.00416897	0.00358405
0.00422429	0.00367787
0.00428034	0.00377412
0.00433714	0.00387286
0.00439469	0.00397416
0.004453	0.00407807
0.00451209	0.00418468
0.00457196	0.00429404
0.00463262	0.00440622
0.00469409	0.0045213
0.00475638	0.00463935
0.00481949	0.00476044
0.00488344	0.00488466
0.00494824	0.00501208
0.00501389	0.00514278
0.00508042	0.00527684
0.00514783	0.00541436
0.00521614	0.00555541
0.00528535	0.00570009
0.00535548	0.00584848
0.00542655	0.00600069
0.00549855	0.0061568
0.00557151	0.00631692
0.00564544	0.00648115
0.00572035	0.00664958
0.00579625	0.00682232
0.00587316	0.00699949
0.00595109	0.00718119
0.00603006	0.00736753
0.00611007	0.00755864
0.00619114	0.00775462
0.00627329	0.00795561
0.00635653	0.00816172
0.00644088	0.00837309
0.00652634	0.00858983
0.00661294	0.0088121
0.00670068	0.00904002
0.0067896	0.00927374
0.00687969	0.00951339
0.00697097	0.00975912
0.00706347	0.0100111
0.00715719	0.0102694
0.00725216	0.0105344
0.00734839	0.010806
0.0074459	0.0110844
0.0075447	0.01137
0.00764481	0.0116627
0.00774624	0.0119628
0.00784903	0.0122705
0.00795318	0.0125859
0.00805871	0.0129093
0.00816564	0.0132408
0.00827399	0.0135807
0.00838377	0.0139291
0.00849502	0.0142862
0.00860774	0.0146523
0.00872195	0.0150275
0.00883768	0.0154122
0.00895495	0.0158065
0.00907377	0.0162106
0.00919417	0.0166248
0.00931617	0.0170493
0.00943979	0.0174844
0.00956504	0.0179304
0.00969196	0.0183874
0.00982056	0.0188558
0.00995087	0.0193358
0.0100829	0.0198278
0.0102167	0.0203319
0.0103523	0.0208484
0.0104896	0.0213778
0.0106288	0.0219202
0.0107698	0.022476
0.0109127	0.0230455
0.0110576	0.0236289
0.0112043	0.0242268
0.0113529	0.0248393
0.0115036	0.0254668
0.0116562	0.0261097
0.0118109	0.0267684
0.0119676	0.0274431
0.0121264	0.0281343
0.0122873	0.0288423
0.0124503	0.0295676
0.0126156	0.0303105
0.0127829	0.0310715
0.0129526	0.0318509
0.0131244	0.0326491
0.0132986	0.0334667
0.013475	0.034304
0.0136538	0.0351615
0.013835	0.0360397
0.0140186	0.0369389
0.0142046	0.0378598
0.0143931	0.0388027
0.0145841	0.0397682
0.0147776	0.0407568
0.0149737	0.041769
0.0151723	0.0428053
0.0153737	0.0438662
0.0155776	0.0449523
0.0157843	0.0460642
0.0159938	0.0472024
0.016206	0.0483675
0.016421	0.04956
0.0166389	0.0507807
0.0168597	0.05203
0.0170834	0.0533086
0.0173101	0.0546172
0.0175398	0.0559564
0.0177725	0.0573268
0.0180083	0.0587291
0.0182473	0.060164
0.0184894	0.0616321
0.0187348	0.0631343
0.0189833	0.0646712
0.0192352	0.0662434
0.0194905	0.0678519
0.0197491	0.0694972
0.0200111	0.0711803
0.0202767	0.0729018
0.0205457	0.0746625
0.0208183	0.0764633
0.0210946	0.078305
0.0213745	0.0801884
0.0216581	0.0821143
0.0219455	0.0840836
0.0222367	0.0860972
0.0225317	0.0881559
0.0228307	0.0902607
0.0231336	0.0924124
0.0234406	0.094612
0.0237516	0.0968604
0.0240668	0.0991586
0.0243861	0.101507
0.0247097	0.103908
0.0250376	0.106361
0.0253698	0.108868
0.0257064	0.11143
0.0260475	0.114047
0.0263931	0.116721
0.0267433	0.119453
0.0270982	0.122244
0.0274578	0.125094
0.0278221	0.128006
0.0281913	0.13098
0.0285653	0.134017
0.0289444	0.137118
0.0293284	0.140285
0.0297176	0.143519
0.0301119	0.146821
0.0305115	0.150191
0.0309163	0.153632
0.0313265	0.157144
0.0317422	0.160728
0.0321634	0.164386
0.0325902	0.16812
0.0330226	0.171929
0.0334608	0.175816
0.0339048	0.179782
0.0343547	0.183827
0.0348105	0.187954
0.0352724	0.192163
0.0357404	0.196456
0.0362147	0.200834
0.0366952	0.205298
0.0371821	0.20985
0.0376755	0.214491
0.0381754	0.219221
0.0386819	0.224043
0.0391952	0.228958
0.0397153	0.233967
0.0402423	0.239071
0.0407762	0.244272
0.0413173	0.24957
0.0418655	0.254968
0.042421	0.260466
0.0429839	0.266066
0.0435543	0.271768
0.0441322	0.277575
0.0447178	0.283487
0.0453111	0.289506
0.0459124	0.295633
0.0465216	0.301868
0.0471389	0.308214
0.0477644	0.314672
0.0483981	0.321241
0.0490403	0.327925
0.049691	0.334723
0.0503504	0.341638
0.0510185	0.348669
0.0516954	0.355818
0.0523814	0.363086
0.0530764	0.370475
0.0537807	0.377984
0.0544943	0.385615
0.0552174	0.393369
0.0559501	0.401246
0.0566925	0.409248
0.0574447	0.417374
0.0582069	0.425627
0.0589793	0.434006
0.0597619	0.442513
0.0605549	0.451147
0.0613584	0.459909
0.0621725	0.4688
0.0629975	0.47782
0.0638334	0.48697
0.0646804	0.496249
0.0655386	0.505658
0.0664083	0.515197
0.0672894	0.524866
0.0681823	0.534666
0.069087	0.544596
0.0700037	0.554655
0.0709326	0.564844
0.0718738	0.575162
0.0728275	0.58561
0.0737938	0.596186
0.074773	0.606889
0.0757651	0.61772
0.0767705	0.628677
0.0777891	0.639759
0.0788213	0.650966
0.0798672	0.662297
0.0809269	0.673749
0.0820007	0.685322
0.0830888	0.697014
0.0841913	0.708824
0.0853084	0.72075
0.0864404	0.73279
0.0875874	0.744943
0.0887496	0.757205
0.0899272	0.769576
0.0911204	0.782052
0.0923295	0.794631
0.0935546	0.807311
0.094796	0.820088
0.0960538	0.832959
0.0973283	0.845923
0.0986198	0.858974
0.0999284	0.872111
0.101254	0.885329
0.102598	0.898625
0.103959	0.911994
0.105339	0.925433
0.106736	0.938938
0.108153	0.952504
0.109588	0.966126
0.111042	0.979801
0.112515	0.993522
0.114008	1.00729
0.115521	1.02109
0.117054	1.03492
0.118607	1.04877
0.120181	1.06265
0.121775	1.07654
0.123391	1.09044
0.125029	1.10434
0.126688	1.11824
0.128369	1.13212
0.130072	1.14599
0.131798	1.15983
0.133547	1.17364
0.135319	1.18741
0.137114	1.20113
0.138933	1.2148
0.140777	1.2284
0.142645	1.24194
0.144538	1.25539
0.146456	1.26876
0.148399	1.28204
0.150368	1.29521
0.152363	1.30827
0.154385	1.3212
0.156433	1.33401
0.158509	1.34668
0.160612	1.3592
0.162744	1.37156
0.164903	1.38376
0.167091	1.39578
0.169308	1.40761
0.171555	1.41925
0.173831	1.43068
0.176138	1.4419
0.178475	1.4529
0.180843	1.46366
0.183243	1.47417
0.185674	1.48444
0.188138	1.49444
0.190634	1.50416
0.193164	1.5136
0.195727	1.52275
0.198324	1.5316
0.200955	1.54014
0.203622	1.54835
0.206324	1.55623
0.209061	1.56377
0.211835	1.57097
0.214646	1.5778
0.217494	1.58426
0.22038	1.59035
0.223304	1.59605
0.226267	1.60136
0.22927	1.60626
0.232312	1.61076
0.235394	1.61483
0.238518	1.61848
0.241683	1.6217
0.24489	1.62448
0.248139	1.62681
0.251432	1.62868
0.254768	1.6301
0.258148	1.63105
0.261574	1.63153
0.265044	1.63153
0.268561	1.63105
0.272125	1.63008
0.275736	1.62863
0.279394	1.62668
0.283102	1.62423
0.286858	1.62128
0.290664	1.61784
0.294521	1.61389
0.298429	1.60943
0.302389	1.60447
0.306401	1.599
0.310467	1.59302
0.314587	1.58654
0.318761	1.57955
0.32299	1.57206
0.327276	1.56406
0.331619	1.55557
0.336019	1.54658
0.340478	1.53709
0.344995	1.52712
0.349573	1.51667
0.354212	1.50573
0.358912	1.49432
0.363674	1.48245
0.3685	1.47011
0.373389	1.45732
0.378344	1.44409
0.383364	1.43042
0.388451	1.41632
0.393605	1.4018
0.398828	1.38687
0.40412	1.37155
0.409482	1.35584
0.414915	1.33975
0.420421	1.32329
0.425999	1.30649
0.431652	1.28934
0.43738	1.27187
0.443183	1.25409
0.449064	1.236
0.455022	1.21764
0.46106	1.199
0.467178	1.18011
0.473377	1.16097
0.479658	1.14162
0.486022	1.12205
0.492471	1.1023
0.499006	1.08237
0.505627	1.06228
0.512336	1.04205
0.519135	1.0217
0.526023	1.00124
0.533003	0.980684
0.540075	0.960059
0.547241	0.939379
0.554503	0.918661
0.56186	0.897922
0.569316	0.877179
0.57687	0.856449
0.584524	0.835751
0.59228	0.8151
0.600139	0.794513
0.608102	0.774007
0.616171	0.753598
0.624347	0.733302
0.632632	0.713135
0.641026	0.693112
0.649532	0.673248
0.65815	0.653557
0.666883	0.634055
0.675732	0.614754
0.684698	0.595668
0.693784	0.57681
0.702989	0.558193
0.712317	0.539827
0.721769	0.521724
0.731346	0.503895
0.74105	0.48635
0.750883	0.469099
0.760847	0.45215
0.770942	0.435513
0.781172	0.419194
0.791537	0.403201
0.80204	0.387541
0.812682	0.372219
0.823466	0.357242
0.834392	0.342613
0.845464	0.328337
0.856682	0.314417
0.868049	0.300856
0.879567	0.287657
0.891238	0.274821
0.903064	0.262349
0.915047	0.250242
0.927188	0.2385
0.939491	0.227121
0.951957	0.216106
0.964589	0.205452
0.977388	0.195157
0.990357	0.185218
1.0035	0.175632
1.01681	0.166396
1.03031	0.157505
1.04398	0.148954
1.05783	0.14074
1.07186	0.132855
1.08609	0.125296
1.1005	0.118055
1.1151	0.111126
1.1299	0.104503
1.14489	0.0981793
1.16008	0.0921469
1.17547	0.0863988
1.19107	0.0809274
1.20688	0.0757251
1.22289	0.070784
1.23912	0.0660963
1.25556	0.0616537
1.27222	0.0574483
1.2891	0.053472
1.3062	0.0497164
1.32354	0.0461735
1.3411	0.0428351
1.35889	0.0396932
1.37692	0.0367396
1.39519	0.0339664
1.41371	0.0313658
1.43247	0.0289301
1.45147	0.0266515
1.47073	0.0245226
1.49025	0.0225361
1.51002	0.0206849
1.53006	0.0189619
1.55036	0.0173604
1.57093	0.0158737
1.59178	0.0144955
1.6129	0.0132195
1.6343	0.0120399
1.65598	0.0109507
1.67796	0.00994648
1.70022	0.00902191
1.72278	0.00817187
1.74564	0.00739148
1.7688	0.00667605
1.79227	0.00602116
1.81606	0.00542256
1.84015	0.00487624
1.86457	0.00437839
1.88931	0.0039254
1.91438	0.00351387
1.93978	0.0031406
1.96552	0.00280256
1.9916	0.00249692
2.01803	0.00222102
2.0448	0.00197239
2.07194	0.00174869
2.09943	0.00154777
2.12729	0.00136761
2.15551	0.00120635
2.18411	0.00106226
2.2131	0.00093373
2.24246	0.000819293
2.27222	0.000717585
2.30237	0.000627357
2.33292	0.00054746
2.36387	0.000476845
2.39524	0.000414551
2.42702	0.000359703
2.45922	0.000311507
2.49185	0.000269237
2.52492	0.00023224
2.55842	0.000199923
2.59237	0.000171751
2.62677	0.000147244
2.66162	0.00012597
2.69694	0.000107541
2.73272	9.16115e-05
2.76898	7.78717e-05
2.80573	6.60469e-05
2.84296	5.58929e-05
2.88068	4.71932e-05
2.9189	3.97567e-05
2.95763	3.34144e-05
2.99688	2.80182e-05
3.03664	2.34377e-05
3.07694	1.95589e-05
3.11776	1.62823e-05
3.15913	1.35213e-05
3.20105	1.12004e-05
3.24353	9.25453e-06
3.28656	7.62712e-06
3.33017	6.26962e-06
3.37436	5.14021e-06
3.41913	4.20305e-06
3.4645	3.42751e-06
3.51047	2.78746e-06
3.55705	2.26067e-06
3.60425	1.82832e-06
3.65208	1.47446e-06
3.70054	1.18568e-06
3.74964	9.50694e-07
3.79939	7.60034e-07
3.84981	6.05801e-07
3.90089	4.81408e-07
3.95265	3.81388e-07
4.0051	3.01214e-07
4.05824	2.37147e-07
4.11209	1.86113e-07
4.16665	1.45592e-07
4.22194	1.13521e-07
4.27796	8.82231e-08
4.33472	6.83331e-08
4.39224	5.27479e-08
4.45052	4.05775e-08
4.50957	3.11066e-08
4.56941	2.37622e-08
4.63004	1.8087e-08
4.69148	1.37175e-08
4.75373	1.03655e-08
4.81681	7.80346e-09
4.88072	5.85263e-09
4.94548	4.37278e-09
5.0111	3.25451e-09
5.0776	2.41276e-09
5.14497	1.78164e-09
5.21324	1.31033e-09
5.28241	9.59781e-10
5.3525	7.00124e-10
5.42353	5.08584e-10
5.49549	3.67887e-10
5.56841	2.64975e-10
5.6423	1.90025e-10
5.71716	1.35676e-10
5.79303	9.64411e-11
5.86989	6.82438e-11
5.94778	4.80708e-11
6.0267	3.37046e-11
6.10667	2.35215e-11
6.1877	1.63368e-11
6.2698	1.12922e-11
6.353	7.76683e-12
6.43729	5.31585e-12
6.52271	3.62054e-12
6.60926	2.45432e-12
6.69696	1.65426e-12
6.78582	1.10948e-12
6.87586	7.39927e-13
6.96709	4.90586e-13
7.05954	3.23384e-13
7.15321	2.12573e-13
7.24813	1.39022e-13
7.3443	9.04502e-14
7.44175	5.8082e-14
7.5405	3.71962e-14
7.64055	2.37734e-14
7.74193	1.45648e-14
7.84466	9.73185e-15
7.94875	5.63941e-15
8.05422	4.02498e-15
8.16109	2.63176e-15
8.26938	1.04637e-15
8.37911	4.77788e-16
8.49029	3.79678e-16
8.60295	7.94703e-16
8.7171	-6.21336e-17
8.83277	-1.10704e-16
8.94997	-3.39261e-16
9.06872	2.81776e-16
9.18906	5.79355e-16
9.31099	4.58402e-18
9.43453	1.00924e-16
9.55972	4.58868e-17
9.68657	-3.01051e-17
9.8151	6.35987e-17
9.94533	1.84376e-16
10.0773	-7.13212e-16
10.211	1.15131e-16
10.3465	2.55127e-16
10.4838	-3.05452e-16
10.6229	-4.99196e-16
10.7639	1.0904e-16
10.9067	4.00919e-17
11.0514	-3.14331e-16
11.198	8.39172e-17
11.3466	2.76153e-16
11.4972	-3.95229e-17
11.6497	2.59676e-16
11.8043	1.70626e-16
11.9609	3.76222e-16
12.1197	-1.24687e-16
12.2805	7.43977e-17
12.4434	3.67452e-16
12.6085	-9.46604e-17
12.7758	-3.72656e-16
12.9454	8.23037e-17
13.1171	-1.93464e-16
13.2912	-6.39781e-16
13.4675	3.142e-16
13.6462	-1.56512e-16
13.8273	-6.45089e-16
14.0108	6.65209e-16
14.1967	1.88605e-16
14.3851	-1.26607e-16
14.5759	2.91582e-16
14.7693	3.4188e-16
14.9653	9.76424e-17
15.1639	-1.58503e-18
15.3651	1.34667e-16
15.569	5.36829e-16
15.7756	-7.32771e-16
15.9849	3.68492e-16
16.197	-6.76362e-18
16.4119	-1.26584e-17
16.6297	7.41697e-18
16.8503	2.26988e-16
17.0739	5.57168e-17
17.3005	2.59474e-16
17.53	9.45915e-17
17.7626	-7.37346e-17
17.9983	-2.65546e-16
18.2371	-3.47955e-16
18.4791	1.67788e-16
18.7243	-6.81812e-17
18.9728	6.57434e-17
19.2245	-4.91814e-19
19.4796	-7.5577e-18
19.7381	-1.34801e-17
