2.72331e-06	0.000307384
5.44662e-06	0.000614764
8.16993e-06	0.000922138
1.08932e-05	0.0012295
1.36166e-05	0.00153685
1.63399e-05	0.00184419
1.90632e-05	0.0021515
2.17865e-05	0.0024588
2.45098e-05	0.00276606
2.72331e-05	0.0030733
2.99564e-05	0.00338051
3.26797e-05	0.00368768
3.54031e-05	0.00399481
3.81264e-05	0.0043019
4.08497e-05	0.00460894
4.3573e-05	0.00491594
4.62963e-05	0.00522289
4.90196e-05	0.00552979
5.17429e-05	0.00583663
5.44662e-05	0.00614341
5.71895e-05	0.00645014
5.99129e-05	0.00675679
6.26362e-05	0.00706339
6.53595e-05	0.00736992
6.80828e-05	0.00767637
7.08061e-05	0.00798276
7.35294e-05	0.00828907
7.62527e-05	0.0085953
7.8976e-05	0.00890146
8.16993e-05	0.00920754
8.44227e-05	0.00951353
8.7146e-05	0.00981945
8.98693e-05	0.0101253
9.25926e-05	0.010431
9.53159e-05	0.0107367
9.80392e-05	0.0110423
0.000100763	0.0113477
0.000103486	0.0116531
0.000106209	0.0119584
0.000108932	0.0122637
0.000111656	0.0125688
0.000114379	0.0128738
0.000117102	0.0131788
0.000119826	0.0134836
0.000122549	0.0137884
0.000125272	0.0140931
0.000127996	0.0143976
0.000130719	0.0147021
0.000133442	0.0150065
0.000136166	0.0153109
0.000138889	0.0156151
0.000141612	0.0159192
0.000144336	0.0162233
0.000147059	0.0165272
0.000149782	0.0168311
0.000152505	0.0171349
0.000155229	0.0174385
0.000157952	0.0177421
0.000160675	0.0180456
0.000163399	0.0183491
0.000166122	0.0186524
0.000168845	0.0189556
0.000171569	0.0192588
0.000174292	0.0195618
0.000177015	0.0198648
0.000179739	0.0201677
0.000182462	0.0204705
0.000185185	0.0207732
0.000187888	0.0210734
0.000190629	0.021378
0.000193411	0.0216869
0.000196234	0.0220003
0.000199097	0.0223181
0.000202003	0.0226404
0.00020495	0.0229674
0.000207941	0.023299
0.000210976	0.0236353
0.000214054	0.0239765
0.000217178	0.0243225
0.000220347	0.0246734
0.000223563	0.0250293
0.000226825	0.0253903
0.000230135	0.0257564
0.000233493	0.0261277
0.000236901	0.0265044
0.000240358	0.0268863
0.000243865	0.0272737
0.000247424	0.0276666
0.000251035	0.0280651
0.000254698	0.0284692
0.000258415	0.028879
0.000262186	0.0292947
0.000266012	0.0297163
0.000269894	0.0301438
0.000273832	0.0305774
0.000277828	0.0310171
0.000281882	0.031463
0.000285996	0.0319153
0.000290169	0.0323739
0.000294404	0.032839
0.0002987	0.0333107
0.000303059	0.033789
0.000307481	0.0342741
0.000311968	0.034766
0.000316521	0.0352649
0.00032114	0.0357708
0.000325826	0.0362838
0.000330581	0.036804
0.000335405	0.0373315
0.000340299	0.0378664
0.000345265	0.0384089
0.000350304	0.038959
0.000355415	0.0395168
0.000360602	0.0400824
0.000365864	0.0406559
0.000371203	0.0412374
0.00037662	0.0418271
0.000382116	0.0424251
0.000387692	0.0430314
0.00039335	0.0436461
0.00039909	0.0442695
0.000404914	0.0449015
0.000410822	0.0455424
0.000416817	0.0461922
0.0004229	0.046851
0.000429071	0.047519
0.000435333	0.0481962
0.000441685	0.0488829
0.000448131	0.0495791
0.00045467	0.0502849
0.000461305	0.0510006
0.000468037	0.0517261
0.000474867	0.0524617
0.000481797	0.0532074
0.000488827	0.0539635
0.000495961	0.0547299
0.000503198	0.055507
0.000510541	0.0562947
0.000517991	0.0570933
0.00052555	0.0579029
0.00053322	0.0587236
0.000541001	0.0595555
0.000548896	0.0603989
0.000556905	0.0612538
0.000565032	0.0621204
0.000573278	0.0629988
0.000581643	0.0638893
0.000590131	0.0647919
0.000598743	0.0657068
0.00060748	0.0666342
0.000616345	0.0675741
0.000625339	0.0685269
0.000634465	0.0694925
0.000643723	0.0704713
0.000653117	0.0714633
0.000662648	0.0724687
0.000672318	0.0734877
0.000682129	0.0745205
0.000692083	0.0755671
0.000702182	0.0766279
0.000712429	0.0777029
0.000722826	0.0787923
0.000733374	0.0798963
0.000744076	0.0810151
0.000754934	0.0821489
0.00076595	0.0832978
0.000777128	0.084462
0.000788468	0.0856417
0.000799974	0.0868371
0.000811648	0.0880484
0.000823492	0.0892757
0.000835509	0.0905193
0.000847702	0.0917792
0.000860072	0.0930558
0.000872623	0.0943492
0.000885357	0.0956597
0.000898277	0.0969873
0.000911385	0.0983323
0.000924685	0.0996949
0.000938179	0.101075
0.000951869	0.102474
0.00096576	0.10389
0.000979853	0.105325
0.000994152	0.106779
0.00100866	0.108251
0.00102338	0.109742
0.00103831	0.111253
0.00105346	0.112783
0.00106884	0.114333
0.00108443	0.115902
0.00110026	0.117492
0.00111632	0.119101
0.00113261	0.120732
0.00114913	0.122383
0.0011659	0.124055
0.00118292	0.125747
0.00120018	0.127462
0.00121769	0.129198
0.00123546	0.130955
0.00125349	0.132735
0.00127178	0.134537
0.00129034	0.136361
0.00130917	0.138208
0.00132828	0.140077
0.00134766	0.14197
0.00136733	0.143886
0.00138728	0.145826
0.00140752	0.147789
0.00142806	0.149776
0.0014489	0.151788
0.00147005	0.153823
0.0014915	0.155884
0.00151326	0.157969
0.00153535	0.160079
0.00155775	0.162214
0.00158048	0.164375
0.00160355	0.166562
0.00162695	0.168774
0.00165069	0.171012
0.00167478	0.173277
0.00169922	0.175568
0.00172401	0.177886
0.00174917	0.180231
0.0017747	0.182603
0.00180059	0.185002
0.00182687	0.187428
0.00185353	0.189883
0.00188058	0.192365
0.00190802	0.194875
0.00193586	0.197413
0.00196411	0.19998
0.00199277	0.202576
0.00202185	0.2052
0.00205136	0.207853
0.00208129	0.210535
0.00211167	0.213247
0.00214248	0.215988
0.00217375	0.218758
0.00220547	0.221558
0.00223765	0.224388
0.0022703	0.227248
0.00230343	0.230138
0.00233705	0.233059
0.00237115	0.236009
0.00240575	0.23899
0.00244086	0.242002
0.00247648	0.245044
0.00251262	0.248117
0.00254928	0.251221
0.00258649	0.254356
0.00262423	0.257522
0.00266253	0.260719
0.00270138	0.263946
0.0027408	0.267205
0.0027808	0.270495
0.00282138	0.273816
0.00286255	0.277168
0.00290432	0.280552
0.0029467	0.283966
0.0029897	0.287411
0.00303333	0.290888
0.0030776	0.294395
0.00312251	0.297933
0.00316807	0.301502
0.0032143	0.305102
0.00326121	0.308732
0.0033088	0.312392
0.00335708	0.316083
0.00340607	0.319804
0.00345578	0.323555
0.00350621	0.327336
0.00355737	0.331146
0.00360928	0.334985
0.00366195	0.338853
0.00371539	0.34275
0.00376961	0.346676
0.00382462	0.350629
0.00388043	0.35461
0.00393706	0.358619
0.00399451	0.362655
0.0040528	0.366717
0.00411194	0.370805
0.00417195	0.374919
0.00423283	0.379059
0.0042946	0.383222
0.00435727	0.38741
0.00442085	0.391622
0.00448536	0.395856
0.00455082	0.400113
0.00461723	0.404391
0.00468461	0.408691
0.00475297	0.41301
0.00482233	0.417349
0.0048927	0.421707
0.0049641	0.426082
0.00503654	0.430475
0.00511003	0.434883
0.0051846	0.439306
0.00526026	0.443744
0.00533702	0.448194
0.00541491	0.452657
0.00549392	0.457131
0.0055741	0.461614
0.00565544	0.466106
0.00573797	0.470605
0.0058217	0.47511
0.00590665	0.47962
0.00599285	0.484133
0.0060803	0.488648
0.00616903	0.493164
0.00625905	0.497678
0.00635039	0.50219
0.00644306	0.506697
0.00653708	0.511199
0.00663248	0.515692
0.00672926	0.520177
0.00682746	0.524649
0.0069271	0.529109
0.00702818	0.533553
0.00713074	0.53798
0.0072348	0.542387
0.00734038	0.546773
0.00744749	0.551135
0.00755617	0.555471
0.00766644	0.559779
0.00777831	0.564055
0.00789182	0.568299
0.00800698	0.572507
0.00812383	0.576676
0.00824238	0.580804
0.00836266	0.584888
0.00848469	0.588925
0.00860851	0.592913
0.00873413	0.596848
0.00886159	0.600728
0.0089909	0.604549
0.0091221	0.608307
0.00925522	0.612001
0.00939028	0.615626
0.00952731	0.619179
0.00966634	0.622656
0.0098074	0.626054
0.00995052	0.62937
0.0100957	0.632599
0.010243	0.635738
0.0103925	0.638782
0.0105442	0.641729
0.010698	0.644573
0.0108542	0.647311
0.0110126	0.649938
0.0111733	0.65245
0.0113363	0.654843
0.0115017	0.657113
0.0116696	0.659254
0.0118399	0.661262
0.0120126	0.663133
0.0121879	0.664862
0.0123658	0.666444
0.0125463	0.667874
0.0127293	0.669147
0.0129151	0.670258
0.0131036	0.671202
0.0132948	0.671974
0.0134888	0.672568
0.0136856	0.67298
0.0138853	0.673203
0.014088	0.673233
0.0142936	0.673064
0.0145021	0.672691
0.0147138	0.672107
0.0149285	0.671308
0.0151463	0.670287
0.0153674	0.66904
0.0155916	0.667559
0.0158191	0.66584
0.01605	0.663877
0.0162842	0.661663
0.0165218	0.659194
0.0167629	0.656462
0.0170075	0.653463
0.0172557	0.650191
0.0175075	0.646639
0.017763	0.642801
0.0180222	0.638673
0.0182852	0.634247
0.0185521	0.62952
0.0188228	0.624483
0.0190975	0.619133
0.0193762	0.613463
0.0196589	0.607467
0.0199458	0.601141
0.0202368	0.594479
0.0205322	0.587475
0.0208318	0.580125
0.0211358	0.572423
0.0214442	0.564364
0.0217571	0.555943
0.0220746	0.547156
0.0223968	0.537998
0.0227236	0.528464
0.0230552	0.518551
0.0233916	0.508255
0.023733	0.497571
0.0240793	0.486496
0.0244307	0.475026
0.0247872	0.463159
0.0251489	0.450891
0.0255159	0.438221
0.0258883	0.425145
0.0262661	0.411662
0.0266494	0.397769
0.0270382	0.383466
0.0274328	0.368752
0.0278331	0.353626
0.0282393	0.338087
0.0286514	0.322136
0.0290695	0.305773
0.0294937	0.289
0.0299241	0.271818
0.0303608	0.254228
0.0308038	0.236233
0.0312533	0.217837
0.0317094	0.199042
0.0321721	0.179852
0.0326416	0.160272
0.0331179	0.140307
0.0336012	0.119963
0.0340916	0.0992462
0.0345891	0.0781632
0.0350938	0.0567219
0.0356059	0.0349304
0.0361255	0.0127977
0.0366527	-0.00966662
0.0371876	-0.0324522
0.0377302	-0.0555479
0.0382808	-0.0789419
0.0388394	-0.102622
0.0394062	-0.126574
0.0399813	-0.150785
0.0405647	-0.175238
0.0411567	-0.19992
0.0417572	-0.224813
0.0423666	-0.249899
0.0429848	-0.27516
0.0436121	-0.300578
0.0442485	-0.326133
0.0448943	-0.351803
0.0455494	-0.377566
0.0462141	-0.403402
0.0468885	-0.429285
0.0475727	-0.455192
0.0482669	-0.481097
0.0489713	-0.506975
0.0496859	-0.532799
0.050411	-0.558541
0.0511466	-0.584172
0.051893	-0.609664
0.0526502	-0.634985
0.0534186	-0.660105
0.0541981	-0.684993
0.054989	-0.709615
0.0557914	-0.733938
0.0566056	-0.757929
0.0574316	-0.781552
0.0582697	-0.804773
0.05912	-0.827555
0.0599827	-0.849862
0.0608581	-0.871657
0.0617462	-0.892902
0.0626472	-0.913559
0.0635614	-0.93359
0.0644889	-0.952956
0.06543	-0.971618
0.0663848	-0.989536
0.0673536	-1.00667
0.0683364	-1.02298
0.0693337	-1.03843
0.0703454	-1.05298
0.071372	-1.06659
0.0724135	-1.07921
0.0734702	-1.09081
0.0745423	-1.10136
0.0756301	-1.1108
0.0767338	-1.11911
0.0778535	-1.12625
0.0789896	-1.13217
0.0801423	-1.13685
0.0813118	-1.14025
0.0824984	-1.14233
0.0837023	-1.14306
0.0849237	-1.1424
0.086163	-1.14034
0.0874204	-1.13683
0.0886961	-1.13185
0.0899904	-1.12537
0.0913036	-1.11738
0.092636	-1.10783
0.0939878	-1.09672
0.0953594	-1.08403
0.0967509	-1.06973
0.0981628	-1.05381
0.0995953	-1.03627
0.101049	-1.01708
0.102523	-0.996238
0.104019	-0.973745
0.105537	-0.949595
0.107077	-0.923787
0.10864	-0.896324
0.110225	-0.867213
0.111834	-0.836462
0.113466	-0.804082
0.115121	-0.77009
0.116801	-0.734502
0.118506	-0.697341
0.120235	-0.658631
0.12199	-0.6184
0.12377	-0.576679
0.125576	-0.533503
0.127409	-0.48891
0.129268	-0.442942
0.131154	-0.395644
0.133068	-0.347063
0.13501	-0.297252
0.13698	-0.246266
0.138979	-0.194162
0.141007	-0.141002
0.143065	-0.0868515
0.145153	-0.0317775
0.147271	0.024149
0.14942	0.0808544
0.1516	0.138262
0.153813	0.196293
0.156057	0.254866
0.158335	0.313895
0.160645	0.373296
0.162989	0.432979
0.165368	0.492855
0.167781	0.55283
0.170229	0.612811
0.172713	0.672704
0.175234	0.732411
0.177791	0.791836
0.180385	0.850882
0.183018	0.909449
0.185689	0.96744
0.188398	1.02476
0.191148	1.0813
0.193937	1.13697
0.196767	1.19168
0.199638	1.24532
0.202552	1.29781
0.205507	1.34905
0.208506	1.39895
0.211549	1.44742
0.214636	1.49438
0.217768	1.53974
0.220946	1.58343
0.22417	1.62536
0.227442	1.66546
0.230761	1.70367
0.234128	1.73991
0.237545	1.77413
0.241011	1.80627
0.244528	1.83627
0.248097	1.86408
0.251717	1.88967
0.25539	1.913
0.259117	1.93403
0.262898	1.95273
0.266735	1.96909
0.270627	1.98308
0.274576	1.9947
0.278583	2.00394
0.282649	2.0108
0.286773	2.01528
0.290958	2.01739
0.295204	2.01717
0.299512	2.01461
0.303882	2.00977
0.308317	2.00265
0.312816	1.99332
0.317381	1.98181
0.322013	1.96816
0.326712	1.95244
0.331479	1.9347
0.336316	1.91501
0.341224	1.89343
0.346204	1.87004
0.351256	1.8449
0.356382	1.8181
0.361582	1.78972
0.366859	1.75985
0.372212	1.72858
0.377644	1.69598
0.383155	1.66216
0.388746	1.62721
0.394419	1.59123
0.400175	1.55431
0.406014	1.51654
0.411939	1.47803
0.41795	1.43888
0.42405	1.39917
0.430238	1.35902
0.436516	1.3185
0.442886	1.27772
0.449349	1.23677
0.455906	1.19574
0.462559	1.15471
0.469309	1.11378
0.476158	1.07302
0.483106	1.03253
0.490156	0.992358
0.497309	0.952597
0.504566	0.913313
0.511929	0.87457
0.519399	0.836431
0.526979	0.798955
0.534669	0.762195
0.542471	0.726201
0.550388	0.691018
0.558419	0.65669
0.566568	0.623251
0.574836	0.590735
0.583224	0.559172
0.591735	0.528584
0.60037	0.498992
0.609132	0.470414
0.61802	0.442859
0.627039	0.416338
0.636189	0.390854
0.645473	0.366409
0.654892	0.343
0.664449	0.320622
0.674145	0.299265
0.683983	0.278918
0.693964	0.259567
0.704091	0.241194
0.714366	0.223781
0.72479	0.207305
0.735367	0.191745
0.746098	0.177073
0.756986	0.163266
0.768032	0.150293
0.77924	0.138128
0.790611	0.126739
0.802149	0.116097
0.813854	0.106171
0.825731	0.0969298
0.83778	0.0883417
0.850006	0.0803755
0.86241	0.073
0.874995	0.0661843
0.887764	0.0598979
0.900719	0.0541107
0.913863	0.0487935
0.927198	0.0439176
0.940729	0.0394551
0.954457	0.0353791
0.968385	0.0316635
0.982516	0.0282834
0.996854	0.0252147
1.0114	0.0224345
1.02616	0.0199208
1.04113	0.0176529
1.05633	0.0156111
1.07174	0.0137769
1.08738	0.0121326
1.10325	0.0106618
1.11935	0.00934913
1.13568	0.00818022
1.15226	0.00714167
1.16907	0.00622104
1.18613	0.00540683
1.20344	0.00468842
1.221	0.00405605
1.23882	0.00350073
1.2569	0.00301425
1.27524	0.00258913
1.29385	0.00221855
1.31273	0.00189631
1.33189	0.00161682
1.35132	0.00137504
1.37104	0.00116641
1.39105	0.000986861
1.41135	0.000832754
1.43194	0.000700839
1.45284	0.000588226
1.47404	0.000492357
1.49555	0.00041097
1.51738	0.000342072
1.53952	0.000283915
1.56198	0.000234965
1.58478	0.000193886
1.6079	0.000159515
1.63137	0.000130843
1.65517	0.000106999
1.67933	8.72298e-05
1.70383	7.08912e-05
1.7287	5.74305e-05
1.75392	4.63763e-05
1.77952	3.73281e-05
1.80549	2.99462e-05
1.83183	2.39438e-05
1.85857	1.90797e-05
1.88569	1.51516e-05
1.91321	1.19903e-05
1.94112	9.45514e-06
1.96945	7.42935e-06
1.99819	5.81644e-06
2.02735	4.53697e-06
2.05694	3.52578e-06
2.08695	2.72962e-06
2.11741	2.10516e-06
2.1483	1.61726e-06
2.17965	1.23756e-06
2.21146	9.4323e-07
2.24373	7.15998e-07
2.27648	5.41282e-07
2.3097	4.07502e-07
2.3434	3.05495e-07
2.3776	2.28046e-07
2.41229	1.69496e-07
2.4475	1.25426e-07
2.48321	9.24026e-08
2.51945	6.7767e-08
2.55621	4.94726e-08
2.59352	3.59498e-08
2.63136	2.60007e-08
2.66976	1.87155e-08
2.70872	1.34066e-08
2.74825	9.5567e-09
2.78835	6.77858e-09
2.82904	4.78389e-09
2.87033	3.35896e-09
2.91221	2.34628e-09
2.95471	1.63033e-09
2.99783	1.12683e-09
3.04158	7.74637e-10
3.08596	5.29618e-10
3.13099	3.60094e-10
3.17668	2.4346e-10
3.22304	1.63669e-10
3.27007	1.09395e-10
3.31779	7.26902e-11
3.36621	4.80162e-11
3.41533	3.15263e-11
3.46517	2.05721e-11
3.51574	1.33422e-11
3.56704	8.59976e-12
3.6191	5.50743e-12
3.67191	3.5034e-12
3.72549	2.21425e-12
3.77986	1.39047e-12
3.83502	8.68755e-13
3.89098	5.37847e-13
3.94776	3.31052e-13
4.00537	2.02027e-13
4.06382	1.2304e-13
4.12312	7.30705e-14
4.18329	4.40106e-14
4.24433	2.68812e-14
4.30627	1.54685e-14
4.36911	8.83659e-15
4.43287	6.06989e-15
4.49756	3.80945e-15
4.56319	1.84643e-15
4.62978	1.27718e-15
4.69734	2.94289e-16
4.76589	1.831e-16
4.83544	7.78796e-17
4.906	4.91981e-16
4.97759	9.67348e-16
5.05023	2.75602e-16
5.12392	-9.45446e-16
5.1987	-9.55256e-16
5.27456	1.48435e-16
5.35153	1.01667e-15
5.42962	5.18555e-16
5.50886	-5.57763e-16
5.58925	-8.58907e-16
5.67081	-1.19538e-16
5.75356	1.18218e-15
5.83752	4.29246e-16
5.92271	-9.12644e-16
6.00914	-4.53722e-16
6.09683	8.77351e-16
6.1858	-1.52567e-16
6.27607	3.90455e-16
6.36765	1.45257e-16
6.46058	-1.81188e-16
6.55485	-4.46902e-16
6.65051	3.9341e-16
6.74756	-4.60341e-16
6.84602	-2.74497e-16
6.94592	4.31264e-16
7.04729	1.87148e-16
7.15013	-1.1776e-16
7.25447	-3.79542e-16
7.36033	4.08766e-16
7.46774	4.70377e-16
7.57671	-1.61378e-16
7.68728	-8.46383e-17
7.79946	4.06639e-16
7.91327	-5.03569e-16
8.02875	-5.18988e-16
8.14591	9.86641e-18
8.26478	-4.3251e-16
8.38539	2.01819e-16
8.50776	1.0611e-17
8.63191	-3.38825e-16
8.75787	-3.43613e-16
8.88567	1.70908e-16
9.01534	1.89842e-16
9.1469	-5.68705e-17
9.28038	-5.09653e-16
9.4158	8.82672e-17
9.55321	-1.40447e-16
9.69262	-3.87172e-16
9.83406	3.58405e-16
9.97757	3.0397e-17
10.1232	-8.30698e-16
10.2709	-3.54734e-16
10.4208	-8.80266e-17
10.5728	-9.73381e-17
10.7271	-2.86765e-16
10.8837	6.7191e-17
11.0425	1.64254e-16
11.2036	-1.49464e-18
11.3671	8.29416e-17
11.533	-6.40942e-17
11.7013	5.29278e-18
11.8721	-4.00903e-18
12.0453	1.17182e-18
12.2211	1.02702e-18
12.3994	8.18465e-20
12.5804	-2.04074e-19
12.7639	7.22044e-20
12.9502	-4.57372e-20
13.1392	5.17619e-21
13.3309	-2.18544e-21
13.5255	1.24379e-21
13.7228	-4.33296e-23
13.9231	7.05479e-23
14.1263	-2.70489e-24
14.3324	5.97582e-24
14.5416	-1.48189e-25
14.7538	1.15334e-25
14.9691	1.54888e-26
15.1875	-6.08981e-28
15.4091	-8.72162e-29
15.634	3.02544e-28
15.8621	-8.90492e-30
16.0936	2.98543e-31
16.3285	-7.45913e-31
16.5667	1.09185e-31
16.8085	4.26415e-33
17.0538	3.0307e-33
17.3026	-3.77373e-34
17.5551	1.58884e-36
17.8113	2.14466e-36
18.0712	-5.03404e-38
18.3349	-4.14972e-38
18.6025	1.1725e-38
18.874	-5.57107e-40
19.1494	9.05784e-42
19.4288	-4.06643e-42
19.7123	1.12082e-42
