2.72331e-06	2.22046e-15
5.44662e-06	1.77637e-14
8.16993e-06	5.99523e-14
1.08932e-05	1.42108e-13
1.36166e-05	2.77554e-13
1.63399e-05	4.79609e-13
1.90632e-05	7.61594e-13
2.17865e-05	1.13683e-12
2.45098e-05	1.61863e-12
2.72331e-05	2.22031e-12
2.99564e-05	2.95518e-12
3.26797e-05	3.83656e-12
3.54031e-05	4.87776e-12
3.81264e-05	6.09209e-12
4.08497e-05	7.49284e-12
4.3573e-05	9.09333e-12
4.62963e-05	1.09068e-11
4.90196e-05	1.29467e-11
5.17429e-05	1.52262e-11
5.44662e-05	1.77586e-11
5.71895e-05	2.05571e-11
5.99129e-05	2.36352e-11
6.26362e-05	2.70061e-11
6.53595e-05	3.0683e-11
6.80828e-05	3.46792e-11
7.08061e-05	3.9008e-11
7.35294e-05	4.36827e-11
7.62527e-05	4.87165e-11
7.8976e-05	5.41227e-11
8.16993e-05	5.99145e-11
8.44227e-05	6.61053e-11
8.7146e-05	7.27082e-11
8.98693e-05	7.97365e-11
9.25926e-05	8.72034e-11
9.53159e-05	9.51223e-11
9.80392e-05	1.03506e-10
0.000100763	1.12369e-10
0.000103486	1.21723e-10
0.000106209	1.31581e-10
0.000108932	1.41958e-10
0.000111656	1.52866e-10
0.000114379	1.64319e-10
0.000117102	1.7633e-10
0.000119826	1.88911e-10
0.000122549	2.02077e-10
0.000125272	2.1584e-10
0.000127996	2.30213e-10
0.000130719	2.45211e-10
0.000133442	2.60846e-10
0.000136166	2.77131e-10
0.000138889	2.94079e-10
0.000141612	3.11704e-10
0.000144336	3.30019e-10
0.000147059	3.49037e-10
0.000149782	3.68771e-10
0.000152505	3.89235e-10
0.000155229	4.10442e-10
0.000157952	4.32404e-10
0.000160675	4.55135e-10
0.000163399	4.78649e-10
0.000166122	5.02958e-10
0.000168845	5.28076e-10
0.000171569	5.54015e-10
0.000174292	5.80789e-10
0.000177015	6.08412e-10
0.000179739	6.36895e-10
0.000182462	6.66254e-10
0.000185185	6.96499e-10
0.000187888	7.27403e-10
0.000190629	7.59677e-10
0.000193411	7.93382e-10
0.000196234	8.28582e-10
0.000199097	8.65344e-10
0.000202003	9.03735e-10
0.00020495	9.43829e-10
0.000207941	9.85701e-10
0.000210976	1.02943e-09
0.000214054	1.0751e-09
0.000217178	1.12279e-09
0.000220347	1.1726e-09
0.000223563	1.22461e-09
0.000226825	1.27893e-09
0.000230135	1.33566e-09
0.000233493	1.39491e-09
0.000236901	1.45678e-09
0.000240358	1.5214e-09
0.000243865	1.58888e-09
0.000247424	1.65935e-09
0.000251035	1.73294e-09
0.000254698	1.8098e-09
0.000258415	1.89006e-09
0.000262186	1.97388e-09
0.000266012	2.06142e-09
0.000269894	2.15284e-09
0.000273832	2.24831e-09
0.000277828	2.348e-09
0.000281882	2.45212e-09
0.000285996	2.56085e-09
0.000290169	2.67441e-09
0.000294404	2.79299e-09
0.0002987	2.91682e-09
0.000303059	3.04615e-09
0.000307481	3.1812e-09
0.000311968	3.32224e-09
0.000316521	3.46953e-09
0.00032114	3.62334e-09
0.000325826	3.78397e-09
0.000330581	3.95171e-09
0.000335405	4.12689e-09
0.000340299	4.30982e-09
0.000345265	4.50086e-09
0.000350304	4.70035e-09
0.000355415	4.90869e-09
0.000360602	5.12625e-09
0.000365864	5.35345e-09
0.000371203	5.59071e-09
0.00037662	5.83847e-09
0.000382116	6.09721e-09
0.000387692	6.3674e-09
0.00039335	6.64956e-09
0.00039909	6.94421e-09
0.000404914	7.25191e-09
0.000410822	7.57323e-09
0.000416817	7.90877e-09
0.0004229	8.25917e-09
0.000429071	8.62508e-09
0.000435333	9.00718e-09
0.000441685	9.4062e-09
0.000448131	9.82287e-09
0.00045467	1.0258e-08
0.000461305	1.07124e-08
0.000468037	1.11868e-08
0.000474867	1.16823e-08
0.000481797	1.21997e-08
0.000488827	1.274e-08
0.000495961	1.33042e-08
0.000503198	1.38934e-08
0.000510541	1.45086e-08
0.000517991	1.5151e-08
0.00052555	1.58218e-08
0.00053322	1.65224e-08
0.000541001	1.72538e-08
0.000548896	1.80177e-08
0.000556905	1.88153e-08
0.000565032	1.96482e-08
0.000573278	2.05179e-08
0.000581643	2.14261e-08
0.000590131	2.23744e-08
0.000598743	2.33646e-08
0.00060748	2.43986e-08
0.000616345	2.54783e-08
0.000625339	2.66058e-08
0.000634465	2.7783e-08
0.000643723	2.90123e-08
0.000653117	3.02959e-08
0.000662648	3.16362e-08
0.000672318	3.30357e-08
0.000682129	3.4497e-08
0.000692083	3.60229e-08
0.000702182	3.76161e-08
0.000712429	3.92798e-08
0.000722826	4.10169e-08
0.000733374	4.28307e-08
0.000744076	4.47246e-08
0.000754934	4.67021e-08
0.00076595	4.87669e-08
0.000777128	5.09229e-08
0.000788468	5.3174e-08
0.000799974	5.55245e-08
0.000811648	5.79786e-08
0.000823492	6.05411e-08
0.000835509	6.32166e-08
0.000847702	6.60102e-08
0.000860072	6.8927e-08
0.000872623	7.19724e-08
0.000885357	7.51522e-08
0.000898277	7.84722e-08
0.000911385	8.19385e-08
0.000924685	8.55577e-08
0.000938179	8.93365e-08
0.000951869	9.32818e-08
0.00096576	9.7401e-08
0.000979853	1.01702e-07
0.000994152	1.06192e-07
0.00100866	1.1088e-07
0.00102338	1.15775e-07
0.00103831	1.20885e-07
0.00105346	1.2622e-07
0.00106884	1.3179e-07
0.00108443	1.37606e-07
0.00110026	1.43677e-07
0.00111632	1.50016e-07
0.00113261	1.56633e-07
0.00114913	1.63542e-07
0.0011659	1.70755e-07
0.00118292	1.78286e-07
0.00120018	1.86147e-07
0.00121769	1.94355e-07
0.00123546	2.02923e-07
0.00125349	2.11868e-07
0.00127178	2.21206e-07
0.00129034	2.30955e-07
0.00130917	2.41132e-07
0.00132828	2.51757e-07
0.00134766	2.62848e-07
0.00136733	2.74427e-07
0.00138728	2.86514e-07
0.00140752	2.99132e-07
0.00142806	3.12304e-07
0.0014489	3.26054e-07
0.00147005	3.40408e-07
0.0014915	3.55392e-07
0.00151326	3.71033e-07
0.00153535	3.87361e-07
0.00155775	4.04404e-07
0.00158048	4.22195e-07
0.00160355	4.40766e-07
0.00162695	4.60151e-07
0.00165069	4.80386e-07
0.00167478	5.01508e-07
0.00169922	5.23555e-07
0.00172401	5.46567e-07
0.00174917	5.70588e-07
0.0017747	5.9566e-07
0.00180059	6.2183e-07
0.00182687	6.49145e-07
0.00185353	6.77655e-07
0.00188058	7.07413e-07
0.00190802	7.38472e-07
0.00193586	7.70889e-07
0.00196411	8.04723e-07
0.00199277	8.40036e-07
0.00202185	8.76893e-07
0.00205136	9.15359e-07
0.00208129	9.55506e-07
0.00211167	9.97405e-07
0.00214248	1.04113e-06
0.00217375	1.08677e-06
0.00220547	1.1344e-06
0.00223765	1.1841e-06
0.0022703	1.23598e-06
0.00230343	1.29011e-06
0.00233705	1.34661e-06
0.00237115	1.40556e-06
0.00240575	1.46709e-06
0.00244086	1.53129e-06
0.00247648	1.59829e-06
0.00251262	1.6682e-06
0.00254928	1.74116e-06
0.00258649	1.81729e-06
0.00262423	1.89673e-06
0.00266253	1.97962e-06
0.00270138	2.06611e-06
0.0027408	2.15637e-06
0.0027808	2.25054e-06
0.00282138	2.3488e-06
0.00286255	2.45132e-06
0.00290432	2.55829e-06
0.0029467	2.6699e-06
0.0029897	2.78635e-06
0.00303333	2.90785e-06
0.0030776	3.03461e-06
0.00312251	3.16686e-06
0.00316807	3.30483e-06
0.0032143	3.44877e-06
0.00326121	3.59894e-06
0.0033088	3.7556e-06
0.00335708	3.91904e-06
0.00340607	4.08953e-06
0.00345578	4.26739e-06
0.00350621	4.45293e-06
0.00355737	4.64647e-06
0.00360928	4.84836e-06
0.00366195	5.05895e-06
0.00371539	5.27862e-06
0.00376961	5.50776e-06
0.00382462	5.74675e-06
0.00388043	5.99603e-06
0.00393706	6.25604e-06
0.00399451	6.52722e-06
0.0040528	6.81006e-06
0.00411194	7.10505e-06
0.00417195	7.4127e-06
0.00423283	7.73355e-06
0.0042946	8.06816e-06
0.00435727	8.41712e-06
0.00442085	8.78103e-06
0.00448536	9.16052e-06
0.00455082	9.55625e-06
0.00461723	9.96891e-06
0.00468461	1.03992e-05
0.00475297	1.08479e-05
0.00482233	1.13157e-05
0.0048927	1.18035e-05
0.0049641	1.23122e-05
0.00503654	1.28425e-05
0.00511003	1.33953e-05
0.0051846	1.39718e-05
0.00526026	1.45727e-05
0.00533702	1.51992e-05
0.00541491	1.58523e-05
0.00549392	1.65332e-05
0.0055741	1.72429e-05
0.00565544	1.79828e-05
0.00573797	1.8754e-05
0.0058217	1.95578e-05
0.00590665	2.03957e-05
0.00599285	2.1269e-05
0.0060803	2.21792e-05
0.00616903	2.31278e-05
0.00625905	2.41165e-05
0.00635039	2.51468e-05
0.00644306	2.62206e-05
0.00653708	2.73395e-05
0.00663248	2.85055e-05
0.00672926	2.97205e-05
0.00682746	3.09865e-05
0.0069271	3.23057e-05
0.00702818	3.36801e-05
0.00713074	3.51121e-05
0.0072348	3.66041e-05
0.00734038	3.81584e-05
0.00744749	3.97777e-05
0.00755617	4.14645e-05
0.00766644	4.32216e-05
0.00777831	4.5052e-05
0.00789182	4.69585e-05
0.00800698	4.89443e-05
0.00812383	5.10126e-05
0.00824238	5.31666e-05
0.00836266	5.541e-05
0.00848469	5.77463e-05
0.00860851	6.01792e-05
0.00873413	6.27126e-05
0.00886159	6.53506e-05
0.0089909	6.80973e-05
0.0091221	7.09572e-05
0.00925522	7.39347e-05
0.00939028	7.70345e-05
0.00952731	8.02616e-05
0.00966634	8.36209e-05
0.0098074	8.71178e-05
0.00995052	9.07576e-05
0.0100957	9.45461e-05
0.010243	9.84892e-05
0.0103925	0.000102593
0.0105442	0.000106863
0.010698	0.000111308
0.0108542	0.000115932
0.0110126	0.000120744
0.0111733	0.00012575
0.0113363	0.000130959
0.0115017	0.000136378
0.0116696	0.000142015
0.0118399	0.000147879
0.0120126	0.000153979
0.0121879	0.000160323
0.0123658	0.000166921
0.0125463	0.000173783
0.0127293	0.000180919
0.0129151	0.000188339
0.0131036	0.000196054
0.0132948	0.000204076
0.0134888	0.000212416
0.0136856	0.000221086
0.0138853	0.000230099
0.014088	0.000239467
0.0142936	0.000249204
0.0145021	0.000259323
0.0147138	0.000269839
0.0149285	0.000280767
0.0151463	0.000292122
0.0153674	0.00030392
0.0155916	0.000316176
0.0158191	0.000328909
0.01605	0.000342135
0.0162842	0.000355872
0.0165218	0.00037014
0.0167629	0.000384957
0.0170075	0.000400343
0.0172557	0.000416319
0.0175075	0.000432905
0.017763	0.000450125
0.0180222	0.000468
0.0182852	0.000486554
0.0185521	0.00050581
0.0188228	0.000525794
0.0190975	0.000546531
0.0193762	0.000568048
0.0196589	0.000590371
0.0199458	0.000613529
0.0202368	0.00063755
0.0205322	0.000662464
0.0208318	0.000688303
0.0211358	0.000715096
0.0214442	0.000742877
0.0217571	0.00077168
0.0220746	0.000801538
0.0223968	0.000832486
0.0227236	0.000864561
0.0230552	0.000897801
0.0233916	0.000932244
0.023733	0.000967928
0.0240793	0.0010049
0.0244307	0.00104319
0.0247872	0.00108284
0.0251489	0.00112391
0.0255159	0.00116644
0.0258883	0.00121046
0.0262661	0.00125603
0.0266494	0.0013032
0.0270382	0.00135202
0.0274328	0.00140253
0.0278331	0.0014548
0.0282393	0.00150886
0.0286514	0.00156478
0.0290695	0.00162261
0.0294937	0.00168241
0.0299241	0.00174424
0.0303608	0.00180815
0.0308038	0.00187421
0.0312533	0.00194248
0.0317094	0.00201301
0.0321721	0.00208588
0.0326416	0.00216115
0.0331179	0.00223888
0.0336012	0.00231915
0.0340916	0.00240202
0.0345891	0.00248756
0.0350938	0.00257584
0.0356059	0.00266694
0.0361255	0.00276092
0.0366527	0.00285786
0.0371876	0.00295783
0.0377302	0.00306092
0.0382808	0.00316719
0.0388394	0.00327673
0.0394062	0.0033896
0.0399813	0.0035059
0.0405647	0.0036257
0.0411567	0.00374908
0.0417572	0.00387611
0.0423666	0.00400689
0.0429848	0.00414148
0.0436121	0.00427998
0.0442485	0.00442245
0.0448943	0.00456899
0.0455494	0.00471968
0.0462141	0.00487458
0.0468885	0.00503379
0.0475727	0.00519739
0.0482669	0.00536544
0.0489713	0.00553803
0.0496859	0.00571524
0.050411	0.00589714
0.0511466	0.0060838
0.051893	0.0062753
0.0526502	0.00647171
0.0534186	0.00667309
0.0541981	0.00687952
0.054989	0.00709105
0.0557914	0.00730775
0.0566056	0.00752968
0.0574316	0.00775688
0.0582697	0.00798942
0.05912	0.00822734
0.0599827	0.00847069
0.0608581	0.00871949
0.0617462	0.0089738
0.0626472	0.00923364
0.0635614	0.00949903
0.0644889	0.00976999
0.06543	0.0100465
0.0663848	0.0103287
0.0673536	0.0106164
0.0683364	0.0109098
0.0693337	0.0112087
0.0703454	0.0115131
0.071372	0.0118231
0.0724135	0.0121386
0.0734702	0.0124595
0.0745423	0.0127858
0.0756301	0.0131174
0.0767338	0.0134543
0.0778535	0.0137963
0.0789896	0.0141434
0.0801423	0.0144954
0.0813118	0.0148523
0.0824984	0.0152138
0.0837023	0.01558
0.0849237	0.0159505
0.086163	0.0163252
0.0874204	0.016704
0.0886961	0.0170866
0.0899904	0.0174729
0.0913036	0.0178625
0.092636	0.0182553
0.0939878	0.018651
0.0953594	0.0190493
0.0967509	0.0194499
0.0981628	0.0198525
0.0995953	0.0202568
0.101049	0.0206624
0.102523	0.021069
0.104019	0.0214762
0.105537	0.0218836
0.107077	0.0222907
0.10864	0.0226972
0.110225	0.0231025
0.111834	0.0235063
0.113466	0.023908
0.115121	0.024307
0.116801	0.024703
0.118506	0.0250952
0.120235	0.0254833
0.12199	0.0258664
0.12377	0.0262441
0.125576	0.0266158
0.127409	0.0269807
0.129268	0.0273383
0.131154	0.0276878
0.133068	0.0280286
0.13501	0.0283599
0.13698	0.0286811
0.138979	0.0289913
0.141007	0.0292898
0.143065	0.0295759
0.145153	0.0298488
0.147271	0.0301077
0.14942	0.0303517
0.1516	0.0305802
0.153813	0.0307921
0.156057	0.0309868
0.158335	0.0311634
0.160645	0.031321
0.162989	0.0314588
0.165368	0.0315759
0.167781	0.0316716
0.170229	0.031745
0.172713	0.0317951
0.175234	0.0318213
0.177791	0.0318226
0.180385	0.0317982
0.183018	0.0317474
0.185689	0.0316694
0.188398	0.0315632
0.191148	0.0314283
0.193937	0.0312638
0.196767	0.031069
0.199638	0.0308432
0.202552	0.0305857
0.205507	0.030296
0.208506	0.0299733
0.211549	0.0296171
0.214636	0.0292268
0.217768	0.028802
0.220946	0.0283421
0.22417	0.0278467
0.227442	0.0273155
0.230761	0.0267481
0.234128	0.0261442
0.237545	0.0255036
0.241011	0.0248261
0.244528	0.0241116
0.248097	0.0233599
0.251717	0.0225712
0.25539	0.0217455
0.259117	0.0208828
0.262898	0.0199835
0.266735	0.0190476
0.270627	0.0180756
0.274576	0.0170679
0.278583	0.016025
0.282649	0.0149473
0.286773	0.0138356
0.290958	0.0126905
0.295204	0.0115128
0.299512	0.0103034
0.303882	0.00906325
0.308317	0.00779335
0.312816	0.00649483
0.317381	0.00516887
0.322013	0.00381675
0.326712	0.00243984
0.331479	0.00103957
0.336316	-0.000382531
0.341224	-0.00182487
0.346204	-0.00328576
0.351256	-0.00476344
0.356382	-0.00625607
0.361582	-0.00776175
0.366859	-0.0092785
0.372212	-0.0108043
0.377644	-0.0123369
0.383155	-0.0138743
0.388746	-0.0154141
0.394419	-0.016954
0.400175	-0.0184918
0.406014	-0.020025
0.411939	-0.0215511
0.41795	-0.0230677
0.42405	-0.0245723
0.430238	-0.0260621
0.436516	-0.0275348
0.442886	-0.0289876
0.449349	-0.030418
0.455906	-0.0318233
0.462559	-0.0332008
0.469309	-0.034548
0.476158	-0.0358621
0.483106	-0.0371405
0.490156	-0.0383807
0.497309	-0.03958
0.504566	-0.0407359
0.511929	-0.0418459
0.519399	-0.0429074
0.526979	-0.043918
0.534669	-0.0448754
0.542471	-0.0457773
0.550388	-0.0466213
0.558419	-0.0474053
0.566568	-0.0481272
0.574836	-0.048785
0.583224	-0.0493769
0.591735	-0.0499008
0.60037	-0.0503552
0.609132	-0.0507384
0.61802	-0.051049
0.627039	-0.0512855
0.636189	-0.0514466
0.645473	-0.0515313
0.654892	-0.0515385
0.664449	-0.0514673
0.674145	-0.0513169
0.683983	-0.0510867
0.693964	-0.0507762
0.704091	-0.050385
0.714366	-0.0499128
0.72479	-0.0493596
0.735367	-0.0487253
0.746098	-0.0480101
0.756986	-0.0472142
0.768032	-0.0463381
0.77924	-0.0453822
0.790611	-0.0443471
0.802149	-0.0432337
0.813854	-0.0420427
0.825731	-0.0407751
0.83778	-0.039432
0.850006	-0.0380146
0.86241	-0.0365241
0.874995	-0.034962
0.887764	-0.0333296
0.900719	-0.0316286
0.913863	-0.0298606
0.927198	-0.0280272
0.940729	-0.0261304
0.954457	-0.0241719
0.968385	-0.0221536
0.982516	-0.0200777
0.996854	-0.0179461
1.0114	-0.0157609
1.02616	-0.0135242
1.04113	-0.0112384
1.05633	-0.00890551
1.07174	-0.00652789
1.08738	-0.00410781
1.10325	-0.00164759
1.11935	0.000850445
1.13568	0.00338396
1.15226	0.0059506
1.16907	0.00854801
1.18613	0.0111739
1.20344	0.0138258
1.221	0.0165014
1.23882	0.0191985
1.2569	0.0219148
1.27524	0.0246478
1.29385	0.0273955
1.31273	0.0301556
1.33189	0.0329258
1.35132	0.0357041
1.37104	0.0384883
1.39105	0.0412763
1.41135	0.0440662
1.43194	0.0468559
1.45284	0.0496435
1.47404	0.0524272
1.49555	0.055205
1.51738	0.0579753
1.53952	0.0607363
1.56198	0.0634863
1.58478	0.0662238
1.6079	0.0689472
1.63137	0.0716551
1.65517	0.0743461
1.67933	0.0770188
1.70383	0.079672
1.7287	0.0823046
1.75392	0.0849154
1.77952	0.0875035
1.80549	0.0900678
1.83183	0.0926075
1.85857	0.0951219
1.88569	0.0976102
1.91321	0.100072
1.94112	0.102506
1.96945	0.104913
1.99819	0.107291
2.02735	0.109641
2.05694	0.111963
2.08695	0.114255
2.11741	0.116519
2.1483	0.118754
2.17965	0.12096
2.21146	0.123137
2.24373	0.125286
2.27648	0.127406
2.3097	0.129498
2.3434	0.131562
2.3776	0.133599
2.41229	0.135609
2.4475	0.137592
2.48321	0.13955
2.51945	0.141481
2.55621	0.143388
2.59352	0.145271
2.63136	0.147129
2.66976	0.148965
2.70872	0.150778
2.74825	0.152569
2.78835	0.154339
2.82904	0.156089
2.87033	0.157818
2.91221	0.159528
2.95471	0.16122
2.99783	0.162894
3.04158	0.164551
3.08596	0.166191
3.13099	0.167815
3.17668	0.169424
3.22304	0.171019
3.27007	0.172599
3.31779	0.174167
3.36621	0.175721
3.41533	0.177263
3.46517	0.178794
3.51574	0.180314
3.56704	0.181824
3.6191	0.183324
3.67191	0.184815
3.72549	0.186297
3.77986	0.187771
3.83502	0.189238
3.89098	0.190698
3.94776	0.192151
4.00537	0.193599
4.06382	0.195042
4.12312	0.19648
4.18329	0.197914
4.24433	0.199345
4.30627	0.200773
4.36911	0.202199
4.43287	0.203624
4.49756	0.205047
4.56319	0.206471
4.62978	0.207895
4.69734	0.209321
4.76589	0.210748
4.83544	0.212178
4.906	0.213612
4.97759	0.215049
5.05023	0.216492
5.12392	0.217941
5.1987	0.219396
5.27456	0.220859
5.35153	0.222329
5.42962	0.223809
5.50886	0.225299
5.58925	0.2268
5.67081	0.228312
5.75356	0.229836
5.83752	0.231374
5.92271	0.232925
6.00914	0.234492
6.09683	0.236073
6.1858	0.237671
6.27607	0.239285
6.36765	0.240917
6.46058	0.242566
6.55485	0.244234
6.65051	0.245921
6.74756	0.247626
6.84602	0.24935
6.94592	0.251093
7.04729	0.252855
7.15013	0.254636
7.25447	0.256435
7.36033	0.258252
7.46774	0.260086
7.57671	0.261936
7.68728	0.2638
7.79946	0.265678
7.91327	0.267568
8.02875	0.269467
8.14591	0.271374
8.26478	0.273285
8.38539	0.275199
8.50776	0.277111
8.63191	0.279018
8.75787	0.280916
8.88567	0.282801
9.01534	0.284667
9.1469	0.286509
9.28038	0.288322
9.4158	0.290098
9.55321	0.291832
9.69262	0.293514
9.83406	0.295138
9.97757	0.296694
10.1232	0.298174
10.2709	0.299567
10.4208	0.300862
10.5728	0.302049
10.7271	0.303115
10.8837	0.304047
11.0425	0.304832
11.2036	0.305457
11.3671	0.305905
11.533	0.306163
11.7013	0.306212
11.8721	0.306036
12.0453	0.305619
12.2211	0.30494
12.3994	0.303982
12.5804	0.302725
12.7639	0.301148
12.9502	0.299232
13.1392	0.296955
13.3309	0.294297
13.5255	0.291235
13.7228	0.287749
13.9231	0.283815
14.1263	0.279414
14.3324	0.274524
14.5416	0.269124
14.7538	0.263193
14.9691	0.256713
15.1875	0.249665
15.4091	0.242031
15.634	0.233796
15.8621	0.224946
16.0936	0.21547
16.3285	0.205356
16.5667	0.194599
16.8085	0.183195
17.0538	0.171141
17.3026	0.158443
17.5551	0.145106
17.8113	0.131141
18.0712	0.116566
18.3349	0.101402
18.6025	0.0856758
18.874	0.0694204
19.1494	0.0526753
19.4288	0.0354868
19.7123	0.0179082
