3.29381e-06	2.37085e-08
6.58762e-06	9.48338e-08
9.88142e-06	2.13375e-07
1.31752e-05	3.79329e-07
1.6469e-05	5.92695e-07
1.97628e-05	8.53468e-07
2.30567e-05	1.16165e-06
2.63505e-05	1.51722e-06
2.96443e-05	1.92019e-06
3.29381e-05	2.37054e-06
3.62319e-05	2.86828e-06
3.95257e-05	3.41338e-06
4.28195e-05	4.00585e-06
4.61133e-05	4.64568e-06
4.94071e-05	5.33285e-06
5.27009e-05	6.06736e-06
5.59947e-05	6.84919e-06
5.92885e-05	7.67833e-06
6.25823e-05	8.55478e-06
6.58762e-05	9.47853e-06
6.917e-05	1.04495e-05
7.24638e-05	1.14678e-05
7.57576e-05	1.25334e-05
7.90514e-05	1.36462e-05
8.23452e-05	1.48062e-05
8.5639e-05	1.60134e-05
8.89328e-05	1.72679e-05
9.22266e-05	1.85695e-05
9.55204e-05	1.99184e-05
9.88142e-05	2.13144e-05
0.000102108	2.27575e-05
0.000105402	2.42478e-05
0.000108696	2.57853e-05
0.000111989	2.73699e-05
0.000115283	2.90016e-05
0.000118577	3.06804e-05
0.000121871	3.24063e-05
0.000125165	3.41793e-05
0.000128458	3.59993e-05
0.000131752	3.78665e-05
0.000135046	3.97807e-05
0.00013834	4.17419e-05
0.000141634	4.37502e-05
0.000144928	4.58056e-05
0.000148221	4.79079e-05
0.000151515	5.00572e-05
0.000154809	5.22536e-05
0.000158103	5.44969e-05
0.000161397	5.67872e-05
0.00016469	5.91245e-05
0.000167984	6.15087e-05
0.000171278	6.39399e-05
0.000174572	6.6418e-05
0.000177866	6.89431e-05
0.000181159	7.1515e-05
0.000184453	7.41339e-05
0.000187747	7.67997e-05
0.000191041	7.95123e-05
0.000194335	8.22718e-05
0.000197628	8.50782e-05
0.000200922	8.79315e-05
0.000204216	9.08316e-05
0.00020751	9.37785e-05
0.000210804	9.67723e-05
0.000214097	9.98128e-05
0.000217391	0.0001029
0.000220685	0.000106034
0.000223979	0.000109215
0.000227273	0.000112443
0.00023053	0.000115681
0.000233834	0.000119012
0.000237186	0.00012244
0.000240586	0.000125965
0.000244034	0.000129592
0.000247532	0.000133324
0.00025108	0.000137162
0.000254678	0.000141111
0.000258329	0.000145174
0.000262031	0.000149353
0.000265787	0.000153652
0.000269597	0.000158075
0.000273461	0.000162625
0.00027738	0.000167306
0.000281356	0.000172122
0.000285389	0.000177075
0.000289479	0.000182171
0.000293628	0.000187414
0.000297837	0.000192807
0.000302106	0.000198355
0.000306436	0.000204063
0.000310828	0.000209934
0.000315283	0.000215974
0.000319802	0.000222187
0.000324386	0.000228579
0.000329036	0.000235155
0.000333752	0.000241919
0.000338536	0.000248877
0.000343388	0.000256036
0.00034831	0.000263399
0.000353302	0.000270974
0.000358366	0.000278767
0.000363502	0.000286783
0.000368712	0.000295029
0.000373997	0.000303512
0.000379358	0.000312238
0.000384795	0.000321214
0.000390311	0.000330448
0.000395905	0.000339947
0.000401579	0.000349718
0.000407335	0.00035977
0.000413174	0.000370109
0.000419096	0.000380746
0.000425103	0.000391687
0.000431196	0.000402941
0.000437376	0.000414518
0.000443645	0.000426428
0.000450004	0.000438678
0.000456454	0.000451279
0.000462996	0.000464242
0.000469632	0.000477575
0.000476364	0.000491291
0.000483192	0.0005054
0.000490117	0.000519912
0.000497142	0.00053484
0.000504268	0.000550196
0.000511495	0.000565991
0.000518827	0.000582238
0.000526263	0.000598951
0.000533806	0.000616141
0.000541457	0.000633824
0.000549218	0.000652012
0.00055709	0.000670721
0.000565075	0.000689964
0.000573174	0.000709758
0.000581389	0.000730118
0.000589723	0.00075106
0.000598175	0.000772601
0.000606749	0.000794758
0.000615445	0.000817547
0.000624267	0.000840988
0.000633214	0.000865099
0.00064229	0.000889898
0.000651496	0.000915406
0.000660834	0.000941642
0.000670306	0.000968627
0.000679914	0.000996382
0.000689659	0.00102493
0.000699544	0.00105429
0.000709571	0.00108449
0.000719741	0.00111555
0.000730057	0.0011475
0.000740521	0.00118036
0.000751135	0.00121416
0.000761901	0.00124892
0.000772822	0.00128467
0.000783898	0.00132143
0.000795134	0.00135925
0.000806531	0.00139814
0.000818091	0.00143815
0.000829817	0.00147929
0.000841711	0.0015216
0.000853775	0.00156511
0.000866012	0.00160987
0.000878425	0.0016559
0.000891015	0.00170323
0.000903786	0.00175192
0.000916741	0.00180198
0.00092988	0.00185348
0.000943208	0.00190643
0.000956728	0.00196089
0.00097044	0.0020169
0.00098435	0.00207449
0.000998459	0.00213372
0.00101277	0.00219464
0.00102729	0.00225728
0.00104201	0.0023217
0.00105695	0.00238795
0.00107209	0.00245608
0.00108746	0.00252613
0.00110305	0.00259818
0.00111886	0.00267226
0.00113489	0.00274845
0.00115116	0.00282679
0.00116766	0.00290735
0.0011844	0.00299019
0.00120137	0.00307537
0.00121859	0.00316297
0.00123606	0.00325304
0.00125378	0.00334566
0.00127175	0.0034409
0.00128997	0.00353882
0.00130846	0.00363952
0.00132722	0.00374305
0.00134624	0.00384951
0.00136554	0.00395898
0.00138511	0.00407153
0.00140496	0.00418725
0.0014251	0.00430624
0.00144553	0.00442858
0.00146624	0.00455437
0.00148726	0.0046837
0.00150858	0.00481667
0.0015302	0.00495338
0.00155213	0.00509394
0.00157438	0.00523845
0.00159695	0.00538703
0.00161983	0.00553977
0.00164305	0.00569681
0.0016666	0.00585826
0.00169049	0.00602424
0.00171472	0.00619487
0.0017393	0.00637029
0.00176423	0.00655062
0.00178951	0.00673601
0.00181516	0.00692659
0.00184118	0.0071225
0.00186757	0.0073239
0.00189434	0.00753092
0.00192149	0.00774374
0.00194903	0.0079625
0.00197697	0.00818737
0.0020053	0.00841851
0.00203404	0.00865611
0.0020632	0.00890033
0.00209277	0.00915136
0.00212277	0.00940937
0.00215319	0.00967458
0.00218405	0.00994716
0.00221536	0.0102273
0.00224711	0.0105153
0.00227932	0.0108112
0.00231199	0.0111154
0.00234513	0.011428
0.00237874	0.0117493
0.00241283	0.0120795
0.00244742	0.0124188
0.0024825	0.0127675
0.00251808	0.0131259
0.00255417	0.0134942
0.00259078	0.0138726
0.00262791	0.0142615
0.00266558	0.0146612
0.00270379	0.0150718
0.00274254	0.0154938
0.00278185	0.0159274
0.00282172	0.0163729
0.00286217	0.0168307
0.00290319	0.0173011
0.0029448	0.0177844
0.00298701	0.0182809
0.00302982	0.0187911
0.00307325	0.0193152
0.0031173	0.0198537
0.00316198	0.0204069
0.0032073	0.0209753
0.00325327	0.0215591
0.0032999	0.0221589
0.0033472	0.0227751
0.00339517	0.023408
0.00344384	0.0240582
0.0034932	0.024726
0.00354327	0.025412
0.00359405	0.0261166
0.00364557	0.0268404
0.00369782	0.0275837
0.00375082	0.0283472
0.00380458	0.0291313
0.00385911	0.0299366
0.00391443	0.0307636
0.00397053	0.031613
0.00402744	0.0324852
0.00408517	0.0333809
0.00414372	0.0343007
0.00420311	0.0352451
0.00426336	0.0362149
0.00432446	0.0372107
0.00438645	0.0382332
0.00444932	0.0392829
0.00451309	0.0403608
0.00457778	0.0414673
0.00464339	0.0426034
0.00470994	0.0437696
0.00477745	0.0449669
0.00484593	0.0461959
0.00491539	0.0474575
0.00498584	0.0487526
0.0050573	0.0500818
0.00512979	0.0514462
0.00520331	0.0528465
0.00527789	0.0542837
0.00535354	0.0557587
0.00543028	0.0572724
0.00550811	0.0588259
0.00558706	0.0604199
0.00566714	0.0620557
0.00574836	0.0637342
0.00583076	0.0654564
0.00591433	0.0672234
0.0059991	0.0690364
0.00608509	0.0708963
0.0061723	0.0728045
0.00626077	0.0747619
0.00635051	0.0767699
0.00644153	0.0788296
0.00653386	0.0809423
0.00662751	0.0831093
0.0067225	0.0853317
0.00681886	0.0876111
0.00691659	0.0899486
0.00701573	0.0923457
0.00711628	0.0948038
0.00721828	0.0973242
0.00732174	0.0999086
0.00742669	0.102558
0.00753313	0.105275
0.00764111	0.10806
0.00775063	0.110915
0.00786172	0.113841
0.0079744	0.116841
0.0080887	0.119915
0.00820464	0.123066
0.00832223	0.126296
0.00844152	0.129605
0.00856251	0.132996
0.00868524	0.136471
0.00880973	0.140032
0.008936	0.143679
0.00906408	0.147416
0.00919399	0.151245
0.00932577	0.155166
0.00945944	0.159183
0.00959502	0.163297
0.00973255	0.16751
0.00987205	0.171825
0.0100135	0.176243
0.0101571	0.180767
0.0103027	0.185399
0.0104503	0.190141
0.0106001	0.194996
0.010752	0.199965
0.0109061	0.205052
0.0110625	0.210258
0.011221	0.215586
0.0113819	0.221038
0.011545	0.226616
0.0117105	0.232325
0.0118783	0.238164
0.0120486	0.244138
0.0122213	0.250249
0.0123964	0.256499
0.0125741	0.262892
0.0127543	0.269429
0.0129372	0.276113
0.0131226	0.282947
0.0133107	0.289935
0.0135015	0.297077
0.013695	0.304378
0.0138913	0.31184
0.0140904	0.319466
0.0142923	0.327259
0.0144972	0.335221
0.014705	0.343355
0.0149157	0.351665
0.0151295	0.360153
0.0153464	0.368822
0.0155663	0.377674
0.0157895	0.386713
0.0160158	0.395942
0.0162453	0.405363
0.0164782	0.41498
0.0167144	0.424795
0.0169539	0.434811
0.0171969	0.445031
0.0174434	0.455458
0.0176934	0.466094
0.017947	0.476943
0.0182043	0.488008
0.0184652	0.49929
0.0187299	0.510793
0.0189983	0.522519
0.0192706	0.534471
0.0195468	0.546652
0.019827	0.559065
0.0201112	0.571711
0.0203994	0.584593
0.0206918	0.597715
0.0209884	0.611077
0.0212892	0.624682
0.0215944	0.638533
0.0219039	0.652632
0.0222178	0.66698
0.0225363	0.68158
0.0228593	0.696433
0.0231869	0.711541
0.0235193	0.726907
0.0238564	0.74253
0.0241983	0.758414
0.0245452	0.774559
0.024897	0.790965
0.0252538	0.807636
0.0256158	0.82457
0.0259829	0.841769
0.0263554	0.859233
0.0267331	0.876963
0.0271163	0.894959
0.0275049	0.913222
0.0278992	0.931749
0.028299	0.950543
0.0287047	0.969601
0.0291161	0.988923
0.0295334	1.00851
0.0299567	1.02836
0.0303861	1.04846
0.0308216	1.06883
0.0312634	1.08945
0.0317115	1.11033
0.032166	1.13146
0.0326271	1.15283
0.0330947	1.17446
0.0335691	1.19632
0.0340502	1.21842
0.0345382	1.24076
0.0350333	1.26333
0.0355354	1.28612
0.0360448	1.30914
0.0365614	1.33237
0.0370854	1.3558
0.037617	1.37945
0.0381561	1.40328
0.038703	1.42731
0.0392578	1.45152
0.0398205	1.4759
0.0403912	1.50045
0.0409701	1.52516
0.0415574	1.55001
0.042153	1.57501
0.0427572	1.60013
0.0433701	1.62537
0.0439917	1.65072
0.0446222	1.67617
0.0452618	1.70171
0.0459105	1.72731
0.0465686	1.75298
0.0472361	1.7787
0.0479131	1.80445
0.0485998	1.83022
0.0492964	1.856
0.050003	1.88177
0.0507197	1.90751
0.0514467	1.93322
0.0521841	1.95886
0.052932	1.98444
0.0536907	2.00992
0.0544602	2.0353
0.0552408	2.06055
0.0560326	2.08566
0.0568357	2.1106
0.0576504	2.13536
0.0584767	2.15992
0.0593148	2.18425
0.060165	2.20834
0.0610273	2.23217
0.0619021	2.25571
0.0627893	2.27895
0.0636893	2.30185
0.0646021	2.32441
0.0655281	2.34659
0.0664673	2.36838
0.06742	2.38974
0.0683863	2.41067
0.0693665	2.43113
0.0703608	2.4511
0.0713692	2.47056
0.0723922	2.48948
0.0734298	2.50785
0.0744823	2.52563
0.0755498	2.5428
0.0766327	2.55934
0.0777311	2.57523
0.0788452	2.59044
0.0799753	2.60495
0.0811216	2.61874
0.0822843	2.63178
0.0834637	2.64405
0.08466	2.65553
0.0858735	2.6662
0.0871043	2.67603
0.0883528	2.68501
0.0896191	2.69311
0.0909037	2.70032
0.0922066	2.70661
0.0935282	2.71197
0.0948687	2.71638
0.0962285	2.71983
0.0976078	2.72229
0.0990068	2.72375
0.100426	2.72419
0.101865	2.72362
0.103325	2.722
0.104806	2.71933
0.106308	2.7156
0.107832	2.7108
0.109378	2.70492
0.110946	2.69796
0.112536	2.6899
0.114149	2.68076
0.115785	2.67051
0.117444	2.65917
0.119128	2.64673
0.120835	2.63319
0.122567	2.61855
0.124324	2.60283
0.126106	2.58602
0.127913	2.56813
0.129747	2.54918
0.131606	2.52917
0.133493	2.50811
0.135406	2.48602
0.137347	2.46292
0.139315	2.43881
0.141312	2.41373
0.143338	2.38768
0.145392	2.3607
0.147476	2.33279
0.14959	2.304
0.151734	2.27434
0.153909	2.24384
0.156115	2.21253
0.158352	2.18044
0.160622	2.14761
0.162924	2.11406
0.16526	2.07983
0.167628	2.04496
0.170031	2.00948
0.172468	1.97343
0.17494	1.93684
0.177447	1.89976
0.179991	1.86224
0.182571	1.82429
0.185187	1.78598
0.187842	1.74735
0.190534	1.70842
0.193265	1.66926
0.196035	1.6299
0.198845	1.59038
0.201695	1.55075
0.204586	1.51105
0.207518	1.47133
0.210493	1.43163
0.21351	1.39199
0.21657	1.35245
0.219674	1.31307
0.222823	1.27387
0.226016	1.2349
0.229256	1.1962
0.232542	1.15781
0.235875	1.11976
0.239256	1.0821
0.242685	1.04486
0.246163	1.00807
0.249692	0.971775
0.253271	0.935994
0.256901	0.900764
0.260583	0.866113
0.264318	0.832068
0.268106	0.798655
0.271949	0.765898
0.275847	0.733819
0.279801	0.70244
0.283811	0.671778
0.287879	0.641851
0.292005	0.612673
0.296191	0.584259
0.300436	0.556619
0.304742	0.529764
0.30911	0.5037
0.313541	0.478434
0.318035	0.453969
0.322593	0.43031
0.327217	0.407455
0.331907	0.385403
0.336664	0.364154
0.34149	0.3437
0.346384	0.324038
0.351349	0.30516
0.356385	0.287056
0.361493	0.269718
0.366674	0.253133
0.37193	0.237289
0.377261	0.222173
0.382668	0.207769
0.388153	0.194063
0.393716	0.181037
0.39936	0.168675
0.405084	0.156958
0.41089	0.145867
0.416779	0.135385
0.422753	0.125491
0.428812	0.116165
0.434958	0.107388
0.441193	0.0991379
0.447516	0.0913953
0.453931	0.0841395
0.460437	0.0773499
0.467036	0.0710061
0.47373	0.0650877
0.480521	0.0595747
0.487408	0.0544472
0.494394	0.0496857
0.50148	0.0452712
0.508668	0.0411849
0.515959	0.0374085
0.523354	0.0339242
0.530855	0.0307148
0.538464	0.0277635
0.546182	0.0250542
0.55401	0.0225714
0.561951	0.0203
0.570006	0.0182257
0.578176	0.0163348
0.586463	0.0146141
0.594868	0.0130513
0.603395	0.0116344
0.612043	0.0103523
0.620816	0.00919424
0.629714	0.00815032
0.63874	0.00721109
0.647895	0.00636772
0.657181	0.00561193
0.666601	0.00493599
0.676155	0.0043327
0.685847	0.00379537
0.695677	0.00331778
0.705648	0.0028942
0.715762	0.00251932
0.726021	0.00218826
0.736428	0.00189656
0.746983	0.00164009
0.757689	0.00141513
0.768549	0.00121824
0.779565	0.00104632
0.790739	0.000896566
0.802073	0.000766424
0.813569	0.000653599
0.82523	0.000556026
0.837058	0.000471852
0.849055	0.00039942
0.861225	0.000337249
0.873569	0.000284024
0.88609	0.000238576
0.89879	0.000199871
0.911673	0.000166998
0.92474	0.000139153
0.937994	0.000115632
0.951439	9.58191e-05
0.965076	7.91769e-05
0.978908	6.5238e-05
0.992939	5.35971e-05
1.00717	4.3904e-05
1.02161	3.58567e-05
1.03625	2.9196e-05
1.0511	2.36998e-05
1.06617	1.91787e-05
1.08145	1.54712e-05
1.09695	1.24406e-05
1.11267	9.97142e-06
1.12862	7.96614e-06
1.1448	6.34301e-06
1.16121	5.03362e-06
1.17785	3.98092e-06
1.19473	3.1375e-06
1.21186	2.46412e-06
1.22923	1.92839e-06
1.24684	1.50371e-06
1.26472	1.16829e-06
1.28284	9.04332e-07
1.30123	6.97392e-07
1.31988	5.35766e-07
1.3388	4.10016e-07
1.35799	3.12558e-07
1.37745	2.37324e-07
1.3972	1.79478e-07
1.41722	1.3518e-07
1.43753	1.01397e-07
1.45814	7.57402e-08
1.47904	5.63362e-08
1.50024	4.1724e-08
1.52174	3.07677e-08
1.54355	2.25886e-08
1.56568	1.65099e-08
1.58812	1.20124e-08
1.61088	8.70012e-09
1.63397	6.27189e-09
1.65739	4.50011e-09
1.68114	3.21346e-09
1.70524	2.28359e-09
1.72968	1.61485e-09
1.75447	1.13627e-09
1.77962	7.95506e-10
1.80513	5.54093e-10
1.831	3.83945e-10
1.85725	2.64651e-10
1.88387	1.81454e-10
1.91087	1.23742e-10
1.93826	8.39261e-11
1.96604	5.66076e-11
1.99422	3.79666e-11
2.0228	2.53193e-11
2.05179	1.67857e-11
2.0812	1.10643e-11
2.11103	7.25049e-12
2.14129	4.72438e-12
2.17198	3.05848e-12
2.20311	1.96764e-12
2.23469	1.25767e-12
2.26672	7.98655e-13
2.29921	5.04908e-13
2.33216	3.16914e-13
2.36559	1.96807e-13
2.3995	1.21138e-13
2.43389	7.44603e-14
2.46877	4.61585e-14
2.50416	2.72729e-14
2.54005	1.7039e-14
2.57646	1.02931e-14
2.61339	6.0272e-15
2.65084	3.31027e-15
2.68884	2.19587e-15
2.72738	7.53625e-16
2.76647	1.42625e-15
2.80612	1.14233e-15
2.84634	1.18911e-15
2.88714	6.06739e-17
2.92852	-6.13171e-16
2.9705	-3.90505e-16
3.01307	1.84006e-16
3.05626	6.48545e-16
3.10007	1.35634e-16
3.1445	-9.3429e-16
3.18957	1.24286e-16
3.23529	1.39474e-15
3.28166	2.22618e-16
3.32869	-5.46788e-16
3.37641	-7.61685e-17
3.4248	-3.82605e-16
3.47389	-7.8563e-17
3.52368	-2.59741e-16
3.57418	6.90005e-16
3.62541	9.06872e-17
3.67738	-3.44167e-16
3.73009	-2.82593e-16
3.78355	2.66919e-16
3.83778	6.52428e-16
3.89279	9.4585e-17
3.94858	5.74635e-18
4.00518	-4.85025e-16
4.06258	3.85959e-17
4.12081	1.25917e-15
4.17988	6.32072e-16
4.23979	1.32793e-16
4.30056	-3.50482e-16
4.3622	1.37075e-16
4.42472	6.55645e-17
4.48814	-4.52448e-16
4.55247	1.60218e-17
4.61772	-3.59451e-16
4.68391	-9.132e-16
4.75104	6.79633e-16
4.81914	1.37075e-17
4.88821	-3.47177e-16
4.95828	-2.16967e-16
5.02935	6.14671e-16
5.10143	1.17355e-16
5.17455	-8.54187e-17
5.24872	6.13949e-16
5.32395	-1.90488e-17
5.40026	-6.49399e-16
5.47766	8.13889e-16
5.55617	-2.92887e-16
5.63581	-1.76942e-17
5.71659	4.87422e-16
5.79852	3.16025e-16
5.88164	-9.5174e-16
5.96594	8.02706e-16
6.05145	-1.42427e-16
6.13818	-8.10934e-16
6.22616	1.08402e-15
6.3154	3.89054e-16
6.40592	1.441e-17
6.49774	4.04675e-16
6.59087	4.80764e-17
6.68534	3.57803e-16
6.78116	1.35175e-16
6.87836	-1.94843e-16
6.97695	-1.00991e-15
7.07695	1.22134e-15
7.17838	-6.93853e-16
7.28127	5.59721e-16
7.38563	-6.15167e-16
7.49149	3.62693e-16
7.59887	-1.23039e-16
7.70778	6.95877e-17
7.81826	-4.01855e-17
7.93032	2.8962e-17
8.04399	-1.24128e-17
8.15928	9.52633e-19
8.27623	-1.15946e-18
8.39485	1.47045e-18
8.51518	-2.76668e-19
8.63723	7.0687e-20
8.76103	-2.16594e-21
8.8866	8.35493e-21
9.01397	-5.18229e-21
9.14317	6.21598e-22
9.27422	-4.34522e-23
9.40715	8.06597e-23
9.54198	-1.43805e-23
9.67875	2.26825e-24
9.81748	-6.78029e-26
9.95819	4.5694e-26
10.1009	-1.67104e-26
10.2457	5.02537e-27
10.3926	-1.02714e-27
10.5415	-4.86647e-29
10.6926	5.81936e-30
10.8459	5.27477e-31
11.0013	5.20747e-31
11.159	5.13784e-32
11.3189	-1.66787e-32
11.4812	-3.37214e-34
11.6457	-2.38174e-34
11.8127	4.74321e-35
11.982	-1.95598e-36
12.1537	4.3548e-38
12.3279	-1.16817e-38
12.5046	4.38489e-39
12.6838	-6.67489e-40
12.8656	-3.0195e-41
13.05	-3.3371e-42
13.2371	-2.36302e-43
13.4268	-3.50124e-44
13.6193	1.61424e-45
13.8145	-1.42697e-46
14.0125	2.86393e-47
14.2133	-1.49763e-48
14.417	9.74598e-50
14.6237	-4.36216e-51
14.8333	-6.58211e-53
15.0459	-2.38979e-53
15.2615	9.98377e-55
15.4803	-2.72716e-55
15.7022	-8.00412e-57
15.9272	6.88267e-58
16.1555	1.19609e-58
16.3871	-2.01686e-60
16.622	2.57814e-62
16.8602	-1.6842e-62
17.1019	2.45744e-65
17.347	-5.075e-65
17.5956	-1.49072e-66
17.8478	-1.17206e-67
18.1036	-1.22432e-69
18.3631	1.46138e-70
18.6263	1.7824e-72
18.8933	-1.6748e-73
19.1641	1.50452e-75
19.4388	2.62482e-76
19.7174	-2.33866e-78
