3.29381e-06	8.95999e-38
6.58762e-06	2.86719e-36
9.88142e-06	2.71487e-35
1.31752e-05	1.41926e-34
1.6469e-05	5.22811e-34
1.97628e-05	1.53106e-33
2.30567e-05	3.81518e-33
2.63505e-05	8.43507e-33
2.96443e-05	1.70088e-32
3.29381e-05	3.18818e-32
3.62319e-05	5.6319e-32
3.95257e-05	9.47188e-32
4.28195e-05	1.5285e-31
4.61133e-05	2.38113e-31
4.94071e-05	3.59819e-31
5.27009e-05	5.29496e-31
5.59947e-05	7.61217e-31
5.92885e-05	1.07195e-30
6.25823e-05	1.48192e-30
6.58762e-05	2.01502e-30
6.917e-05	2.69923e-30
7.24638e-05	3.56703e-30
7.57576e-05	4.65588e-30
7.90514e-05	6.00872e-30
8.23452e-05	7.67445e-30
8.5639e-05	9.70847e-30
8.89328e-05	1.21732e-29
9.22266e-05	1.51388e-29
9.55204e-05	1.86836e-29
9.88142e-05	2.28946e-29
0.000102108	2.78686e-29
0.000105402	3.37122e-29
0.000108696	4.05433e-29
0.000111989	4.84909e-29
0.000115283	5.76964e-29
0.000118577	6.83145e-29
0.000121871	8.05134e-29
0.000125165	9.4476e-29
0.000128458	1.10401e-28
0.000131752	1.28502e-28
0.000135046	1.49012e-28
0.00013834	1.7218e-28
0.000141634	1.98275e-28
0.000144928	2.27586e-28
0.000148221	2.60422e-28
0.000151515	2.97115e-28
0.000154809	3.38018e-28
0.000158103	3.83509e-28
0.000161397	4.33992e-28
0.00016469	4.89895e-28
0.000167984	5.51674e-28
0.000171278	6.19812e-28
0.000174572	6.94824e-28
0.000177866	7.77253e-28
0.000181159	8.67674e-28
0.000184453	9.66695e-28
0.000187747	1.07496e-27
0.000191041	1.19314e-27
0.000194335	1.32196e-27
0.000197628	1.46217e-27
0.000200922	1.61455e-27
0.000204216	1.77994e-27
0.00020751	1.95922e-27
0.000210804	2.15329e-27
0.000214097	2.36313e-27
0.000217391	2.58974e-27
0.000220685	2.83417e-27
0.000223979	3.09753e-27
0.000227273	3.38097e-27
0.00023053	3.68223e-27
0.000233834	4.01032e-27
0.000237186	4.36765e-27
0.000240586	4.7568e-27
0.000244034	5.18062e-27
0.000247532	5.6422e-27
0.00025108	6.14489e-27
0.000254678	6.69237e-27
0.000258329	7.28862e-27
0.000262031	7.93798e-27
0.000265787	8.64519e-27
0.000269597	9.41541e-27
0.000273461	1.02542e-26
0.00027738	1.11678e-26
0.000281356	1.21627e-26
0.000285389	1.32463e-26
0.000289479	1.44264e-26
0.000293628	1.57116e-26
0.000297837	1.71113e-26
0.000302106	1.86356e-26
0.000306436	2.02958e-26
0.000310828	2.21039e-26
0.000315283	2.4073e-26
0.000319802	2.62175e-26
0.000324386	2.8553e-26
0.000329036	3.10966e-26
0.000333752	3.38668e-26
0.000338536	3.68837e-26
0.000343388	4.01694e-26
0.00034831	4.37477e-26
0.000353302	4.76447e-26
0.000358366	5.18889e-26
0.000363502	5.65111e-26
0.000368712	6.1545e-26
0.000373997	6.70273e-26
0.000379358	7.29979e-26
0.000384795	7.95003e-26
0.000390311	8.65819e-26
0.000395905	9.42942e-26
0.000401579	1.02693e-25
0.000407335	1.11841e-25
0.000413174	1.21803e-25
0.000419096	1.32652e-25
0.000425103	1.44468e-25
0.000431196	1.57336e-25
0.000437376	1.71349e-25
0.000443645	1.86612e-25
0.000450004	2.03233e-25
0.000456454	2.21335e-25
0.000462996	2.41048e-25
0.000469632	2.62518e-25
0.000476364	2.85899e-25
0.000483192	3.11363e-25
0.000490117	3.39094e-25
0.000497142	3.69295e-25
0.000504268	4.02186e-25
0.000511495	4.38006e-25
0.000518827	4.77015e-25
0.000526263	5.19498e-25
0.000533806	5.65765e-25
0.000541457	6.16151e-25
0.000549218	6.71024e-25
0.00055709	7.30784e-25
0.000565075	7.95865e-25
0.000573174	8.66741e-25
0.000581389	9.43928e-25
0.000589723	1.02799e-24
0.000598175	1.11953e-24
0.000606749	1.21923e-24
0.000615445	1.3278e-24
0.000624267	1.44604e-24
0.000633214	1.57481e-24
0.00064229	1.71504e-24
0.000651496	1.86776e-24
0.000660834	2.03408e-24
0.000670306	2.2152e-24
0.000679914	2.41245e-24
0.000689659	2.62726e-24
0.000699544	2.86119e-24
0.000709571	3.11595e-24
0.000719741	3.3934e-24
0.000730057	3.69554e-24
0.000740521	4.02457e-24
0.000751135	4.3829e-24
0.000761901	4.77313e-24
0.000772822	5.1981e-24
0.000783898	5.66089e-24
0.000795134	6.16488e-24
0.000806531	6.71374e-24
0.000818091	7.31145e-24
0.000829817	7.96236e-24
0.000841711	8.67121e-24
0.000853775	9.44316e-24
0.000866012	1.02838e-23
0.000878425	1.11993e-23
0.000891015	1.21962e-23
0.000903786	1.32819e-23
0.000916741	1.44642e-23
0.00092988	1.57518e-23
0.000943208	1.71539e-23
0.000956728	1.86808e-23
0.00097044	2.03436e-23
0.00098435	2.21544e-23
0.000998459	2.41263e-23
0.00101277	2.62737e-23
0.00102729	2.86122e-23
0.00104201	3.11587e-23
0.00105695	3.39319e-23
0.00107209	3.69518e-23
0.00108746	4.02404e-23
0.00110305	4.38217e-23
0.00111886	4.77215e-23
0.00113489	5.19684e-23
0.00115116	5.65931e-23
0.00116766	6.16292e-23
0.0011844	6.71134e-23
0.00120137	7.30855e-23
0.00121859	7.95889e-23
0.00123606	8.66708e-23
0.00125378	9.43827e-23
0.00127175	1.02781e-22
0.00128997	1.11925e-22
0.00130846	1.21884e-22
0.00132722	1.32728e-22
0.00134624	1.44537e-22
0.00136554	1.57395e-22
0.00138511	1.71398e-22
0.00140496	1.86646e-22
0.0014251	2.0325e-22
0.00144553	2.21331e-22
0.00146624	2.41019e-22
0.00148726	2.62459e-22
0.00150858	2.85805e-22
0.0015302	3.11226e-22
0.00155213	3.38909e-22
0.00157438	3.69052e-22
0.00159695	4.01876e-22
0.00161983	4.37618e-22
0.00164305	4.76538e-22
0.0016666	5.18918e-22
0.00169049	5.65066e-22
0.00171472	6.15316e-22
0.0017393	6.70033e-22
0.00176423	7.29614e-22
0.00178951	7.9449e-22
0.00181516	8.65134e-22
0.00184118	9.42056e-22
0.00186757	1.02581e-21
0.00189434	1.11702e-21
0.00192149	1.21633e-21
0.00194903	1.32446e-21
0.00197697	1.4422e-21
0.0020053	1.57041e-21
0.00203404	1.71e-21
0.0020632	1.862e-21
0.00209277	2.02751e-21
0.00212277	2.20772e-21
0.00215319	2.40394e-21
0.00218405	2.61759e-21
0.00221536	2.85022e-21
0.00224711	3.10352e-21
0.00227932	3.37931e-21
0.00231199	3.6796e-21
0.00234513	4.00656e-21
0.00237874	4.36256e-21
0.00241283	4.75018e-21
0.00244742	5.17221e-21
0.0024825	5.63172e-21
0.00251808	6.13204e-21
0.00255417	6.67678e-21
0.00259078	7.26988e-21
0.00262791	7.91564e-21
0.00266558	8.61872e-21
0.00270379	9.38422e-21
0.00274254	1.02177e-20
0.00278185	1.11251e-20
0.00282172	1.21131e-20
0.00286217	1.31887e-20
0.00290319	1.43598e-20
0.0029448	1.56348e-20
0.00298701	1.7023e-20
0.00302982	1.85343e-20
0.00307325	2.01798e-20
0.0031173	2.19712e-20
0.00316198	2.39215e-20
0.0032073	2.60448e-20
0.00325327	2.83565e-20
0.0032999	3.08732e-20
0.0033472	3.36131e-20
0.00339517	3.6596e-20
0.00344384	3.98434e-20
0.0034932	4.33788e-20
0.00354327	4.72276e-20
0.00359405	5.14176e-20
0.00364557	5.59791e-20
0.00369782	6.09449e-20
0.00375082	6.63509e-20
0.00380458	7.2236e-20
0.00385911	7.86427e-20
0.00391443	8.56172e-20
0.00397053	9.32096e-20
0.00402744	1.01475e-19
0.00408517	1.10472e-19
0.00414372	1.20267e-19
0.00420311	1.30929e-19
0.00426336	1.42535e-19
0.00432446	1.55169e-19
0.00438645	1.68922e-19
0.00444932	1.83894e-19
0.00451309	2.0019e-19
0.00457778	2.17929e-19
0.00464339	2.37239e-19
0.00470994	2.58258e-19
0.00477745	2.81137e-19
0.00484593	3.06042e-19
0.00491539	3.33149e-19
0.00498584	3.62656e-19
0.0050573	3.94773e-19
0.00512979	4.29731e-19
0.00520331	4.67781e-19
0.00527789	5.09197e-19
0.00535354	5.54276e-19
0.00543028	6.0334e-19
0.00550811	6.56743e-19
0.00558706	7.14866e-19
0.00566714	7.78128e-19
0.00574836	8.46981e-19
0.00583076	9.2192e-19
0.00591433	1.00348e-18
0.0059991	1.09225e-18
0.00608509	1.18886e-18
0.0061723	1.294e-18
0.00626077	1.40843e-18
0.00635051	1.53296e-18
0.00644153	1.66849e-18
0.00653386	1.81599e-18
0.00662751	1.97651e-18
0.0067225	2.15119e-18
0.00681886	2.34129e-18
0.00691659	2.54817e-18
0.00701573	2.7733e-18
0.00711628	3.01829e-18
0.00721828	3.28489e-18
0.00732174	3.575e-18
0.00742669	3.8907e-18
0.00753313	4.23423e-18
0.00764111	4.60804e-18
0.00775063	5.01479e-18
0.00786172	5.4574e-18
0.0079744	5.939e-18
0.0080887	6.46303e-18
0.00820464	7.03322e-18
0.00832223	7.65363e-18
0.00844152	8.32867e-18
0.00856251	9.06314e-18
0.00868524	9.86226e-18
0.00880973	1.07317e-17
0.008936	1.16777e-17
0.00906408	1.27069e-17
0.00919399	1.38266e-17
0.00932577	1.50448e-17
0.00945944	1.63701e-17
0.00959502	1.78119e-17
0.00973255	1.93805e-17
0.00987205	2.10869e-17
0.0100135	2.29432e-17
0.0101571	2.49627e-17
0.0103027	2.71595e-17
0.0104503	2.95492e-17
0.0106001	3.21487e-17
0.010752	3.49764e-17
0.0109061	3.80522e-17
0.0110625	4.13979e-17
0.011221	4.50371e-17
0.0113819	4.89955e-17
0.011545	5.33009e-17
0.0117105	5.79838e-17
0.0118783	6.30771e-17
0.0120486	6.86168e-17
0.0122213	7.46417e-17
0.0123964	8.11942e-17
0.0125741	8.83206e-17
0.0127543	9.60707e-17
0.0129372	1.04499e-16
0.0131226	1.13665e-16
0.0133107	1.23633e-16
0.0135015	1.34472e-16
0.013695	1.46259e-16
0.0138913	1.59077e-16
0.0140904	1.73014e-16
0.0142923	1.88169e-16
0.0144972	2.04648e-16
0.014705	2.22566e-16
0.0149157	2.42047e-16
0.0151295	2.63229e-16
0.0153464	2.86258e-16
0.0155663	3.11296e-16
0.0157895	3.38517e-16
0.0160158	3.68111e-16
0.0162453	4.00283e-16
0.0164782	4.35258e-16
0.0167144	4.73279e-16
0.0169539	5.1461e-16
0.0171969	5.59537e-16
0.0174434	6.08374e-16
0.0176934	6.61457e-16
0.017947	7.19157e-16
0.0182043	7.81871e-16
0.0184652	8.50034e-16
0.0187299	9.24118e-16
0.0189983	1.00463e-15
0.0192706	1.09214e-15
0.0195468	1.18724e-15
0.019827	1.29058e-15
0.0201112	1.40289e-15
0.0203994	1.52493e-15
0.0206918	1.65754e-15
0.0209884	1.80164e-15
0.0212892	1.95821e-15
0.0215944	2.12833e-15
0.0219039	2.31317e-15
0.0222178	2.514e-15
0.0225363	2.73218e-15
0.0228593	2.96922e-15
0.0231869	3.22672e-15
0.0235193	3.50646e-15
0.0238564	3.81034e-15
0.0241983	4.14043e-15
0.0245452	4.49898e-15
0.024897	4.88843e-15
0.0252538	5.31143e-15
0.0256158	5.77086e-15
0.0259829	6.26983e-15
0.0263554	6.81173e-15
0.0267331	7.40022e-15
0.0271163	8.0393e-15
0.0275049	8.73327e-15
0.0278992	9.48684e-15
0.028299	1.03051e-14
0.0287047	1.11935e-14
0.0291161	1.21581e-14
0.0295334	1.32054e-14
0.0299567	1.43424e-14
0.0303861	1.55767e-14
0.0308216	1.69167e-14
0.0312634	1.83712e-14
0.0317115	1.99501e-14
0.032166	2.16639e-14
0.0326271	2.3524e-14
0.0330947	2.55428e-14
0.0335691	2.77338e-14
0.0340502	3.01116e-14
0.0345382	3.2692e-14
0.0350333	3.5492e-14
0.0355354	3.85304e-14
0.0360448	4.18271e-14
0.0365614	4.54041e-14
0.0370854	4.92849e-14
0.037617	5.34952e-14
0.0381561	5.80626e-14
0.038703	6.30174e-14
0.0392578	6.83919e-14
0.0398205	7.42216e-14
0.0403912	8.05447e-14
0.0409701	8.74025e-14
0.0415574	9.48399e-14
0.042153	1.02906e-13
0.0427572	1.11652e-13
0.0433701	1.21136e-13
0.0439917	1.3142e-13
0.0446222	1.42569e-13
0.0452618	1.54658e-13
0.0459105	1.67763e-13
0.0465686	1.81969e-13
0.0472361	1.97369e-13
0.0479131	2.14062e-13
0.0485998	2.32154e-13
0.0492964	2.51763e-13
0.050003	2.73014e-13
0.0507197	2.96043e-13
0.0514467	3.20998e-13
0.0521841	3.48038e-13
0.052932	3.77336e-13
0.0536907	4.09077e-13
0.0544602	4.43465e-13
0.0552408	4.80717e-13
0.0560326	5.21069e-13
0.0568357	5.64777e-13
0.0576504	6.12116e-13
0.0584767	6.63385e-13
0.0593148	7.18906e-13
0.060165	7.7903e-13
0.0610273	8.44131e-13
0.0619021	9.14619e-13
0.0627893	9.90934e-13
0.0636893	1.07355e-12
0.0646021	1.16299e-12
0.0655281	1.25979e-12
0.0664673	1.36458e-12
0.06742	1.47798e-12
0.0683863	1.60071e-12
0.0693665	1.73352e-12
0.0703608	1.87723e-12
0.0713692	2.03272e-12
0.0723922	2.20095e-12
0.0734298	2.38294e-12
0.0744823	2.57981e-12
0.0755498	2.79276e-12
0.0766327	3.02309e-12
0.0777311	3.27219e-12
0.0788452	3.54158e-12
0.0799753	3.83287e-12
0.0811216	4.14785e-12
0.0822843	4.48839e-12
0.0834637	4.85655e-12
0.08466	5.25454e-12
0.0858735	5.68474e-12
0.0871043	6.14972e-12
0.0883528	6.65225e-12
0.0896191	7.19532e-12
0.0909037	7.78216e-12
0.0922066	8.41625e-12
0.0935282	9.10132e-12
0.0948687	9.84143e-12
0.0962285	1.06409e-11
0.0976078	1.15045e-11
0.0990068	1.24372e-11
0.100426	1.34445e-11
0.101865	1.45323e-11
0.103325	1.57069e-11
0.104806	1.69751e-11
0.106308	1.83443e-11
0.107832	1.98223e-11
0.109378	2.14177e-11
0.110946	2.31398e-11
0.112536	2.49982e-11
0.114149	2.70038e-11
0.115785	2.9168e-11
0.117444	3.1503e-11
0.119128	3.40222e-11
0.120835	3.67399e-11
0.122567	3.96714e-11
0.124324	4.28333e-11
0.126106	4.62434e-11
0.127913	4.99209e-11
0.129747	5.38863e-11
0.131606	5.81619e-11
0.133493	6.27714e-11
0.135406	6.77406e-11
0.137347	7.3097e-11
0.139315	7.88702e-11
0.141312	8.50922e-11
0.143338	9.17973e-11
0.145392	9.90223e-11
0.147476	1.06807e-10
0.14959	1.15193e-10
0.151734	1.24228e-10
0.153909	1.3396e-10
0.156115	1.44441e-10
0.158352	1.55729e-10
0.160622	1.67885e-10
0.162924	1.80975e-10
0.16526	1.95068e-10
0.167628	2.1024e-10
0.170031	2.26573e-10
0.172468	2.44153e-10
0.17494	2.63075e-10
0.177447	2.83439e-10
0.179991	3.05353e-10
0.182571	3.28933e-10
0.185187	3.54303e-10
0.187842	3.81597e-10
0.190534	4.10959e-10
0.193265	4.42542e-10
0.196035	4.76512e-10
0.198845	5.13045e-10
0.201695	5.52332e-10
0.204586	5.94577e-10
0.207518	6.4e-10
0.210493	6.88834e-10
0.21351	7.41333e-10
0.21657	7.97766e-10
0.219674	8.58423e-10
0.222823	9.23616e-10
0.226016	9.93677e-10
0.229256	1.06897e-09
0.232542	1.14987e-09
0.235875	1.23679e-09
0.239256	1.33017e-09
0.242685	1.43049e-09
0.246163	1.53826e-09
0.249692	1.65401e-09
0.253271	1.77834e-09
0.256901	1.91186e-09
0.260583	2.05525e-09
0.264318	2.20922e-09
0.268106	2.37455e-09
0.271949	2.55206e-09
0.275847	2.74264e-09
0.279801	2.94723e-09
0.283811	3.16686e-09
0.287879	3.4026e-09
0.292005	3.65564e-09
0.296191	3.92722e-09
0.300436	4.21869e-09
0.304742	4.53148e-09
0.30911	4.86713e-09
0.313541	5.22729e-09
0.318035	5.61374e-09
0.322593	6.02838e-09
0.327217	6.47322e-09
0.331907	6.95046e-09
0.336664	7.46242e-09
0.34149	8.0116e-09
0.346384	8.60068e-09
0.351349	9.23254e-09
0.356385	9.91024e-09
0.361493	1.06371e-08
0.366674	1.14166e-08
0.37193	1.22525e-08
0.377261	1.3149e-08
0.382668	1.41103e-08
0.388153	1.5141e-08
0.393716	1.62463e-08
0.39936	1.74313e-08
0.405084	1.87018e-08
0.41089	2.00639e-08
0.416779	2.15243e-08
0.422753	2.30898e-08
0.428812	2.4768e-08
0.434958	2.6567e-08
0.441193	2.84955e-08
0.447516	3.05625e-08
0.453931	3.27781e-08
0.460437	3.51529e-08
0.467036	3.76982e-08
0.47373	4.04261e-08
0.480521	4.33499e-08
0.487408	4.64833e-08
0.494394	4.98413e-08
0.50148	5.34401e-08
0.508668	5.72968e-08
0.515959	6.14298e-08
0.523354	6.58588e-08
0.530855	7.0605e-08
0.538464	7.5691e-08
0.546182	8.11412e-08
0.55401	8.69815e-08
0.561951	9.32399e-08
0.570006	9.99463e-08
0.578176	1.07133e-07
0.586463	1.14833e-07
0.594868	1.23086e-07
0.603395	1.31928e-07
0.612043	1.41405e-07
0.620816	1.51559e-07
0.629714	1.62441e-07
0.63874	1.74103e-07
0.647895	1.866e-07
0.657181	1.99993e-07
0.666601	2.14347e-07
0.676155	2.2973e-07
0.685847	2.46216e-07
0.695677	2.63886e-07
0.705648	2.82825e-07
0.715762	3.03125e-07
0.726021	3.24884e-07
0.736428	3.48207e-07
0.746983	3.73209e-07
0.757689	4.00011e-07
0.768549	4.28743e-07
0.779565	4.59547e-07
0.790739	4.92574e-07
0.802073	5.27985e-07
0.813569	5.65955e-07
0.82523	6.06671e-07
0.837058	6.50334e-07
0.849055	6.97161e-07
0.861225	7.47385e-07
0.873569	8.01255e-07
0.88609	8.5904e-07
0.89879	9.21031e-07
0.911673	9.87539e-07
0.92474	1.0589e-06
0.937994	1.13547e-06
0.951439	1.21764e-06
0.965076	1.30583e-06
0.978908	1.4005e-06
0.992939	1.50211e-06
1.00717	1.6112e-06
1.02161	1.72833e-06
1.03625	1.8541e-06
1.0511	1.98917e-06
1.06617	2.13423e-06
1.08145	2.29006e-06
1.09695	2.45746e-06
1.11267	2.63731e-06
1.12862	2.83057e-06
1.1448	3.03825e-06
1.16121	3.26147e-06
1.17785	3.5014e-06
1.19473	3.75934e-06
1.21186	4.03666e-06
1.22923	4.33486e-06
1.24684	4.65554e-06
1.26472	5.00045e-06
1.28284	5.37145e-06
1.30123	5.77057e-06
1.31988	6.19999e-06
1.3388	6.66205e-06
1.35799	7.1593e-06
1.37745	7.69446e-06
1.3972	8.27051e-06
1.41722	8.89062e-06
1.43753	9.55823e-06
1.45814	1.02771e-05
1.47904	1.10511e-05
1.50024	1.18847e-05
1.52174	1.27825e-05
1.54355	1.37496e-05
1.56568	1.47913e-05
1.58812	1.59137e-05
1.61088	1.71229e-05
1.63397	1.84258e-05
1.65739	1.98298e-05
1.68114	2.13429e-05
1.70524	2.29736e-05
1.72968	2.47313e-05
1.75447	2.66259e-05
1.77962	2.86683e-05
1.80513	3.08701e-05
1.831	3.32438e-05
1.85725	3.58032e-05
1.88387	3.85628e-05
1.91087	4.15384e-05
1.93826	4.47471e-05
1.96604	4.82074e-05
1.99422	5.19391e-05
2.0228	5.59636e-05
2.05179	6.0304e-05
2.0812	6.49854e-05
2.11103	7.00346e-05
2.14129	7.54807e-05
2.17198	8.1355e-05
2.20311	8.76912e-05
2.23469	9.45258e-05
2.26672	0.000101898
2.29921	0.00010985
2.33216	0.000118428
2.36559	0.000127681
2.3995	0.000137662
2.43389	0.000148427
2.46877	0.00016004
2.50416	0.000172566
2.54005	0.000186076
2.57646	0.000200649
2.61339	0.000216366
2.65084	0.000233317
2.68884	0.0002516
2.72738	0.000271316
2.76647	0.000292579
2.80612	0.000315509
2.84634	0.000340234
2.88714	0.000366894
2.92852	0.000395639
2.9705	0.000426631
3.01307	0.000460043
3.05626	0.000496061
3.10007	0.000534886
3.1445	0.000576734
3.18957	0.000621836
3.23529	0.000670443
3.28166	0.000722821
3.32869	0.000779259
3.37641	0.000840066
3.4248	0.000905573
3.47389	0.000976137
3.52368	0.00105214
3.57418	0.00113399
3.62541	0.00122214
3.67738	0.00131705
3.73009	0.00141923
3.78355	0.00152922
3.83778	0.00164761
3.89279	0.00177502
3.94858	0.00191211
4.00518	0.00205962
4.06258	0.00221829
4.12081	0.00238896
4.17988	0.0025725
4.23979	0.00276985
4.30056	0.00298202
4.3622	0.00321008
4.42472	0.00345517
4.48814	0.00371853
4.55247	0.00400146
4.61772	0.00430536
4.68391	0.00463173
4.75104	0.00498214
4.81914	0.0053583
4.88821	0.00576202
4.95828	0.0061952
5.02935	0.00665992
5.10143	0.00715833
5.17455	0.00769277
5.24872	0.00826568
5.32395	0.00887969
5.40026	0.00953757
5.47766	0.0102423
5.55617	0.0109969
5.63581	0.0118048
5.71659	0.0126694
5.79852	0.0135945
5.88164	0.0145839
5.96594	0.0156418
6.05145	0.0167726
6.13818	0.0179808
6.22616	0.0192713
6.3154	0.0206492
6.40592	0.0221198
6.49774	0.0236887
6.59087	0.0253619
6.68534	0.0271454
6.78116	0.0290457
6.87836	0.0310695
6.97695	0.0332238
7.07695	0.0355159
7.17838	0.0379533
7.28127	0.0405439
7.38563	0.0432956
7.49149	0.0462169
7.59887	0.0493163
7.70778	0.0526025
7.81826	0.0560846
7.93032	0.0597717
8.04399	0.0636729
8.15928	0.0677977
8.27623	0.0721554
8.39485	0.0767555
8.51518	0.0816072
8.63723	0.0867196
8.76103	0.0921017
8.8866	0.0977621
9.01397	0.103709
9.14317	0.10995
9.27422	0.116492
9.40715	0.123342
9.54198	0.130504
9.67875	0.137983
9.81748	0.145782
9.95819	0.153902
10.1009	0.162342
10.2457	0.171101
10.3926	0.180174
10.5415	0.189554
10.6926	0.199231
10.8459	0.209194
11.0013	0.219425
11.159	0.229905
11.3189	0.240611
11.4812	0.251515
11.6457	0.262584
11.8127	0.273781
11.982	0.285064
12.1537	0.296383
12.3279	0.307684
12.5046	0.318907
12.6838	0.329984
12.8656	0.340842
13.05	0.3514
13.2371	0.36157
13.4268	0.371258
13.6193	0.380361
13.8145	0.388773
14.0125	0.396377
14.2133	0.403053
14.417	0.408674
14.6237	0.413109
14.8333	0.416224
15.0459	0.41788
15.2615	0.41794
15.4803	0.416263
15.7022	0.412715
15.9272	0.407162
16.1555	0.39948
16.3871	0.389551
16.622	0.377272
16.8602	0.362555
17.1019	0.345328
17.347	0.325544
17.5956	0.303182
17.8478	0.278249
18.1036	0.250786
18.3631	0.220874
18.6263	0.188633
18.8933	0.154228
19.1641	0.117872
19.4388	0.0798294
19.7174	0.0404156
