4.62963e-06	9.38532e-10
9.25926e-06	3.75411e-09
1.38889e-05	8.44666e-09
1.85185e-05	1.50161e-08
2.31481e-05	2.34622e-08
2.77778e-05	3.37848e-08
3.24074e-05	4.59837e-08
3.7037e-05	6.00585e-08
4.16667e-05	7.60089e-08
4.62963e-05	9.38347e-08
5.09259e-05	1.13535e-07
5.55556e-05	1.3511e-07
6.01852e-05	1.5856e-07
6.48148e-05	1.83882e-07
6.94444e-05	2.11078e-07
7.40741e-05	2.40147e-07
7.87037e-05	2.71088e-07
8.33333e-05	3.039e-07
8.7963e-05	3.38584e-07
9.25926e-05	3.75139e-07
9.72222e-05	4.13564e-07
0.000101852	4.5386e-07
0.000106481	4.96025e-07
0.000111111	5.40059e-07
0.000115741	5.85962e-07
0.00012037	6.33734e-07
0.000125	6.83375e-07
0.00012963	7.34882e-07
0.000134259	7.88258e-07
0.000138889	8.435e-07
0.000143519	9.00609e-07
0.000148148	9.59584e-07
0.000152778	1.02043e-06
0.000157407	1.08313e-06
0.000162037	1.1477e-06
0.000166667	1.21414e-06
0.000171296	1.28244e-06
0.000175926	1.35261e-06
0.000180556	1.42463e-06
0.000185185	1.49853e-06
0.000189815	1.57428e-06
0.000194444	1.6519e-06
0.000199074	1.73137e-06
0.000203704	1.81271e-06
0.000208333	1.89592e-06
0.000212963	1.98098e-06
0.000217593	2.0679e-06
0.000222222	2.15668e-06
0.000226852	2.24732e-06
0.000231481	2.33983e-06
0.000236111	2.43419e-06
0.000240741	2.5304e-06
0.00024537	2.62848e-06
0.00025	2.72842e-06
0.00025463	2.83021e-06
0.000259259	2.93386e-06
0.000263889	3.03936e-06
0.000268519	3.14672e-06
0.000273148	3.25594e-06
0.000277778	3.36701e-06
0.000282407	3.47994e-06
0.000287037	3.59472e-06
0.000291667	3.71136e-06
0.000296296	3.82985e-06
0.000300926	3.95019e-06
0.000305556	4.07239e-06
0.000310185	4.19644e-06
0.000314815	4.32234e-06
0.000319444	4.4501e-06
0.000324074	4.5797e-06
0.000328704	4.71116e-06
0.000333333	4.84446e-06
0.000337949	4.97922e-06
0.000342629	5.11771e-06
0.000347374	5.26006e-06
0.000352184	5.40635e-06
0.000357061	5.55671e-06
0.000362005	5.71125e-06
0.000367018	5.87008e-06
0.000372101	6.03332e-06
0.000377253	6.20109e-06
0.000382477	6.37352e-06
0.000387774	6.55074e-06
0.000393143	6.73288e-06
0.000398588	6.92007e-06
0.000404107	7.11247e-06
0.000409703	7.3102e-06
0.000415376	7.51342e-06
0.000421128	7.72228e-06
0.00042696	7.93694e-06
0.000432872	8.15755e-06
0.000438867	8.38429e-06
0.000444944	8.61731e-06
0.000451105	8.85681e-06
0.000457352	9.10294e-06
0.000463685	9.35591e-06
0.000470106	9.61589e-06
0.000476616	9.88308e-06
0.000483216	1.01577e-05
0.000489907	1.04399e-05
0.000496692	1.073e-05
0.000503569	1.1028e-05
0.000510543	1.13344e-05
0.000517613	1.16492e-05
0.00052478	1.19728e-05
0.000532047	1.23054e-05
0.000539415	1.26471e-05
0.000546884	1.29984e-05
0.000554457	1.33593e-05
0.000562135	1.37303e-05
0.00056992	1.41115e-05
0.000577812	1.45034e-05
0.000585813	1.4906e-05
0.000593925	1.53198e-05
0.00060215	1.57451e-05
0.000610488	1.61822e-05
0.000618942	1.66314e-05
0.000627513	1.7093e-05
0.000636202	1.75673e-05
0.000645012	1.80549e-05
0.000653944	1.85559e-05
0.000662999	1.90707e-05
0.00067218	1.95999e-05
0.000681489	2.01436e-05
0.000690926	2.07025e-05
0.000700493	2.12767e-05
0.000710193	2.18669e-05
0.000720028	2.24734e-05
0.000729999	2.30966e-05
0.000740107	2.37371e-05
0.000750356	2.43953e-05
0.000760747	2.50718e-05
0.000771281	2.57669e-05
0.000781962	2.64812e-05
0.00079279	2.72152e-05
0.000803768	2.79696e-05
0.000814899	2.87448e-05
0.000826183	2.95414e-05
0.000837624	3.036e-05
0.000849223	3.12012e-05
0.000860982	3.20657e-05
0.000872905	3.2954e-05
0.000884993	3.38668e-05
0.000897248	3.48049e-05
0.000909672	3.57688e-05
0.000922269	3.67594e-05
0.000935041	3.77772e-05
0.000947989	3.88232e-05
0.000961116	3.9898e-05
0.000974425	4.10025e-05
0.000987919	4.21374e-05
0.0010016	4.33036e-05
0.00101547	4.45019e-05
0.00102953	4.57333e-05
0.00104379	4.69986e-05
0.00105824	4.82988e-05
0.0010729	4.96348e-05
0.00108775	5.10076e-05
0.00110282	5.24182e-05
0.00111809	5.38676e-05
0.00113357	5.5357e-05
0.00114927	5.68873e-05
0.00116518	5.84598e-05
0.00118132	6.00755e-05
0.00119767	6.17357e-05
0.00121426	6.34416e-05
0.00123107	6.51943e-05
0.00124812	6.69953e-05
0.00126541	6.88457e-05
0.00128293	7.0747e-05
0.00130069	7.27006e-05
0.0013187	7.47078e-05
0.00133697	7.67701e-05
0.00135548	7.88891e-05
0.00137425	8.10663e-05
0.00139328	8.33032e-05
0.00141257	8.56015e-05
0.00143213	8.79629e-05
0.00145197	9.0389e-05
0.00147207	9.28817e-05
0.00149246	9.54427e-05
0.00151312	9.80739e-05
0.00153408	0.000100777
0.00155532	0.000103555
0.00157686	0.000106408
0.00159869	0.00010934
0.00162083	0.000112351
0.00164328	0.000115446
0.00166603	0.000118625
0.0016891	0.000121891
0.00171249	0.000125246
0.00173621	0.000128693
0.00176025	0.000132234
0.00178462	0.000135872
0.00180934	0.000139609
0.00183439	0.000143449
0.00185979	0.000147393
0.00188555	0.000151445
0.00191166	0.000155607
0.00193813	0.000159883
0.00196497	0.000164276
0.00199218	0.000168788
0.00201977	0.000173423
0.00204773	0.000178185
0.00207609	0.000183076
0.00210484	0.0001881
0.00213399	0.000193261
0.00216354	0.000198563
0.0021935	0.000204008
0.00222387	0.000209602
0.00225467	0.000215348
0.00228589	0.000221249
0.00231754	0.000227311
0.00234964	0.000233538
0.00238217	0.000239934
0.00241516	0.000246503
0.0024486	0.00025325
0.00248251	0.00026018
0.00251689	0.000267298
0.00255174	0.000274608
0.00258708	0.000282117
0.0026229	0.000289829
0.00265922	0.000297749
0.00269605	0.000305883
0.00273338	0.000314237
0.00277123	0.000322817
0.00280961	0.000331629
0.00284851	0.000340678
0.00288796	0.000349972
0.00292795	0.000359516
0.00296849	0.000369317
0.0030096	0.000379382
0.00305128	0.000389718
0.00309353	0.000400333
0.00313637	0.000411233
0.0031798	0.000422426
0.00322383	0.000433919
0.00326847	0.000445722
0.00331374	0.000457841
0.00335962	0.000470285
0.00340615	0.000483063
0.00345331	0.000496183
0.00350113	0.000509654
0.00354962	0.000523486
0.00359877	0.000537688
0.0036486	0.00055227
0.00369913	0.000567242
0.00375035	0.000582613
0.00380229	0.000598394
0.00385494	0.000614596
0.00390832	0.00063123
0.00396244	0.000648307
0.00401731	0.000665838
0.00407294	0.000683836
0.00412934	0.000702312
0.00418652	0.000721279
0.0042445	0.000740749
0.00430327	0.000760736
0.00436286	0.000781252
0.00442328	0.000802312
0.00448453	0.000823929
0.00454663	0.000846118
0.00460959	0.000868893
0.00467342	0.00089227
0.00473814	0.000916264
0.00480375	0.00094089
0.00487027	0.000966164
0.00493771	0.000992104
0.00500609	0.00101873
0.00507541	0.00104605
0.00514569	0.00107409
0.00521695	0.00110286
0.00528919	0.00113239
0.00536243	0.00116269
0.00543669	0.00119379
0.00551198	0.00122569
0.0055883	0.00125844
0.00566569	0.00129203
0.00574414	0.0013265
0.00582369	0.00136187
0.00590433	0.00139816
0.00598609	0.00143539
0.00606899	0.00147358
0.00615303	0.00151277
0.00623823	0.00155297
0.00632462	0.00159422
0.0064122	0.00163652
0.00650099	0.00167992
0.00659101	0.00172444
0.00668228	0.00177011
0.00677482	0.00181695
0.00686863	0.001865
0.00696375	0.00191428
0.00706018	0.00196482
0.00715795	0.00201666
0.00725707	0.00206982
0.00735756	0.00212434
0.00745944	0.00218025
0.00756274	0.00223759
0.00766747	0.00229638
0.00777364	0.00235667
0.00788129	0.00241848
0.00799043	0.00248187
0.00810107	0.00254685
0.00821325	0.00261348
0.00832699	0.00268179
0.0084423	0.00275182
0.0085592	0.00282361
0.00867773	0.0028972
0.00879789	0.00297264
0.00891972	0.00304997
0.00904324	0.00312923
0.00916847	0.00321046
0.00929543	0.00329373
0.00942415	0.00337906
0.00955465	0.00346651
0.00968696	0.00355612
0.0098211	0.00364795
0.0099571	0.00374205
0.010095	0.00383847
0.0102348	0.00393727
0.0103765	0.00403848
0.0105202	0.00414218
0.0106659	0.00424842
0.0108136	0.00435724
0.0109633	0.00446872
0.0111151	0.00458291
0.011269	0.00469987
0.0114251	0.00481966
0.0115833	0.00494234
0.0117437	0.00506798
0.0119063	0.00519664
0.0120712	0.00532839
0.0122384	0.0054633
0.0124078	0.00560142
0.0125797	0.00574283
0.0127539	0.00588761
0.0129305	0.00603582
0.0131095	0.00618753
0.0132911	0.00634282
0.0134751	0.00650176
0.0136617	0.00666444
0.0138509	0.00683091
0.0140427	0.00700128
0.0142371	0.0071756
0.0144343	0.00735398
0.0146342	0.00753647
0.0148368	0.00772318
0.0150423	0.00791418
0.0152506	0.00810956
0.0154618	0.00830941
0.0156759	0.0085138
0.0158929	0.00872284
0.016113	0.00893661
0.0163362	0.0091552
0.0165624	0.00937871
0.0167917	0.00960722
0.0170242	0.00984083
0.01726	0.0100796
0.017499	0.0103237
0.0177413	0.0105732
0.017987	0.0108282
0.0182361	0.0110888
0.0184886	0.011355
0.0187446	0.011627
0.0190042	0.0119049
0.0192674	0.0121888
0.0195342	0.0124788
0.0198047	0.012775
0.0200789	0.0130775
0.020357	0.0133864
0.0206388	0.0137017
0.0209246	0.0140237
0.0212144	0.0143525
0.0215082	0.014688
0.021806	0.0150305
0.022108	0.01538
0.0224141	0.0157366
0.0227245	0.0161005
0.0230392	0.0164717
0.0233582	0.0168505
0.0236817	0.0172367
0.0240096	0.0176307
0.0243421	0.0180324
0.0246792	0.018442
0.0250209	0.0188596
0.0253674	0.0192852
0.0257187	0.0197191
0.0260748	0.0201612
0.0264359	0.0206118
0.026802	0.0210708
0.0271731	0.0215384
0.0275494	0.0220146
0.0279309	0.0224997
0.0283177	0.0229936
0.0287098	0.0234964
0.0291074	0.0240083
0.0295104	0.0245293
0.0299191	0.0250595
0.0303334	0.025599
0.0307534	0.0261479
0.0311793	0.0267061
0.031611	0.0272739
0.0320488	0.0278512
0.0324926	0.0284381
0.0329425	0.0290347
0.0333987	0.029641
0.0338612	0.0302571
0.0343301	0.030883
0.0348055	0.0315188
0.0352875	0.0321644
0.0357761	0.0328199
0.0362715	0.0334854
0.0367738	0.0341607
0.037283	0.0348461
0.0377993	0.0355413
0.0383227	0.0362465
0.0388534	0.0369616
0.0393914	0.0376865
0.0399369	0.0384213
0.0404899	0.039166
0.0410506	0.0399203
0.0416191	0.0406844
0.0421954	0.0414581
0.0427797	0.0422413
0.0433721	0.043034
0.0439727	0.043836
0.0445816	0.0446472
0.045199	0.0454675
0.0458249	0.0462968
0.0464595	0.0471349
0.0471028	0.0479817
0.0477551	0.0488369
0.0484164	0.0497003
0.0490868	0.0505719
0.0497666	0.0514512
0.0504557	0.0523382
0.0511544	0.0532325
0.0518628	0.0541339
0.0525809	0.0550421
0.0533091	0.0559568
0.0540473	0.0568776
0.0547957	0.0578043
0.0555545	0.0587364
0.0563238	0.0596736
0.0571037	0.0606155
0.0578945	0.0615617
0.0586962	0.0625117
0.059509	0.0634651
0.060333	0.0644214
0.0611685	0.0653801
0.0620155	0.0663407
0.0628743	0.0673026
0.063745	0.0682653
0.0646277	0.0692281
0.0655226	0.0701906
0.06643	0.0711519
0.0673499	0.0721115
0.0682825	0.0730687
0.0692281	0.0740228
0.0701867	0.074973
0.0711586	0.0759185
0.072144	0.0768587
0.073143	0.0777926
0.0741559	0.0787195
0.0751828	0.0796384
0.0762239	0.0805485
0.0772794	0.0814489
0.0783495	0.0823387
0.0794345	0.0832168
0.0805344	0.0840822
0.0816497	0.084934
0.0827803	0.0857711
0.0839266	0.0865925
0.0850888	0.0873969
0.0862671	0.0881834
0.0874617	0.0889508
0.0886728	0.0896979
0.0899007	0.0904235
0.0911456	0.0911263
0.0924078	0.0918052
0.0936874	0.0924589
0.0949848	0.0930861
0.0963001	0.0936855
0.0976336	0.0942558
0.0989856	0.0947956
0.100356	0.0953035
0.101746	0.0957783
0.103155	0.0962184
0.104583	0.0966225
0.106032	0.0969891
0.1075	0.0973169
0.108989	0.0976043
0.110498	0.09785
0.112028	0.0980524
0.113579	0.09821
0.115152	0.0983215
0.116747	0.0983852
0.118363	0.0983998
0.120002	0.0983638
0.121664	0.0982757
0.123349	0.0981339
0.125057	0.0979372
0.126789	0.0976839
0.128544	0.0973727
0.130324	0.0970021
0.132129	0.0965707
0.133959	0.0960772
0.135814	0.0955202
0.137694	0.0948984
0.139601	0.0942103
0.141534	0.0934548
0.143494	0.0926307
0.145481	0.0917366
0.147496	0.0907715
0.149538	0.0897342
0.151609	0.0886236
0.153709	0.0874388
0.155837	0.0861787
0.157995	0.0848424
0.160183	0.0834292
0.162401	0.0819381
0.16465	0.0803685
0.16693	0.0787198
0.169242	0.0769913
0.171585	0.0751825
0.173961	0.0732931
0.17637	0.0713227
0.178812	0.0692711
0.181289	0.0671381
0.183799	0.0649237
0.186344	0.0626279
0.188925	0.0602509
0.191541	0.0577929
0.194193	0.0552542
0.196882	0.0526355
0.199609	0.0499372
0.202373	0.04716
0.205175	0.0443049
0.208016	0.0413727
0.210897	0.0383645
0.213817	0.0352816
0.216778	0.0321253
0.21978	0.028897
0.222823	0.0255984
0.225909	0.0222313
0.229037	0.0187975
0.232209	0.015299
0.235424	0.011738
0.238684	0.00811686
0.24199	0.004438
0.245341	0.000704029
0.248738	-0.00308232
0.252182	-0.00691815
0.255675	-0.0108004
0.259215	-0.014726
0.262805	-0.0186916
0.266444	-0.0226937
0.270133	-0.0267287
0.273874	-0.030793
0.277667	-0.0348827
0.281512	-0.0389937
0.28541	-0.043122
0.289362	-0.0472633
0.293369	-0.0514133
0.297432	-0.0555675
0.30155	-0.0597214
0.305726	-0.0638702
0.30996	-0.0680092
0.314252	-0.0721335
0.318604	-0.076238
0.323015	-0.0803178
0.327488	-0.0843678
0.332023	-0.0883826
0.336621	-0.0923572
0.341283	-0.096286
0.346008	-0.100164
0.3508	-0.103985
0.355658	-0.107745
0.360583	-0.111437
0.365576	-0.115056
0.370638	-0.118598
0.375771	-0.122055
0.380974	-0.125423
0.38625	-0.128697
0.391598	-0.13187
0.397021	-0.134938
0.402519	-0.137896
0.408093	-0.140737
0.413744	-0.143458
0.419473	-0.146052
0.425282	-0.148515
0.431171	-0.150843
0.437142	-0.153029
0.443195	-0.15507
0.449332	-0.156961
0.455555	-0.158698
0.461863	-0.160277
0.468259	-0.161693
0.474743	-0.162943
0.481317	-0.164022
0.487982	-0.164929
0.49474	-0.165658
0.501591	-0.166208
0.508536	-0.166575
0.515578	-0.166757
0.522718	-0.16675
0.529956	-0.166554
0.537295	-0.166166
0.544735	-0.165583
0.552279	-0.164806
0.559926	-0.163832
0.56768	-0.16266
0.575541	-0.161289
0.583511	-0.15972
0.591591	-0.157951
0.599783	-0.155982
0.608089	-0.153815
0.616509	-0.151448
0.625047	-0.148882
0.633702	-0.14612
0.642477	-0.14316
0.651374	-0.140006
0.660394	-0.136658
0.669539	-0.133117
0.67881	-0.129387
0.68821	-0.125469
0.69774	-0.121365
0.707402	-0.117078
0.717198	-0.112611
0.72713	-0.107966
0.737199	-0.103147
0.747407	-0.0981565
0.757757	-0.0929983
0.76825	-0.0876757
0.778889	-0.0821925
0.789674	-0.0765524
0.80061	-0.0707595
0.811696	-0.0648177
0.822936	-0.0587314
0.834332	-0.0525047
0.845885	-0.046142
0.857599	-0.0396479
0.869475	-0.0330269
0.881515	-0.0262838
0.893722	-0.0194231
0.906098	-0.0124498
0.918645	-0.00536876
0.931366	0.00181517
0.944263	0.00909697
0.957339	0.0164716
0.970596	0.023934
0.984036	0.0314792
0.997663	0.0391018
1.01148	0.0467969
1.02548	0.0545592
1.03969	0.0623836
1.05408	0.0702648
1.06868	0.0781977
1.08348	0.0861771
1.09848	0.0941979
1.11369	0.102255
1.12911	0.110343
1.14475	0.118456
1.1606	0.126591
1.17667	0.134741
1.19297	0.142901
1.20949	0.151068
1.22624	0.159234
1.24322	0.167397
1.26043	0.17555
1.27789	0.183689
1.29558	0.191809
1.31352	0.199905
1.33171	0.207973
1.35015	0.216008
1.36885	0.224005
1.3878	0.23196
1.40702	0.239868
1.42651	0.247725
1.44626	0.255527
1.46629	0.263269
1.48659	0.270947
1.50718	0.278557
1.52805	0.286094
1.54921	0.293555
1.57066	0.300936
1.59241	0.308233
1.61446	0.315441
1.63682	0.322558
1.65948	0.329579
1.68246	0.336501
1.70576	0.34332
1.72938	0.350032
1.75333	0.356635
1.77761	0.363124
1.80223	0.369497
1.82718	0.37575
1.85249	0.38188
1.87814	0.387883
1.90415	0.393758
1.93051	0.399499
1.95725	0.405105
1.98435	0.410573
2.01183	0.4159
2.03969	0.421082
2.06793	0.426118
2.09657	0.431004
2.1256	0.435739
2.15504	0.440318
2.18488	0.444741
2.21513	0.449005
2.24581	0.453106
2.27691	0.457044
2.30844	0.460815
2.3404	0.464418
2.37281	0.46785
2.40567	0.471111
2.43898	0.474196
2.47276	0.477106
2.507	0.479838
2.54171	0.482391
2.57691	0.484763
2.61259	0.486952
2.64877	0.488957
2.68545	0.490778
2.72264	0.492412
2.76034	0.493858
2.79857	0.495117
2.83732	0.496186
2.87661	0.497065
2.91644	0.497753
2.95683	0.49825
2.99777	0.498556
3.03929	0.498669
3.08137	0.498591
3.12404	0.49832
3.1673	0.497857
3.21116	0.497202
3.25563	0.496356
3.30071	0.495318
3.34642	0.494091
3.39276	0.492673
3.43974	0.491067
3.48737	0.489273
3.53567	0.487293
3.58463	0.485128
3.63426	0.482779
3.68459	0.480249
3.73561	0.477539
3.78734	0.474651
3.83979	0.471588
3.89296	0.468352
3.94687	0.464945
4.00152	0.461371
4.05694	0.457632
4.11311	0.453731
4.17007	0.449672
4.22782	0.445459
4.28636	0.441094
4.34572	0.436582
4.4059	0.431927
4.46691	0.427132
4.52876	0.422203
4.59148	0.417143
4.65506	0.411958
4.71952	0.406652
4.78487	0.40123
4.85113	0.395697
4.91831	0.390058
4.98641	0.384319
5.05546	0.378486
5.12547	0.372563
5.19645	0.366556
5.26841	0.360472
5.34136	0.354316
5.41533	0.348094
5.49031	0.341812
5.56634	0.335476
5.64342	0.329092
5.72157	0.322666
5.8008	0.316205
5.88113	0.309714
5.96257	0.3032
6.04514	0.296668
6.12885	0.290125
6.21372	0.283578
6.29976	0.277031
6.387	0.27049
6.47544	0.263963
6.56511	0.257453
6.65602	0.250968
6.74819	0.244512
6.84164	0.238092
6.93638	0.231711
7.03243	0.225376
7.12982	0.219091
7.22855	0.212862
7.32865	0.206692
7.43013	0.200587
7.53302	0.19455
7.63733	0.188586
7.74309	0.182699
7.85032	0.176893
7.95902	0.17117
8.06924	0.165534
8.18098	0.159989
8.29426	0.154538
8.40912	0.149182
8.52557	0.143924
8.64363	0.138768
8.76332	0.133714
8.88467	0.128764
9.0077	0.123921
9.13244	0.119185
9.2589	0.114558
9.38711	0.11004
9.5171	0.105633
9.64889	0.101337
9.78251	0.0971522
9.91797	0.0930792
10.0553	0.0891179
10.1946	0.0852681
10.3357	0.0815295
10.4788	0.0779015
10.624	0.0743837
10.7711	0.0709751
10.9202	0.0676748
11.0714	0.0644817
11.2248	0.0613947
11.3802	0.0584124
11.5378	0.0555334
11.6976	0.0527561
11.8595	0.0500788
12.0238	0.0474998
12.1903	0.0450173
12.3591	0.0426293
12.5302	0.0403338
12.7037	0.0381287
12.8796	0.0360119
13.058	0.0339813
13.2388	0.0320345
13.4221	0.0301692
13.608	0.0283831
13.7965	0.0266739
13.9875	0.025039
14.1812	0.0234761
14.3776	0.0219826
14.5767	0.0205561
14.7785	0.019194
14.9832	0.0178937
15.1906	0.0166528
15.401	0.0154685
15.6143	0.0143382
15.8305	0.0132594
16.0497	0.0122292
16.272	0.0112452
16.4973	0.0103044
16.7257	0.0094041
16.9573	0.00854154
17.1922	0.00771383
17.4302	0.00691804
17.6716	0.00615116
17.9163	0.00541012
18.1644	0.00469174
18.4159	0.00399273
18.671	0.00330963
18.9295	0.00263887
19.1916	0.00197666
19.4574	0.001319
19.7268	0.000661631
