4.62963e-06	8.77848e-16
9.25926e-06	7.02276e-15
1.38889e-05	2.37017e-14
1.85185e-05	5.61812e-14
2.31481e-05	1.09728e-13
2.77778e-05	1.89606e-13
3.24074e-05	3.01082e-13
3.7037e-05	4.49419e-13
4.16667e-05	6.39881e-13
4.62963e-05	8.77728e-13
5.09259e-05	1.16822e-12
5.55556e-05	1.51662e-12
6.01852e-05	1.92819e-12
6.48148e-05	2.40818e-12
6.94444e-05	2.96184e-12
7.40741e-05	3.59444e-12
7.87037e-05	4.31122e-12
8.33333e-05	5.11744e-12
8.7963e-05	6.01835e-12
9.25926e-05	7.01921e-12
9.72222e-05	8.12525e-12
0.000101852	9.34173e-12
0.000106481	1.06739e-11
0.000111111	1.2127e-11
0.000115741	1.37063e-11
0.00012037	1.5417e-11
0.000125	1.72644e-11
0.00012963	1.92537e-11
0.000134259	2.13902e-11
0.000138889	2.3679e-11
0.000143519	2.61256e-11
0.000148148	2.87349e-11
0.000152778	3.15124e-11
0.000157407	3.44633e-11
0.000162037	3.75928e-11
0.000166667	4.09061e-11
0.000171296	4.44084e-11
0.000175926	4.81051e-11
0.000180556	5.20012e-11
0.000185185	5.61022e-11
0.000189815	6.04131e-11
0.000194444	6.49393e-11
0.000199074	6.96859e-11
0.000203704	7.46582e-11
0.000208333	7.98614e-11
0.000212963	8.53008e-11
0.000217593	9.09814e-11
0.000222222	9.69087e-11
0.000226852	1.03088e-10
0.000231481	1.09524e-10
0.000236111	1.16222e-10
0.000240741	1.23188e-10
0.00024537	1.30427e-10
0.00025	1.37943e-10
0.00025463	1.45743e-10
0.000259259	1.53831e-10
0.000263889	1.62212e-10
0.000268519	1.70892e-10
0.000273148	1.79876e-10
0.000277778	1.8917e-10
0.000282407	1.98778e-10
0.000287037	2.08705e-10
0.000291667	2.18957e-10
0.000296296	2.2954e-10
0.000300926	2.40457e-10
0.000305556	2.51715e-10
0.000310185	2.63319e-10
0.000314815	2.75273e-10
0.000319444	2.87584e-10
0.000324074	3.00256e-10
0.000328704	3.13294e-10
0.000333333	3.26704e-10
0.000337949	3.40449e-10
0.000342629	3.54773e-10
0.000347374	3.69698e-10
0.000352184	3.85252e-10
0.000357061	4.01459e-10
0.000362005	4.18348e-10
0.000367018	4.35948e-10
0.000372101	4.54287e-10
0.000377253	4.73397e-10
0.000382477	4.93311e-10
0.000387774	5.14062e-10
0.000393143	5.35686e-10
0.000398588	5.58219e-10
0.000404107	5.81699e-10
0.000409703	6.06166e-10
0.000415376	6.31662e-10
0.000421128	6.5823e-10
0.00042696	6.85915e-10
0.000432872	7.14763e-10
0.000438867	7.44825e-10
0.000444944	7.7615e-10
0.000451105	8.08791e-10
0.000457352	8.42805e-10
0.000463685	8.78248e-10
0.000470106	9.15181e-10
0.000476616	9.53667e-10
0.000483216	9.93769e-10
0.000489907	1.03556e-09
0.000496692	1.0791e-09
0.000503569	1.12448e-09
0.000510543	1.17176e-09
0.000517613	1.22103e-09
0.00052478	1.27236e-09
0.000532047	1.32586e-09
0.000539415	1.3816e-09
0.000546884	1.43969e-09
0.000554457	1.50021e-09
0.000562135	1.56328e-09
0.00056992	1.629e-09
0.000577812	1.69748e-09
0.000585813	1.76884e-09
0.000593925	1.84319e-09
0.00060215	1.92067e-09
0.000610488	2.0014e-09
0.000618942	2.08552e-09
0.000627513	2.17318e-09
0.000636202	2.26451e-09
0.000645012	2.35969e-09
0.000653944	2.45886e-09
0.000662999	2.56219e-09
0.00067218	2.66987e-09
0.000681489	2.78206e-09
0.000690926	2.89897e-09
0.000700493	3.02078e-09
0.000710193	3.14771e-09
0.000720028	3.27997e-09
0.000729999	3.41778e-09
0.000740107	3.56138e-09
0.000750356	3.71101e-09
0.000760747	3.86691e-09
0.000771281	4.02936e-09
0.000781962	4.19863e-09
0.00079279	4.375e-09
0.000803768	4.55878e-09
0.000814899	4.75026e-09
0.000826183	4.94978e-09
0.000837624	5.15768e-09
0.000849223	5.3743e-09
0.000860982	5.6e-09
0.000872905	5.83518e-09
0.000884993	6.08022e-09
0.000897248	6.33554e-09
0.000909672	6.60158e-09
0.000922269	6.87877e-09
0.000935041	7.16759e-09
0.000947989	7.46852e-09
0.000961116	7.78207e-09
0.000974425	8.10877e-09
0.000987919	8.44918e-09
0.0010016	8.80385e-09
0.00101547	9.1734e-09
0.00102953	9.55844e-09
0.00104379	9.95962e-09
0.00105824	1.03776e-08
0.0010729	1.08131e-08
0.00108775	1.12669e-08
0.00110282	1.17397e-08
0.00111809	1.22323e-08
0.00113357	1.27456e-08
0.00114927	1.32803e-08
0.00116518	1.38375e-08
0.00118132	1.4418e-08
0.00119767	1.50228e-08
0.00121426	1.5653e-08
0.00123107	1.63096e-08
0.00124812	1.69936e-08
0.00126541	1.77064e-08
0.00128293	1.84489e-08
0.00130069	1.92226e-08
0.0013187	2.00286e-08
0.00133697	2.08684e-08
0.00135548	2.17434e-08
0.00137425	2.2655e-08
0.00139328	2.36047e-08
0.00141257	2.45942e-08
0.00143213	2.56251e-08
0.00145197	2.66991e-08
0.00147207	2.78181e-08
0.00149246	2.89839e-08
0.00151312	3.01985e-08
0.00153408	3.14639e-08
0.00155532	3.27822e-08
0.00157686	3.41556e-08
0.00159869	3.55865e-08
0.00162083	3.70772e-08
0.00164328	3.86303e-08
0.00166603	4.02482e-08
0.0016891	4.19338e-08
0.00171249	4.36899e-08
0.00173621	4.55193e-08
0.00176025	4.74252e-08
0.00178462	4.94108e-08
0.00180934	5.14793e-08
0.00183439	5.36342e-08
0.00185979	5.58791e-08
0.00188555	5.82178e-08
0.00191166	6.06541e-08
0.00193813	6.31922e-08
0.00196497	6.58362e-08
0.00199218	6.85906e-08
0.00201977	7.146e-08
0.00204773	7.44491e-08
0.00207609	7.7563e-08
0.00210484	8.08068e-08
0.00213399	8.41859e-08
0.00216354	8.7706e-08
0.0021935	9.13729e-08
0.00222387	9.51927e-08
0.00225467	9.91718e-08
0.00228589	1.03317e-07
0.00231754	1.07634e-07
0.00234964	1.12132e-07
0.00238217	1.16817e-07
0.00241516	1.21698e-07
0.0024486	1.26781e-07
0.00248251	1.32077e-07
0.00251689	1.37593e-07
0.00255174	1.43338e-07
0.00258708	1.49323e-07
0.0026229	1.55557e-07
0.00265922	1.62051e-07
0.00269605	1.68814e-07
0.00273338	1.7586e-07
0.00277123	1.83198e-07
0.00280961	1.90841e-07
0.00284851	1.98802e-07
0.00288796	2.07095e-07
0.00292795	2.15732e-07
0.00296849	2.24728e-07
0.0030096	2.34097e-07
0.00305128	2.43857e-07
0.00309353	2.54021e-07
0.00313637	2.64608e-07
0.0031798	2.75634e-07
0.00322383	2.87118e-07
0.00326847	2.99078e-07
0.00331374	3.11535e-07
0.00335962	3.24509e-07
0.00340615	3.38021e-07
0.00345331	3.52094e-07
0.00350113	3.6675e-07
0.00354962	3.82013e-07
0.00359877	3.97909e-07
0.0036486	4.14464e-07
0.00369913	4.31704e-07
0.00375035	4.49659e-07
0.00380229	4.68357e-07
0.00385494	4.87829e-07
0.00390832	5.08107e-07
0.00396244	5.29224e-07
0.00401731	5.51215e-07
0.00407294	5.74115e-07
0.00412934	5.97962e-07
0.00418652	6.22794e-07
0.0042445	6.48653e-07
0.00430327	6.75581e-07
0.00436286	7.0362e-07
0.00442328	7.32817e-07
0.00448453	7.6322e-07
0.00454663	7.94877e-07
0.00460959	8.27841e-07
0.00467342	8.62164e-07
0.00473814	8.97902e-07
0.00480375	9.35113e-07
0.00487027	9.73858e-07
0.00493771	1.0142e-06
0.00500609	1.0562e-06
0.00507541	1.09993e-06
0.00514569	1.14547e-06
0.00521695	1.19287e-06
0.00528919	1.24223e-06
0.00536243	1.29361e-06
0.00543669	1.34711e-06
0.00551198	1.4028e-06
0.0055883	1.46078e-06
0.00566569	1.52115e-06
0.00574414	1.58399e-06
0.00582369	1.64941e-06
0.00590433	1.71751e-06
0.00598609	1.78841e-06
0.00606899	1.86221e-06
0.00615303	1.93903e-06
0.00623823	2.01901e-06
0.00632462	2.10225e-06
0.0064122	2.1889e-06
0.00650099	2.2791e-06
0.00659101	2.37299e-06
0.00668228	2.47071e-06
0.00677482	2.57243e-06
0.00686863	2.6783e-06
0.00696375	2.78849e-06
0.00706018	2.90318e-06
0.00715795	3.02254e-06
0.00725707	3.14678e-06
0.00735756	3.27607e-06
0.00745944	3.41063e-06
0.00756274	3.55068e-06
0.00766747	3.69641e-06
0.00777364	3.84808e-06
0.00788129	4.00591e-06
0.00799043	4.17016e-06
0.00810107	4.34108e-06
0.00821325	4.51893e-06
0.00832699	4.70401e-06
0.0084423	4.89658e-06
0.0085592	5.09696e-06
0.00867773	5.30546e-06
0.00879789	5.5224e-06
0.00891972	5.74812e-06
0.00904324	5.98297e-06
0.00916847	6.22731e-06
0.00929543	6.48152e-06
0.00942415	6.74599e-06
0.00955465	7.02114e-06
0.00968696	7.30738e-06
0.0098211	7.60515e-06
0.0099571	7.91492e-06
0.010095	8.23716e-06
0.0102348	8.57236e-06
0.0103765	8.92103e-06
0.0105202	9.28371e-06
0.0106659	9.66096e-06
0.0108136	1.00533e-05
0.0109633	1.04614e-05
0.0111151	1.08859e-05
0.011269	1.13274e-05
0.0114251	1.17865e-05
0.0115833	1.22639e-05
0.0117437	1.27605e-05
0.0119063	1.32769e-05
0.0120712	1.38138e-05
0.0122384	1.43722e-05
0.0124078	1.49528e-05
0.0125797	1.55566e-05
0.0127539	1.61843e-05
0.0129305	1.6837e-05
0.0131095	1.75156e-05
0.0132911	1.82211e-05
0.0134751	1.89546e-05
0.0136617	1.97171e-05
0.0138509	2.05098e-05
0.0140427	2.13339e-05
0.0142371	2.21905e-05
0.0144343	2.30809e-05
0.0146342	2.40065e-05
0.0148368	2.49684e-05
0.0150423	2.59683e-05
0.0152506	2.70075e-05
0.0154618	2.80875e-05
0.0156759	2.92099e-05
0.0158929	3.03763e-05
0.016113	3.15883e-05
0.0163362	3.28478e-05
0.0165624	3.41566e-05
0.0167917	3.55164e-05
0.0170242	3.69293e-05
0.01726	3.83972e-05
0.017499	3.99223e-05
0.0177413	4.15067e-05
0.017987	4.31526e-05
0.0182361	4.48624e-05
0.0184886	4.66384e-05
0.0187446	4.84831e-05
0.0190042	5.03992e-05
0.0192674	5.23892e-05
0.0195342	5.4456e-05
0.0198047	5.66024e-05
0.0200789	5.88313e-05
0.020357	6.11459e-05
0.0206388	6.35493e-05
0.0209246	6.60448e-05
0.0212144	6.86358e-05
0.0215082	7.13258e-05
0.021806	7.41185e-05
0.022108	7.70177e-05
0.0224141	8.00272e-05
0.0227245	8.3151e-05
0.0230392	8.63934e-05
0.0233582	8.97587e-05
0.0236817	9.32514e-05
0.0240096	9.6876e-05
0.0243421	0.000100637
0.0246792	0.00010454
0.0250209	0.00010859
0.0253674	0.000112792
0.0257187	0.000117151
0.0260748	0.000121674
0.0264359	0.000126365
0.026802	0.000131232
0.0271731	0.00013628
0.0275494	0.000141515
0.0279309	0.000146945
0.0283177	0.000152576
0.0287098	0.000158415
0.0291074	0.000164469
0.0295104	0.000170747
0.0299191	0.000177255
0.0303334	0.000184002
0.0307534	0.000190996
0.0311793	0.000198246
0.031611	0.000205761
0.0320488	0.000213549
0.0324926	0.00022162
0.0329425	0.000229984
0.0333987	0.00023865
0.0338612	0.000247629
0.0343301	0.000256931
0.0348055	0.000266568
0.0352875	0.000276551
0.0357761	0.00028689
0.0362715	0.000297599
0.0367738	0.000308689
0.037283	0.000320173
0.0377993	0.000332064
0.0383227	0.000344375
0.0388534	0.000357121
0.0393914	0.000370315
0.0399369	0.000383972
0.0404899	0.000398106
0.0410506	0.000412735
0.0416191	0.000427872
0.0421954	0.000443534
0.0427797	0.000459739
0.0433721	0.000476503
0.0439727	0.000493845
0.0445816	0.000511781
0.045199	0.000530331
0.0458249	0.000549514
0.0464595	0.000569349
0.0471028	0.000589857
0.0477551	0.000611058
0.0484164	0.000632974
0.0490868	0.000655625
0.0497666	0.000679035
0.0504557	0.000703225
0.0511544	0.00072822
0.0518628	0.000754043
0.0525809	0.000780719
0.0533091	0.000808273
0.0540473	0.000836729
0.0547957	0.000866116
0.0555545	0.000896458
0.0563238	0.000927784
0.0571037	0.000960122
0.0578945	0.0009935
0.0586962	0.00102795
0.059509	0.00106349
0.060333	0.00110017
0.0611685	0.00113801
0.0620155	0.00117704
0.0628743	0.00121729
0.063745	0.0012588
0.0646277	0.00130161
0.0655226	0.00134573
0.06643	0.00139122
0.0673499	0.00143811
0.0682825	0.00148642
0.0692281	0.0015362
0.0701867	0.00158749
0.0711586	0.00164032
0.072144	0.00169473
0.073143	0.00175076
0.0741559	0.00180845
0.0751828	0.00186784
0.0762239	0.00192897
0.0772794	0.00199188
0.0783495	0.00205661
0.0794345	0.00212321
0.0805344	0.00219171
0.0816497	0.00226217
0.0827803	0.00233461
0.0839266	0.0024091
0.0850888	0.00248566
0.0862671	0.00256435
0.0874617	0.0026452
0.0886728	0.00272828
0.0899007	0.00281361
0.0911456	0.00290124
0.0924078	0.00299123
0.0936874	0.00308361
0.0949848	0.00317844
0.0963001	0.00327575
0.0976336	0.0033756
0.0989856	0.00347802
0.100356	0.00358307
0.101746	0.00369079
0.103155	0.00380123
0.104583	0.00391442
0.106032	0.00403042
0.1075	0.00414926
0.108989	0.004271
0.110498	0.00439568
0.112028	0.00452333
0.113579	0.004654
0.115152	0.00478773
0.116747	0.00492456
0.118363	0.00506453
0.120002	0.00520767
0.121664	0.00535403
0.123349	0.00550365
0.125057	0.00565654
0.126789	0.00581275
0.128544	0.00597232
0.130324	0.00613526
0.132129	0.00630161
0.133959	0.0064714
0.135814	0.00664464
0.137694	0.00682137
0.139601	0.0070016
0.141534	0.00718535
0.143494	0.00737264
0.145481	0.00756347
0.147496	0.00775787
0.149538	0.00795584
0.151609	0.00815739
0.153709	0.00836251
0.155837	0.00857121
0.157995	0.00878349
0.160183	0.00899933
0.162401	0.00921872
0.16465	0.00944166
0.16693	0.00966813
0.169242	0.00989809
0.171585	0.0101315
0.173961	0.0103684
0.17637	0.0106087
0.178812	0.0108524
0.181289	0.0110994
0.183799	0.0113497
0.186344	0.0116033
0.188925	0.01186
0.191541	0.0121198
0.194193	0.0123827
0.196882	0.0126485
0.199609	0.0129173
0.202373	0.0131888
0.205175	0.0134632
0.208016	0.0137401
0.210897	0.0140196
0.213817	0.0143015
0.216778	0.0145857
0.21978	0.0148722
0.222823	0.0151608
0.225909	0.0154513
0.229037	0.0157436
0.232209	0.0160376
0.235424	0.0163332
0.238684	0.0166302
0.24199	0.0169284
0.245341	0.0172277
0.248738	0.0175279
0.252182	0.0178288
0.255675	0.0181304
0.259215	0.0184322
0.262805	0.0187343
0.266444	0.0190364
0.270133	0.0193382
0.273874	0.0196396
0.277667	0.0199404
0.281512	0.0202404
0.28541	0.0205393
0.289362	0.0208369
0.293369	0.021133
0.297432	0.0214274
0.30155	0.0217198
0.305726	0.0220099
0.30996	0.0222976
0.314252	0.0225826
0.318604	0.0228646
0.323015	0.0231434
0.327488	0.0234187
0.332023	0.0236903
0.336621	0.023958
0.341283	0.0242213
0.346008	0.0244802
0.3508	0.0247343
0.355658	0.0249833
0.360583	0.025227
0.365576	0.0254652
0.370638	0.0256976
0.375771	0.0259239
0.380974	0.0261438
0.38625	0.0263571
0.391598	0.0265636
0.397021	0.0267629
0.402519	0.0269549
0.408093	0.0271393
0.413744	0.0273158
0.419473	0.0274843
0.425282	0.0276444
0.431171	0.027796
0.437142	0.0279389
0.443195	0.0280728
0.449332	0.0281974
0.455555	0.0283128
0.461863	0.0284185
0.468259	0.0285145
0.474743	0.0286006
0.481317	0.0286765
0.487982	0.0287423
0.49474	0.0287976
0.501591	0.0288424
0.508536	0.0288765
0.515578	0.0288999
0.522718	0.0289123
0.529956	0.0289138
0.537295	0.0289042
0.544735	0.0288835
0.552279	0.0288515
0.559926	0.0288083
0.56768	0.0287537
0.575541	0.0286878
0.583511	0.0286105
0.591591	0.0285218
0.599783	0.0284217
0.608089	0.0283102
0.616509	0.0281872
0.625047	0.0280529
0.633702	0.0279072
0.642477	0.0277502
0.651374	0.0275819
0.660394	0.0274024
0.669539	0.0272117
0.67881	0.0270099
0.68821	0.0267971
0.69774	0.0265732
0.707402	0.0263385
0.717198	0.0260929
0.72713	0.0258367
0.737199	0.0255697
0.747407	0.0252923
0.757757	0.0250044
0.76825	0.0247061
0.778889	0.0243976
0.789674	0.0240789
0.80061	0.0237502
0.811696	0.0234115
0.822936	0.023063
0.834332	0.0227047
0.845885	0.0223368
0.857599	0.0219593
0.869475	0.0215723
0.881515	0.0211761
0.893722	0.0207705
0.906098	0.0203558
0.918645	0.0199319
0.931366	0.0194991
0.944263	0.0190573
0.957339	0.0186067
0.970596	0.0181472
0.984036	0.0176791
0.997663	0.0172023
1.01148	0.0167169
1.02548	0.0162229
1.03969	0.0157204
1.05408	0.0152094
1.06868	0.01469
1.08348	0.0141622
1.09848	0.013626
1.11369	0.0130813
1.12911	0.0125283
1.14475	0.0119669
1.1606	0.0113972
1.17667	0.010819
1.19297	0.0102323
1.20949	0.0096372
1.22624	0.00903358
1.24322	0.00842141
1.26043	0.00780061
1.27789	0.00717114
1.29558	0.00653292
1.31352	0.00588585
1.33171	0.00522987
1.35015	0.00456485
1.36885	0.00389071
1.3878	0.00320731
1.40702	0.00251453
1.42651	0.00181224
1.44626	0.00110029
1.46629	0.000378521
1.48659	-0.000353223
1.50718	-0.00109512
1.52805	-0.00184734
1.54921	-0.00261009
1.57066	-0.00338357
1.59241	-0.00416798
1.61446	-0.00496355
1.63682	-0.0057705
1.65948	-0.00658908
1.68246	-0.00741952
1.70576	-0.00826209
1.72938	-0.00911705
1.75333	-0.00998468
1.77761	-0.0108653
1.80223	-0.0117591
1.82718	-0.0126664
1.85249	-0.0135876
1.87814	-0.0145229
1.90415	-0.0154728
1.93051	-0.0164374
1.95725	-0.0174172
1.98435	-0.0184125
2.01183	-0.0194237
2.03969	-0.0204511
2.06793	-0.021495
2.09657	-0.0225559
2.1256	-0.0236342
2.15504	-0.0247301
2.18488	-0.0258442
2.21513	-0.0269767
2.24581	-0.0281282
2.27691	-0.029299
2.30844	-0.0304894
2.3404	-0.0317
2.37281	-0.0329312
2.40567	-0.0341833
2.43898	-0.0354568
2.47276	-0.0367521
2.507	-0.0380696
2.54171	-0.0394098
2.57691	-0.0407731
2.61259	-0.0421599
2.64877	-0.0435707
2.68545	-0.0450058
2.72264	-0.0464657
2.76034	-0.0479508
2.79857	-0.0494615
2.83732	-0.0509983
2.87661	-0.0525616
2.91644	-0.0541518
2.95683	-0.0557692
2.99777	-0.0574143
3.03929	-0.0590875
3.08137	-0.0607892
3.12404	-0.0625197
3.1673	-0.0642794
3.21116	-0.0660687
3.25563	-0.067888
3.30071	-0.0697375
3.34642	-0.0716176
3.39276	-0.0735286
3.43974	-0.0754709
3.48737	-0.0774448
3.53567	-0.0794505
3.58463	-0.0814882
3.63426	-0.0835584
3.68459	-0.0856611
3.73561	-0.0877967
3.78734	-0.0899653
3.83979	-0.0921672
3.89296	-0.0944025
3.94687	-0.0966714
4.00152	-0.0989741
4.05694	-0.101311
4.11311	-0.103681
4.17007	-0.106086
4.22782	-0.108525
4.28636	-0.110998
4.34572	-0.113505
4.4059	-0.116047
4.46691	-0.118623
4.52876	-0.121234
4.59148	-0.123878
4.65506	-0.126557
4.71952	-0.129271
4.78487	-0.132018
4.85113	-0.134799
4.91831	-0.137614
4.98641	-0.140463
5.05546	-0.143346
5.12547	-0.146262
5.19645	-0.149211
5.26841	-0.152193
5.34136	-0.155207
5.41533	-0.158254
5.49031	-0.161333
5.56634	-0.164444
5.64342	-0.167587
5.72157	-0.17076
5.8008	-0.173964
5.88113	-0.177198
5.96257	-0.180461
6.04514	-0.183754
6.12885	-0.187074
6.21372	-0.190423
6.29976	-0.193799
6.387	-0.197201
6.47544	-0.200628
6.56511	-0.20408
6.65602	-0.207555
6.74819	-0.211053
6.84164	-0.214573
6.93638	-0.218112
7.03243	-0.22167
7.12982	-0.225245
7.22855	-0.228836
7.32865	-0.232441
7.43013	-0.236058
7.53302	-0.239685
7.63733	-0.243319
7.74309	-0.246959
7.85032	-0.250601
7.95902	-0.254243
8.06924	-0.257882
8.18098	-0.261515
8.29426	-0.265137
8.40912	-0.268745
8.52557	-0.272335
8.64363	-0.275903
8.76332	-0.279443
8.88467	-0.28295
9.0077	-0.286419
9.13244	-0.289845
9.2589	-0.293219
9.38711	-0.296537
9.5171	-0.299789
9.64889	-0.30297
9.78251	-0.30607
9.91797	-0.30908
10.0553	-0.311992
10.1946	-0.314795
10.3357	-0.31748
10.4788	-0.320034
10.624	-0.322446
10.7711	-0.324705
10.9202	-0.326796
11.0714	-0.328707
11.2248	-0.330423
11.3802	-0.331929
11.5378	-0.33321
11.6976	-0.33425
11.8595	-0.335031
12.0238	-0.335536
12.1903	-0.335748
12.3591	-0.335647
12.5302	-0.335214
12.7037	-0.33443
12.8796	-0.333274
13.058	-0.331726
13.2388	-0.329765
13.4221	-0.32737
13.608	-0.324519
13.7965	-0.32119
13.9875	-0.317364
14.1812	-0.313017
14.3776	-0.30813
14.5767	-0.302681
14.7785	-0.296652
14.9832	-0.290023
15.1906	-0.282775
15.401	-0.274892
15.6143	-0.266359
15.8305	-0.257161
16.0497	-0.247287
16.272	-0.236727
16.4973	-0.225475
16.7257	-0.213525
16.9573	-0.200876
17.1922	-0.187532
17.4302	-0.173498
17.6716	-0.158784
17.9163	-0.143406
18.1644	-0.127382
18.4159	-0.110738
18.671	-0.0935047
18.9295	-0.0757182
19.1916	-0.0574217
19.4574	-0.0386643
19.7268	-0.0195026
