8.22368e-06	3.04337e-16
1.64474e-05	2.43468e-15
2.46711e-05	8.21695e-15
3.28947e-05	1.94769e-14
4.11184e-05	3.80398e-14
4.93421e-05	6.57308e-14
5.75658e-05	1.04374e-13
6.57895e-05	1.55795e-13
7.40132e-05	2.21816e-13
8.22368e-05	3.04262e-13
9.04605e-05	4.04956e-13
9.86842e-05	5.2572e-13
0.000106908	6.68377e-13
0.000115132	8.34751e-13
0.000123355	1.02666e-12
0.000131579	1.24593e-12
0.000139803	1.49439e-12
0.000148026	1.77384e-12
0.00015625	2.08612e-12
0.000164474	2.43304e-12
0.000172697	2.81642e-12
0.000180921	3.23809e-12
0.000189145	3.69986e-12
0.000197368	4.20355e-12
0.000205592	4.75099e-12
0.000213816	5.34398e-12
0.000222039	5.98435e-12
0.000230263	6.67392e-12
0.000238487	7.4145e-12
0.000246711	8.20791e-12
0.000254934	9.05597e-12
0.000263158	9.96049e-12
0.000271382	1.09233e-11
0.000279605	1.19462e-11
0.000287829	1.3031e-11
0.000296053	1.41795e-11
0.000304276	1.53936e-11
0.0003125	1.66751e-11
0.000320724	1.80257e-11
0.000328947	1.94473e-11
0.000337171	2.09417e-11
0.000345395	2.25107e-11
0.000353618	2.41561e-11
0.000361842	2.58798e-11
0.000370066	2.76835e-11
0.000378289	2.95691e-11
0.000386513	3.15383e-11
0.000394737	3.35931e-11
0.000402961	3.57351e-11
0.000411184	3.79663e-11
0.000419408	4.02884e-11
0.000427632	4.27032e-11
0.000435855	4.52125e-11
0.000444079	4.78182e-11
0.000452303	5.05221e-11
0.000460526	5.33259e-11
0.00046875	5.62315e-11
0.000476974	5.92407e-11
0.000485197	6.23552e-11
0.000493421	6.5577e-11
0.000501645	6.89078e-11
0.000509868	7.23494e-11
0.000518092	7.59036e-11
0.000526316	7.95722e-11
0.000534539	8.33571e-11
0.000542763	8.726e-11
0.000550987	9.12828e-11
0.000559211	9.54272e-11
0.000567434	9.96951e-11
0.000575658	1.04088e-10
0.000583882	1.08608e-10
0.000592105	1.13257e-10
0.000600329	1.18037e-10
0.000608553	1.22949e-10
0.000616776	1.27996e-10
0.000625	1.33178e-10
0.000633157	1.38455e-10
0.000641421	1.43941e-10
0.000649792	1.49644e-10
0.000658273	1.55573e-10
0.000666864	1.61737e-10
0.000675567	1.68145e-10
0.000684384	1.74806e-10
0.000693316	1.81731e-10
0.000702365	1.88931e-10
0.000711532	1.96416e-10
0.000720818	2.04197e-10
0.000730226	2.12286e-10
0.000739756	2.20695e-10
0.000749411	2.29438e-10
0.000759192	2.38526e-10
0.0007691	2.47975e-10
0.000779138	2.57797e-10
0.000789307	2.68009e-10
0.000799608	2.78625e-10
0.000810044	2.89661e-10
0.000820616	3.01133e-10
0.000831327	3.1306e-10
0.000842176	3.2546e-10
0.000853168	3.3835e-10
0.000864303	3.5175e-10
0.000875583	3.65681e-10
0.000887011	3.80163e-10
0.000898587	3.95218e-10
0.000910315	4.10869e-10
0.000922196	4.2714e-10
0.000934232	4.44055e-10
0.000946425	4.61639e-10
0.000958777	4.79919e-10
0.00097129	4.98922e-10
0.000983967	5.18677e-10
0.000996809	5.39214e-10
0.00100982	5.60564e-10
0.001023	5.82759e-10
0.00103635	6.05832e-10
0.00104987	6.29817e-10
0.00106358	6.54752e-10
0.00107746	6.80674e-10
0.00109152	7.0762e-10
0.00110577	7.35633e-10
0.0011202	7.64754e-10
0.00113482	7.95027e-10
0.00114963	8.26498e-10
0.00116463	8.59214e-10
0.00117983	8.93223e-10
0.00119523	9.28578e-10
0.00121083	9.65331e-10
0.00122663	1.00354e-09
0.00124264	1.04326e-09
0.00125886	1.08454e-09
0.00127529	1.12746e-09
0.00129193	1.17208e-09
0.0013088	1.21847e-09
0.00132588	1.26668e-09
0.00134318	1.31681e-09
0.00136071	1.36891e-09
0.00137847	1.42308e-09
0.00139646	1.47938e-09
0.00141469	1.53792e-09
0.00143315	1.59876e-09
0.00145186	1.66201e-09
0.0014708	1.72776e-09
0.00149	1.79612e-09
0.00150945	1.86717e-09
0.00152915	1.94103e-09
0.0015491	2.01781e-09
0.00156932	2.09762e-09
0.0015898	2.18059e-09
0.00161055	2.26683e-09
0.00163157	2.35649e-09
0.00165287	2.44968e-09
0.00167444	2.54656e-09
0.00169629	2.64726e-09
0.00171843	2.75195e-09
0.00174086	2.86076e-09
0.00176358	2.97388e-09
0.0017866	3.09147e-09
0.00180991	3.21369e-09
0.00183354	3.34075e-09
0.00185747	3.47282e-09
0.00188171	3.61011e-09
0.00190627	3.75282e-09
0.00193115	3.90116e-09
0.00195635	4.05537e-09
0.00198188	4.21565e-09
0.00200775	4.38227e-09
0.00203395	4.55547e-09
0.0020605	4.7355e-09
0.00208739	4.92263e-09
0.00211463	5.11715e-09
0.00214223	5.31935e-09
0.00217019	5.52953e-09
0.00219852	5.748e-09
0.00222721	5.97509e-09
0.00225628	6.21114e-09
0.00228572	6.4565e-09
0.00231556	6.71154e-09
0.00234578	6.97664e-09
0.00237639	7.2522e-09
0.00240741	7.53863e-09
0.00243883	7.83635e-09
0.00247066	8.14581e-09
0.0025029	8.46747e-09
0.00253557	8.80182e-09
0.00256866	9.14935e-09
0.00260218	9.51057e-09
0.00263615	9.88604e-09
0.00267055	1.02763e-08
0.00270541	1.0682e-08
0.00274072	1.11036e-08
0.00277648	1.15418e-08
0.00281272	1.19973e-08
0.00284943	1.24708e-08
0.00288662	1.29629e-08
0.00292429	1.34744e-08
0.00296246	1.40061e-08
0.00300112	1.45586e-08
0.00304029	1.5133e-08
0.00307997	1.57299e-08
0.00312017	1.63504e-08
0.00316089	1.69953e-08
0.00320215	1.76655e-08
0.00324394	1.83622e-08
0.00328628	1.90863e-08
0.00332917	1.98388e-08
0.00337262	2.0621e-08
0.00341663	2.1434e-08
0.00346122	2.22789e-08
0.0035064	2.31571e-08
0.00355216	2.40698e-08
0.00359852	2.50184e-08
0.00364549	2.60043e-08
0.00369306	2.7029e-08
0.00374126	2.8094e-08
0.00379009	2.92008e-08
0.00383956	3.03511e-08
0.00388967	3.15467e-08
0.00394043	3.27892e-08
0.00399186	3.40805e-08
0.00404396	3.54226e-08
0.00409674	3.68174e-08
0.00415021	3.8267e-08
0.00420437	3.97735e-08
0.00425925	4.13391e-08
0.00431484	4.29662e-08
0.00437115	4.46572e-08
0.0044282	4.64146e-08
0.00448599	4.82409e-08
0.00454454	5.01389e-08
0.00460385	5.21114e-08
0.00466394	5.41612e-08
0.00472481	5.62915e-08
0.00478647	5.85053e-08
0.00484894	6.08059e-08
0.00491223	6.31966e-08
0.00497634	6.56811e-08
0.00504129	6.8263e-08
0.00510708	7.09461e-08
0.00517374	7.37343e-08
0.00524126	7.66317e-08
0.00530967	7.96426e-08
0.00537896	8.27714e-08
0.00544917	8.60227e-08
0.00552029	8.94013e-08
0.00559233	9.29121e-08
0.00566532	9.65604e-08
0.00573926	1.00351e-07
0.00581416	1.04291e-07
0.00589005	1.08384e-07
0.00596692	1.12638e-07
0.00604479	1.17057e-07
0.00612369	1.2165e-07
0.00620361	1.26422e-07
0.00628457	1.31381e-07
0.0063666	1.36533e-07
0.00644969	1.41886e-07
0.00653387	1.47449e-07
0.00661914	1.53229e-07
0.00670553	1.59234e-07
0.00679305	1.65474e-07
0.0068817	1.71958e-07
0.00697152	1.78694e-07
0.00706251	1.85693e-07
0.00715468	1.92965e-07
0.00724806	2.00521e-07
0.00734266	2.08371e-07
0.00743849	2.16527e-07
0.00753557	2.25e-07
0.00763392	2.33804e-07
0.00773355	2.42951e-07
0.00783448	2.52454e-07
0.00793673	2.62327e-07
0.00804032	2.72584e-07
0.00814525	2.8324e-07
0.00825156	2.9431e-07
0.00835925	3.05811e-07
0.00846835	3.17759e-07
0.00857888	3.30172e-07
0.00869084	3.43067e-07
0.00880427	3.56462e-07
0.00891918	3.70378e-07
0.00903558	3.84835e-07
0.00915351	3.99852e-07
0.00927297	4.15452e-07
0.009394	4.31657e-07
0.0095166	4.48491e-07
0.00964081	4.65978e-07
0.00976663	4.84142e-07
0.0098941	5.03009e-07
0.0100232	5.22608e-07
0.010154	5.42966e-07
0.0102866	5.64112e-07
0.0104208	5.86076e-07
0.0105568	6.08889e-07
0.0106946	6.32585e-07
0.0108342	6.57197e-07
0.0109756	6.82761e-07
0.0111188	7.09311e-07
0.0112639	7.36888e-07
0.011411	7.65529e-07
0.0115599	7.95275e-07
0.0117108	8.26169e-07
0.0118636	8.58255e-07
0.0120184	8.91578e-07
0.0121753	9.26185e-07
0.0123342	9.62125e-07
0.0124952	9.99449e-07
0.0126582	1.03821e-06
0.0128235	1.07846e-06
0.0129908	1.12026e-06
0.0131604	1.16367e-06
0.0133321	1.20875e-06
0.0135061	1.25556e-06
0.0136824	1.30416e-06
0.013861	1.35463e-06
0.0140419	1.40704e-06
0.0142251	1.46146e-06
0.0144108	1.51796e-06
0.0145989	1.57663e-06
0.0147894	1.63755e-06
0.0149824	1.7008e-06
0.015178	1.76647e-06
0.0153761	1.83465e-06
0.0155767	1.90544e-06
0.01578	1.97894e-06
0.015986	2.05524e-06
0.0161946	2.13445e-06
0.016406	2.21669e-06
0.0166201	2.30207e-06
0.016837	2.39069e-06
0.0170568	2.4827e-06
0.0172794	2.57821e-06
0.0175049	2.67735e-06
0.0177334	2.78027e-06
0.0179648	2.8871e-06
0.0181993	2.99799e-06
0.0184368	3.11309e-06
0.0186774	3.23256e-06
0.0189212	3.35656e-06
0.0191681	3.48527e-06
0.0194183	3.61885e-06
0.0196717	3.75749e-06
0.0199285	3.90137e-06
0.0201886	4.0507e-06
0.020452	4.20568e-06
0.020719	4.36651e-06
0.0209894	4.53341e-06
0.0212633	4.70661e-06
0.0215408	4.88634e-06
0.021822	5.07284e-06
0.0221068	5.26637e-06
0.0223953	5.46718e-06
0.0226876	5.67554e-06
0.0229837	5.89174e-06
0.0232837	6.11605e-06
0.0235875	6.34878e-06
0.0238954	6.59024e-06
0.0242072	6.84075e-06
0.0245232	7.10064e-06
0.0248432	7.37026e-06
0.0251675	7.64996e-06
0.0254959	7.94011e-06
0.0258287	8.24109e-06
0.0261658	8.5533e-06
0.0265073	8.87716e-06
0.0268533	9.21307e-06
0.0272037	9.56149e-06
0.0275588	9.92287e-06
0.0279184	1.02977e-05
0.0282828	1.06864e-05
0.0286519	1.10895e-05
0.0290259	1.15076e-05
0.0294047	1.19412e-05
0.0297885	1.23908e-05
0.0301773	1.2857e-05
0.0305711	1.33405e-05
0.0309701	1.38418e-05
0.0313743	1.43616e-05
0.0317838	1.49005e-05
0.0321986	1.54592e-05
0.0326188	1.60385e-05
0.0330446	1.66391e-05
0.0334758	1.72617e-05
0.0339127	1.79071e-05
0.0343553	1.85762e-05
0.0348037	1.92698e-05
0.035258	1.99887e-05
0.0357181	2.07338e-05
0.0361843	2.15061e-05
0.0366565	2.23065e-05
0.0371349	2.31361e-05
0.0376196	2.39959e-05
0.0381106	2.48868e-05
0.038608	2.58101e-05
0.0391119	2.67668e-05
0.0396223	2.77581e-05
0.0401395	2.87853e-05
0.0406633	2.98496e-05
0.041194	3.09522e-05
0.0417317	3.20946e-05
0.0422763	3.3278e-05
0.0428281	3.4504e-05
0.043387	3.57739e-05
0.0439533	3.70894e-05
0.0445269	3.8452e-05
0.0451081	3.98633e-05
0.0456968	4.13249e-05
0.0462932	4.28387e-05
0.0468974	4.44064e-05
0.0475095	4.60298e-05
0.0481295	4.77109e-05
0.0487577	4.94516e-05
0.049394	5.12539e-05
0.0500387	5.31199e-05
0.0506918	5.50519e-05
0.0513533	5.70519e-05
0.0520236	5.91224e-05
0.0527026	6.12656e-05
0.0533904	6.34841e-05
0.0540872	6.57803e-05
0.0547931	6.81569e-05
0.0555082	7.06165e-05
0.0562327	7.31619e-05
0.0569666	7.57959e-05
0.0577101	7.85215e-05
0.0584633	8.13417e-05
0.0592263	8.42597e-05
0.0599993	8.72786e-05
0.0607823	9.04018e-05
0.0615756	9.36326e-05
0.0623793	9.69747e-05
0.0631934	0.000100432
0.0640182	0.000104007
0.0648537	0.000107705
0.0657001	0.000111529
0.0665576	0.000115483
0.0674262	0.000119573
0.0683062	0.000123801
0.0691977	0.000128172
0.0701008	0.000132692
0.0710158	0.000137364
0.0719426	0.000142194
0.0728815	0.000147186
0.0738327	0.000152346
0.0747964	0.000157678
0.0757725	0.000163189
0.0767615	0.000168884
0.0777633	0.000174769
0.0787782	0.000180849
0.0798064	0.00018713
0.080848	0.000193619
0.0819031	0.000200323
0.0829721	0.000207247
0.084055	0.000214399
0.085152	0.000221785
0.0862633	0.000229412
0.0873892	0.000237289
0.0885297	0.000245421
0.0896852	0.000253818
0.0908557	0.000262487
0.0920414	0.000271435
0.0932427	0.000280672
0.0944596	0.000290206
0.0956925	0.000300046
0.0969414	0.0003102
0.0982066	0.000320678
0.0994883	0.000331489
0.100787	0.000342643
0.102102	0.00035415
0.103435	0.00036602
0.104785	0.000378264
0.106152	0.000390891
0.107538	0.000403913
0.108941	0.000417342
0.110363	0.000431188
0.111803	0.000445463
0.113263	0.00046018
0.114741	0.00047535
0.116238	0.000490987
0.117755	0.000507102
0.119292	0.00052371
0.120849	0.000540823
0.122426	0.000558455
0.124024	0.00057662
0.125643	0.000595333
0.127283	0.000614608
0.128944	0.000634461
0.130627	0.000654906
0.132332	0.000675959
0.134059	0.000697636
0.135808	0.000719953
0.137581	0.000742927
0.139376	0.000766575
0.141196	0.000790914
0.143038	0.000815961
0.144905	0.000841736
0.146796	0.000868254
0.148712	0.000895537
0.150653	0.000923602
0.152619	0.000952468
0.154611	0.000982157
0.156629	0.00101269
0.158673	0.00104408
0.160744	0.00107635
0.162842	0.00110953
0.164967	0.00114363
0.16712	0.00117869
0.169302	0.00121471
0.171511	0.00125172
0.17375	0.00128975
0.176017	0.00132881
0.178315	0.00136894
0.180642	0.00141015
0.182999	0.00145248
0.185388	0.00149594
0.187807	0.00154055
0.190258	0.00158636
0.192742	0.00163338
0.195257	0.00168163
0.197805	0.00173115
0.200387	0.00178196
0.203002	0.00183409
0.205652	0.00188756
0.208336	0.00194241
0.211055	0.00199866
0.213809	0.00205633
0.2166	0.00211547
0.219427	0.0021761
0.222291	0.00223825
0.225192	0.00230194
0.228131	0.00236721
0.231108	0.00243409
0.234125	0.00250262
0.23718	0.00257281
0.240276	0.0026447
0.243412	0.00271832
0.246588	0.00279371
0.249807	0.0028709
0.253067	0.00294992
0.25637	0.0030308
0.259716	0.00311358
0.263105	0.00319828
0.266539	0.00328495
0.270018	0.00337361
0.273542	0.0034643
0.277112	0.00355705
0.280729	0.00365191
0.284393	0.00374889
0.288104	0.00384804
0.291865	0.00394939
0.295674	0.00405297
0.299533	0.00415883
0.303442	0.00426699
0.307402	0.00437749
0.311414	0.00449036
0.315479	0.00460565
0.319596	0.00472339
0.323767	0.0048436
0.327993	0.00496633
0.332274	0.00509162
0.33661	0.00521949
0.341003	0.00534999
0.345454	0.00548314
0.349962	0.00561899
0.35453	0.00575757
0.359157	0.00589891
0.363845	0.00604305
0.368593	0.00619003
0.373404	0.00633987
0.378277	0.00649261
0.383214	0.0066483
0.388216	0.00680695
0.393282	0.0069686
0.398415	0.0071333
0.403615	0.00730106
0.408883	0.00747193
0.414219	0.00764593
0.419625	0.0078231
0.425102	0.00800346
0.43065	0.00818706
0.436271	0.00837391
0.441964	0.00856405
0.447733	0.00875751
0.453576	0.00895432
0.459496	0.0091545
0.465493	0.00935808
0.471568	0.00956509
0.477723	0.00977555
0.483958	0.00998949
0.490274	0.0102069
0.496673	0.0104279
0.503155	0.0106524
0.509722	0.0108805
0.516374	0.0111122
0.523114	0.0113475
0.529941	0.0115864
0.536857	0.011829
0.543864	0.0120752
0.550962	0.0123251
0.558153	0.0125787
0.565438	0.012836
0.572817	0.013097
0.580293	0.0133618
0.587867	0.0136303
0.595539	0.0139026
0.603312	0.0141787
0.611186	0.0144585
0.619163	0.0147421
0.627244	0.0150295
0.63543	0.0153206
0.643723	0.0156156
0.652124	0.0159144
0.660636	0.016217
0.669258	0.0165234
0.677992	0.0168336
0.686841	0.0171476
0.695805	0.0174655
0.704886	0.0177871
0.714086	0.0181126
0.723406	0.0184419
0.732847	0.018775
0.742412	0.0191119
0.752101	0.0194526
0.761917	0.0197971
0.771861	0.0201454
0.781935	0.0204976
0.79214	0.0208535
0.802479	0.0212132
0.812952	0.0215767
0.823562	0.021944
0.834311	0.022315
0.8452	0.0226899
0.85623	0.0230685
0.867405	0.0234508
0.878726	0.0238369
0.890195	0.0242268
0.901813	0.0246203
0.913583	0.0250176
0.925506	0.0254186
0.937585	0.0258233
0.949822	0.0262317
0.962218	0.0266437
0.974777	0.0270594
0.987499	0.0274787
1.00039	0.0279016
1.01344	0.0283281
1.02667	0.0287582
1.04007	0.0291918
1.05364	0.029629
1.06739	0.0300697
1.08133	0.0305139
1.09544	0.0309615
1.10974	0.0314127
1.12422	0.0318672
1.13889	0.0323252
1.15376	0.0327867
1.16881	0.0332515
1.18407	0.0337197
1.19952	0.0341913
1.21518	0.0346663
1.23104	0.0351447
1.2471	0.0356264
1.26338	0.0361115
1.27987	0.0366001
1.29657	0.037092
1.31349	0.0375874
1.33064	0.0380863
1.348	0.0385887
1.3656	0.0390946
1.38342	0.039604
1.40147	0.0401172
1.41977	0.0406339
1.4383	0.0411545
1.45707	0.0416789
1.47608	0.0422071
1.49535	0.0427394
1.51487	0.0432757
1.53464	0.0438162
1.55466	0.044361
1.57496	0.0449103
1.59551	0.045464
1.61633	0.0460225
1.63743	0.0465857
1.6588	0.0471539
1.68045	0.0477272
1.70238	0.0483058
1.7246	0.0488899
1.74711	0.0494797
1.76991	0.0500752
1.79301	0.0506769
1.81641	0.0512847
1.84012	0.0518991
1.86413	0.0525201
1.88846	0.0531481
1.91311	0.0537832
1.93808	0.0544258
1.96337	0.055076
1.989	0.0557341
2.01496	0.0564005
2.04125	0.0570753
2.06789	0.0577589
2.09488	0.0584515
2.12222	0.0591534
2.14992	0.059865
2.17798	0.0605865
2.20641	0.0613183
2.2352	0.0620606
2.26438	0.0628138
2.29393	0.0635782
2.32387	0.0643542
2.3542	0.065142
2.38492	0.065942
2.41605	0.0667545
2.44758	0.06758
2.47953	0.0684187
2.51189	0.0692709
2.54467	0.0701371
2.57788	0.0710176
2.61153	0.0719127
2.64561	0.0728228
2.68014	0.0737482
2.71512	0.0746894
2.75055	0.0756467
2.78645	0.0766204
2.82282	0.0776109
2.85966	0.0786185
2.89698	0.0796438
2.93479	0.0806869
2.97309	0.0817483
3.0119	0.0828284
3.05121	0.0839274
3.09103	0.0850459
3.13137	0.0861841
3.17224	0.0873424
3.21364	0.0885213
3.25558	0.089721
3.29807	0.0909419
3.34112	0.0921845
3.38472	0.093449
3.4289	0.094736
3.47365	0.0960456
3.51898	0.0973784
3.56491	0.0987346
3.61144	0.100115
3.65857	0.101519
3.70632	0.102948
3.75469	0.104402
3.8037	0.105881
3.85334	0.107386
3.90363	0.108918
3.95458	0.110475
4.00619	0.11206
4.05848	0.113672
4.11145	0.115312
4.16511	0.11698
4.21947	0.118676
4.27454	0.120401
4.33032	0.122156
4.38684	0.12394
4.44409	0.125754
4.5021	0.127599
4.56085	0.129475
4.62038	0.131382
4.68068	0.133321
4.74177	0.135292
4.80366	0.137295
4.86635	0.139331
4.92986	0.141401
4.9942	0.143504
5.05938	0.145642
5.12542	0.147814
5.19231	0.150021
5.26007	0.152264
5.32873	0.154542
5.39827	0.156856
5.46873	0.159207
5.5401	0.161594
5.61241	0.164019
5.68566	0.16648
5.75986	0.16898
5.83503	0.171517
5.91119	0.174093
5.98834	0.176707
6.06649	0.179359
6.14567	0.18205
6.22588	0.18478
6.30713	0.187549
6.38945	0.190356
6.47284	0.193202
6.55732	0.196087
6.6429	0.199009
6.7296	0.20197
6.81743	0.204969
6.90641	0.208005
6.99654	0.211077
7.08786	0.214185
7.18036	0.217329
7.27408	0.220507
7.36901	0.223717
7.46519	0.22696
7.56262	0.230234
7.66132	0.233536
7.76131	0.236866
7.86261	0.240222
7.96522	0.243601
8.06918	0.247001
8.17449	0.250419
8.28118	0.253853
8.38926	0.257299
8.49875	0.260754
8.60967	0.264215
8.72204	0.267678
8.83587	0.271138
8.95119	0.27459
9.06802	0.27803
9.18637	0.281451
9.30626	0.284849
9.42772	0.288218
9.55076	0.291549
9.67541	0.294837
9.80169	0.298073
9.92961	0.30125
10.0592	0.304359
10.1905	0.307391
10.3235	0.310337
10.4582	0.313185
10.5947	0.315925
10.733	0.318547
10.8731	0.321037
11.015	0.323384
11.1587	0.325575
11.3044	0.327595
11.4519	0.329431
11.6014	0.331067
11.7528	0.332488
11.9062	0.333677
12.0616	0.334619
12.219	0.335296
12.3785	0.33569
12.54	0.335783
12.7037	0.335556
12.8695	0.33499
13.0374	0.334066
13.2076	0.332764
13.38	0.331063
13.5546	0.328943
13.7315	0.326384
13.9107	0.323366
14.0923	0.319868
14.2762	0.31587
14.4625	0.311353
14.6513	0.306297
14.8425	0.300683
15.0362	0.294494
15.2325	0.287712
15.4313	0.280322
15.6327	0.272308
15.8367	0.263659
16.0434	0.254362
16.2528	0.244409
16.4649	0.233791
16.6798	0.222505
16.8975	0.210549
17.118	0.197923
17.3414	0.184632
17.5677	0.170685
17.797	0.156092
18.0293	0.14087
18.2646	0.125041
18.503	0.108628
18.7445	0.0916621
18.9891	0.0741797
19.2369	0.056222
19.488	0.0378362
19.7423	0.0190756
