3.663e-06	3.17231e-09
7.32601e-06	1.26892e-08
1.0989e-05	2.85505e-08
1.4652e-05	5.07559e-08
1.8315e-05	7.93051e-08
2.1978e-05	1.14197e-07
2.5641e-05	1.55432e-07
2.9304e-05	2.03009e-07
3.2967e-05	2.56926e-07
3.663e-05	3.17184e-07
4.0293e-05	3.83781e-07
4.3956e-05	4.56715e-07
4.7619e-05	5.35986e-07
5.12821e-05	6.21592e-07
5.49451e-05	7.13533e-07
5.86081e-05	8.11806e-07
6.22711e-05	9.16409e-07
6.59341e-05	1.02734e-06
6.95971e-05	1.1446e-06
7.32601e-05	1.26819e-06
7.69231e-05	1.3981e-06
8.05861e-05	1.53434e-06
8.42491e-05	1.6769e-06
8.79121e-05	1.82577e-06
9.15751e-05	1.98097e-06
9.52381e-05	2.14248e-06
9.89011e-05	2.31031e-06
0.000102564	2.48445e-06
0.000106227	2.6649e-06
0.00010989	2.85166e-06
0.000113553	3.04474e-06
0.000117216	3.24412e-06
0.000120879	3.44981e-06
0.000124542	3.66181e-06
0.000128205	3.88011e-06
0.000131868	4.10471e-06
0.000135531	4.33562e-06
0.000139194	4.57282e-06
0.000142857	4.81633e-06
0.00014652	5.06613e-06
0.000150183	5.32223e-06
0.000153846	5.58463e-06
0.000157509	5.85331e-06
0.000161172	6.1283e-06
0.000164835	6.40957e-06
0.000168498	6.69713e-06
0.000172161	6.99098e-06
0.000175824	7.29112e-06
0.000179487	7.59754e-06
0.00018315	7.91025e-06
0.000186813	8.22924e-06
0.000190476	8.55451e-06
0.000194139	8.88606e-06
0.000197802	9.2239e-06
0.000201465	9.56801e-06
0.000205128	9.91839e-06
0.000208791	1.02751e-05
0.000212454	1.0638e-05
0.000216117	1.10072e-05
0.00021978	1.13827e-05
0.000223443	1.17644e-05
0.000227106	1.21524e-05
0.000230769	1.25467e-05
0.000234432	1.29473e-05
0.000238095	1.33541e-05
0.000241758	1.37671e-05
0.000245421	1.41865e-05
0.000249084	1.46121e-05
0.000252747	1.50439e-05
0.00025641	1.5482e-05
0.000260046	1.59231e-05
0.000263734	1.63767e-05
0.000267473	1.68432e-05
0.000271266	1.7323e-05
0.000275113	1.78165e-05
0.000279014	1.83239e-05
0.000282971	1.88458e-05
0.000286983	1.93826e-05
0.000291053	1.99346e-05
0.00029518	2.05023e-05
0.000299365	2.10862e-05
0.000303611	2.16866e-05
0.000307916	2.23042e-05
0.000312282	2.29392e-05
0.00031671	2.35924e-05
0.000321201	2.42641e-05
0.000325756	2.49549e-05
0.000330375	2.56653e-05
0.00033506	2.6396e-05
0.000339811	2.71474e-05
0.00034463	2.79201e-05
0.000349517	2.87148e-05
0.000354473	2.95321e-05
0.000359499	3.03726e-05
0.000364597	3.1237e-05
0.000369767	3.21259e-05
0.000375011	3.30401e-05
0.000380328	3.39802e-05
0.000385721	3.49471e-05
0.000391191	3.59414e-05
0.000396738	3.69639e-05
0.000402364	3.80155e-05
0.00040807	3.90969e-05
0.000413856	4.02091e-05
0.000419725	4.13528e-05
0.000425676	4.25289e-05
0.000431713	4.37385e-05
0.000437834	4.49823e-05
0.000444043	4.62615e-05
0.00045034	4.75769e-05
0.000456725	4.89297e-05
0.000463202	5.03209e-05
0.00046977	5.17515e-05
0.000476432	5.32227e-05
0.000483188	5.47356e-05
0.000490039	5.62914e-05
0.000496988	5.78913e-05
0.000504035	5.95366e-05
0.000511183	6.12285e-05
0.000518431	6.29683e-05
0.000525783	6.47575e-05
0.000533239	6.65974e-05
0.0005408	6.84894e-05
0.000548469	7.04351e-05
0.000556246	7.24358e-05
0.000564134	7.44932e-05
0.000572133	7.66089e-05
0.000580246	7.87845e-05
0.000588474	8.10217e-05
0.000596819	8.33222e-05
0.000605282	8.56879e-05
0.000613865	8.81205e-05
0.00062257	9.0622e-05
0.000631398	9.31942e-05
0.000640351	9.58392e-05
0.000649431	9.85591e-05
0.00065864	0.000101356
0.00066798	0.000104232
0.000677452	0.000107189
0.000687058	0.00011023
0.000696801	0.000113357
0.000706682	0.000116572
0.000716703	0.000119878
0.000726866	0.000123277
0.000737173	0.000126773
0.000747626	0.000130367
0.000758227	0.000134063
0.000768979	0.000137863
0.000779884	0.00014177
0.000790942	0.000145788
0.000802158	0.000149919
0.000813533	0.000154167
0.000825069	0.000158534
0.000836769	0.000163025
0.000848634	0.000167642
0.000860668	0.00017239
0.000872872	0.000177272
0.00088525	0.000182291
0.000897803	0.000187451
0.000910534	0.000192757
0.000923445	0.000198213
0.00093654	0.000203822
0.00094982	0.000209589
0.000963289	0.000215519
0.000976948	0.000221615
0.000990802	0.000227883
0.00100485	0.000234328
0.0010191	0.000240953
0.00103355	0.000247765
0.00104821	0.000254769
0.00106307	0.00026197
0.00107815	0.000269373
0.00109343	0.000276984
0.00110894	0.000284809
0.00112466	0.000292853
0.00114061	0.000301124
0.00115679	0.000309627
0.00117319	0.000318368
0.00118983	0.000327355
0.0012067	0.000336594
0.00122381	0.000346092
0.00124116	0.000355857
0.00125876	0.000365895
0.00127661	0.000376214
0.00129471	0.000386823
0.00131307	0.000397728
0.00133169	0.00040894
0.00135058	0.000420465
0.00136973	0.000432312
0.00138915	0.000444491
0.00140885	0.000457011
0.00142883	0.00046988
0.00144909	0.00048311
0.00146964	0.000496709
0.00149048	0.000510688
0.00151161	0.000525058
0.00153305	0.000539828
0.00155479	0.000555011
0.00157683	0.000570617
0.00159919	0.000586659
0.00162187	0.000603148
0.00164487	0.000620096
0.00166819	0.000637517
0.00169185	0.000655423
0.00171584	0.000673827
0.00174017	0.000692744
0.00176485	0.000712187
0.00178987	0.00073217
0.00181525	0.000752709
0.00184099	0.000773819
0.0018671	0.000795515
0.00189357	0.000817813
0.00192042	0.000840731
0.00194766	0.000864284
0.00197527	0.00088849
0.00200328	0.000913367
0.00203169	0.000938934
0.0020605	0.000965208
0.00208972	0.00099221
0.00211935	0.00101996
0.0021494	0.00104848
0.00217988	0.00107778
0.0022108	0.00110789
0.00224214	0.00113884
0.00227394	0.00117064
0.00230618	0.00120332
0.00233889	0.0012369
0.00237205	0.0012714
0.00240569	0.00130686
0.0024398	0.00134329
0.0024744	0.00138072
0.00250948	0.00141918
0.00254507	0.00145871
0.00258116	0.00149931
0.00261776	0.00154103
0.00265488	0.0015839
0.00269253	0.00162794
0.00273071	0.00167319
0.00276943	0.00171968
0.0028087	0.00176744
0.00284853	0.00181651
0.00288892	0.00186692
0.00292989	0.0019187
0.00297143	0.00197191
0.00301357	0.00202656
0.0030563	0.0020827
0.00309964	0.00214037
0.00314359	0.00219962
0.00318817	0.00226048
0.00323338	0.00232299
0.00327923	0.0023872
0.00332573	0.00245315
0.00337289	0.00252089
0.00342072	0.00259047
0.00346922	0.00266194
0.00351842	0.00273534
0.00356831	0.00281073
0.00361891	0.00288815
0.00367023	0.00296766
0.00372227	0.00304933
0.00377505	0.00313319
0.00382858	0.00321931
0.00388287	0.00330775
0.00393793	0.00339857
0.00399377	0.00349183
0.00405041	0.00358759
0.00410784	0.00368592
0.00416609	0.00378688
0.00422517	0.00389055
0.00428508	0.00399699
0.00434584	0.00410627
0.00440747	0.00421848
0.00446997	0.00433367
0.00453335	0.00445193
0.00459764	0.00457334
0.00466283	0.00469797
0.00472895	0.00482592
0.00479601	0.00495725
0.00486402	0.00509207
0.00493299	0.00523046
0.00500294	0.0053725
0.00507388	0.00551829
0.00514583	0.00566793
0.0052188	0.00582151
0.0052928	0.00597913
0.00536786	0.00614089
0.00544397	0.0063069
0.00552117	0.00647726
0.00559946	0.00665207
0.00567886	0.00683146
0.00575939	0.00701553
0.00584106	0.00720439
0.00592389	0.00739818
0.00600789	0.007597
0.00609308	0.00780098
0.00617948	0.00801025
0.00626711	0.00822494
0.00635598	0.00844518
0.00644611	0.00867109
0.00653751	0.00890283
0.00663022	0.00914053
0.00672423	0.00938434
0.00681958	0.00963439
0.00691629	0.00989085
0.00701436	0.0101539
0.00711383	0.0104236
0.0072147	0.0107002
0.00731701	0.0109838
0.00742076	0.0112746
0.00752599	0.0115728
0.00763271	0.0118785
0.00774095	0.012192
0.00785071	0.0125133
0.00796204	0.0128427
0.00807494	0.0131804
0.00818945	0.0135265
0.00830557	0.0138813
0.00842335	0.0142449
0.00854279	0.0146175
0.00866393	0.0149994
0.00878679	0.0153908
0.00891138	0.0157919
0.00903775	0.0162028
0.00916591	0.0166238
0.00929588	0.0170552
0.0094277	0.0174971
0.00956138	0.0179499
0.00969697	0.0184136
0.00983447	0.0188886
0.00997393	0.0193751
0.0101154	0.0198734
0.0102588	0.0203837
0.0104043	0.0209063
0.0105518	0.0214414
0.0107014	0.0219893
0.0108532	0.0225502
0.0110071	0.0231245
0.0111632	0.0237124
0.0113215	0.0243141
0.011482	0.0249301
0.0116448	0.0255605
0.0118099	0.0262056
0.0119774	0.0268658
0.0121472	0.0275413
0.0123195	0.0282325
0.0124942	0.0289396
0.0126714	0.029663
0.012851	0.030403
0.0130333	0.0311598
0.0132181	0.0319339
0.0134055	0.0327255
0.0135956	0.0335349
0.0137884	0.0343626
0.0139839	0.0352088
0.0141822	0.0360738
0.0143833	0.0369581
0.0145873	0.0378618
0.0147941	0.0387855
0.0150039	0.0397294
0.0152167	0.0406938
0.0154324	0.0416792
0.0156513	0.0426859
0.0158732	0.0437142
0.0160983	0.0447644
0.0163266	0.045837
0.0165581	0.0469323
0.0167929	0.0480506
0.017031	0.0491923
0.0172725	0.0503578
0.0175174	0.0515474
0.0177658	0.0527614
0.0180178	0.0540002
0.0182733	0.0552642
0.0185324	0.0565537
0.0187952	0.057869
0.0190617	0.0592106
0.019332	0.0605786
0.0196061	0.0619736
0.0198841	0.0633957
0.0201661	0.0648454
0.0204521	0.0663229
0.0207421	0.0678285
0.0210362	0.0693627
0.0213345	0.0709256
0.021637	0.0725176
0.0219438	0.0741389
0.022255	0.0757898
0.0225706	0.0774707
0.0228906	0.0791817
0.0232152	0.0809231
0.0235444	0.0826951
0.0238783	0.0844979
0.0242169	0.0863319
0.0245603	0.088197
0.0249086	0.0900936
0.0252618	0.0920218
0.02562	0.0939817
0.0259833	0.0959735
0.0263517	0.0979972
0.0267254	0.100053
0.0271044	0.102141
0.0274887	0.104261
0.0278785	0.106413
0.0282738	0.108597
0.0286748	0.110814
0.0290814	0.113063
0.0294938	0.115343
0.029912	0.117656
0.0303362	0.12
0.0307663	0.122375
0.0312026	0.124782
0.0316451	0.127221
0.0320938	0.12969
0.0325489	0.132189
0.0330104	0.134719
0.0334785	0.137278
0.0339533	0.139866
0.0344347	0.142484
0.034923	0.145129
0.0354182	0.147802
0.0359205	0.150503
0.0364298	0.153229
0.0369464	0.155982
0.0374703	0.158759
0.0380016	0.16156
0.0385405	0.164384
0.039087	0.167231
0.0396413	0.170098
0.0402034	0.172986
0.0407735	0.175893
0.0413517	0.178817
0.041938	0.181758
0.0425327	0.184714
0.0431359	0.187684
0.0437475	0.190666
0.0443679	0.193658
0.044997	0.19666
0.0456351	0.199669
0.0462822	0.202684
0.0469385	0.205702
0.0476041	0.208722
0.0482791	0.211742
0.0489637	0.214759
0.049658	0.217772
0.0503622	0.220779
0.0510764	0.223776
0.0518006	0.226761
0.0525352	0.229732
0.0532801	0.232686
0.0540356	0.235621
0.0548019	0.238533
0.055579	0.24142
0.0563671	0.244279
0.0571664	0.247106
0.057977	0.249899
0.0587991	0.252653
0.0596329	0.255367
0.0604785	0.258036
0.0613361	0.260656
0.0622059	0.263225
0.063088	0.265737
0.0639826	0.268191
0.0648899	0.27058
0.06581	0.272902
0.0667432	0.275153
0.0676896	0.277328
0.0686495	0.279422
0.069623	0.281432
0.0706102	0.283354
0.0716115	0.285181
0.072627	0.286911
0.0736568	0.288538
0.0747013	0.290058
0.0757606	0.291465
0.0768349	0.292756
0.0779244	0.293924
0.0790294	0.294965
0.08015	0.295875
0.0812866	0.296647
0.0824392	0.297278
0.0836082	0.297761
0.0847938	0.298092
0.0859962	0.298266
0.0872156	0.298277
0.0884524	0.298121
0.0897066	0.297791
0.0909787	0.297284
0.0922688	0.296594
0.0935772	0.295716
0.0949041	0.294644
0.0962499	0.293375
0.0976147	0.291902
0.0989989	0.290222
0.100403	0.288329
0.101826	0.286219
0.10327	0.283888
0.104735	0.28133
0.10622	0.278542
0.107726	0.275519
0.109254	0.272258
0.110803	0.268754
0.112374	0.265005
0.113968	0.261005
0.115584	0.256753
0.117223	0.252246
0.118885	0.247479
0.120571	0.242452
0.12228	0.237161
0.124014	0.231605
0.125773	0.225782
0.127556	0.21969
0.129365	0.213328
0.1312	0.206697
0.13306	0.199794
0.134947	0.192621
0.136861	0.185177
0.138801	0.177464
0.140769	0.169482
0.142766	0.161233
0.14479	0.15272
0.146843	0.143944
0.148925	0.134908
0.151037	0.125616
0.153179	0.116072
0.155351	0.10628
0.157554	0.0962444
0.159788	0.0859715
0.162054	0.0754668
0.164352	0.0647368
0.166682	0.0537885
0.169046	0.0426294
0.171443	0.0312677
0.173874	0.0197118
0.17634	0.00797121
0.17884	-0.00394448
0.181376	-0.0160249
0.183948	-0.028259
0.186557	-0.0406354
0.189202	-0.0531421
0.191885	-0.0657664
0.194606	-0.0784952
0.197365	-0.0913146
0.200164	-0.104211
0.203003	-0.117168
0.205881	-0.130172
0.208801	-0.143207
0.211761	-0.156255
0.214764	-0.169301
0.21781	-0.182327
0.220898	-0.195316
0.224031	-0.208248
0.227207	-0.221107
0.230429	-0.233872
0.233697	-0.246524
0.237011	-0.259044
0.240371	-0.271412
0.24378	-0.283608
0.247237	-0.295611
0.250743	-0.3074
0.254298	-0.318955
0.257904	-0.330255
0.261561	-0.341278
0.26527	-0.352004
0.269032	-0.362412
0.272847	-0.372479
0.276716	-0.382186
0.28064	-0.391511
0.284619	-0.400433
0.288655	-0.408932
0.292748	-0.416988
0.2969	-0.424579
0.30111	-0.431688
0.305379	-0.438293
0.30971	-0.444376
0.314102	-0.449919
0.318556	-0.454904
0.323073	-0.459312
0.327654	-0.463128
0.3323	-0.466336
0.337012	-0.468919
0.341791	-0.470863
0.346638	-0.472154
0.351553	-0.47278
0.356538	-0.472727
0.361594	-0.471984
0.366722	-0.470541
0.371922	-0.46839
0.377196	-0.46552
0.382544	-0.461925
0.387969	-0.457599
0.39347	-0.452536
0.39905	-0.446732
0.404708	-0.440184
0.410447	-0.432892
0.416267	-0.424853
0.42217	-0.416068
0.428157	-0.40654
0.434228	-0.396272
0.440385	-0.385267
0.44663	-0.373532
0.452963	-0.361073
0.459387	-0.347898
0.465901	-0.334017
0.472507	-0.31944
0.479208	-0.304178
0.486003	-0.288246
0.492894	-0.271657
0.499884	-0.254428
0.506972	-0.236573
0.514161	-0.218113
0.521452	-0.199065
0.528846	-0.17945
0.536345	-0.159289
0.543951	-0.138605
0.551664	-0.117422
0.559487	-0.0957631
0.567421	-0.0736553
0.575467	-0.0511248
0.583627	-0.0281991
0.591903	-0.00490653
0.600296	0.0187235
0.608808	0.0426611
0.617441	0.0668753
0.626197	0.0913347
0.635076	0.116007
0.644082	0.14086
0.653215	0.16586
0.662478	0.190973
0.671872	0.216166
0.681399	0.241403
0.691062	0.266651
0.700861	0.291874
0.710799	0.317037
0.720879	0.342106
0.731101	0.367045
0.741468	0.391819
0.751982	0.416393
0.762645	0.440733
0.77346	0.464805
0.784427	0.488574
0.795551	0.512007
0.806832	0.535071
0.818273	0.557734
0.829876	0.579963
0.841644	0.601727
0.853579	0.622997
0.865682	0.643742
0.877958	0.663933
0.890408	0.683543
0.903034	0.702545
0.915839	0.720913
0.928826	0.738623
0.941997	0.75565
0.955354	0.771973
0.968901	0.787571
0.982641	0.802423
0.996575	0.816511
1.01071	0.829819
1.02504	0.84233
1.03957	0.854032
1.05431	0.86491
1.06927	0.874955
1.08443	0.884157
1.0998	0.892508
1.1154	0.900001
1.13122	0.906634
1.14726	0.912402
1.16353	0.917304
1.18003	0.921342
1.19676	0.924517
1.21373	0.926832
1.23094	0.928294
1.24839	0.928908
1.2661	0.928685
1.28405	0.927633
1.30226	0.925764
1.32072	0.923091
1.33945	0.91963
1.35845	0.915394
1.37771	0.910402
1.39725	0.904672
1.41706	0.898223
1.43715	0.891076
1.45753	0.883253
1.4782	0.874776
1.49916	0.865669
1.52042	0.855956
1.54198	0.845663
1.56384	0.834816
1.58602	0.82344
1.60851	0.811565
1.63132	0.799216
1.65445	0.786422
1.67791	0.773212
1.70171	0.759615
1.72584	0.745658
1.75031	0.731371
1.77513	0.716783
1.8003	0.701924
1.82583	0.686821
1.85172	0.671504
1.87798	0.656001
1.90461	0.640341
1.93161	0.624551
1.959	0.608658
1.98678	0.592691
2.01496	0.576674
2.04353	0.560633
2.07251	0.544595
2.1019	0.528583
2.1317	0.512621
2.16193	0.496732
2.19258	0.480938
2.22368	0.46526
2.25521	0.449718
2.28719	0.434332
2.31962	0.419121
2.35251	0.404101
2.38587	0.389289
2.4197	0.3747
2.45402	0.36035
2.48881	0.34625
2.52411	0.332414
2.5599	0.318852
2.5962	0.305576
2.63301	0.292594
2.67035	0.279914
2.70822	0.267544
2.74662	0.25549
2.78557	0.243757
2.82507	0.23235
2.86513	0.221271
2.90575	0.210525
2.94696	0.200112
2.98875	0.190034
3.03113	0.18029
3.07411	0.170881
3.1177	0.161804
3.16191	0.153058
3.20675	0.144641
3.25222	0.136549
3.29834	0.128778
3.34511	0.121324
3.39254	0.114183
3.44065	0.107349
3.48944	0.100816
3.53892	0.0945794
3.5891	0.0886315
3.63999	0.082966
3.69161	0.077576
3.74396	0.0724542
3.79705	0.0675931
3.85089	0.0629851
3.9055	0.0586224
3.96088	0.0544972
4.01704	0.0506013
4.07401	0.0469267
4.13178	0.0434653
4.19037	0.040209
4.24979	0.0371495
4.31005	0.0342788
4.37117	0.0315889
4.43315	0.0290718
4.49601	0.0267197
4.55977	0.0245246
4.62442	0.0224791
4.69	0.0205757
4.7565	0.0188069
4.82395	0.0171658
4.89236	0.0156452
4.96173	0.0142385
5.03209	0.0129391
5.10345	0.0117406
5.17581	0.0106369
5.24921	0.00962204
5.32364	0.00869043
5.39913	0.00783658
5.47569	0.00705527
5.55334	0.00634151
5.63209	0.00569055
5.71195	0.00509787
5.79295	0.00455917
5.87509	0.00407039
5.9584	0.00362767
6.04289	0.0032274
6.12858	0.00286614
6.21549	0.00254071
6.30362	0.00224808
6.39301	0.00198544
6.48366	0.00175017
6.5756	0.00153983
6.66885	0.00135213
6.76341	0.00118497
6.85932	0.00103641
6.95659	0.000904634
7.05523	0.000787996
7.15528	0.000684969
7.25674	0.000594159
7.35964	0.000514287
7.464	0.000444189
7.56984	0.000382804
7.67718	0.000329168
7.78605	0.00028241
7.89646	0.000241741
8.00843	0.000206449
8.12199	0.000175896
8.23716	0.000149509
8.35397	0.000126774
8.47243	0.000107234
8.59257	9.04812e-05
8.71441	7.61544e-05
8.83798	6.39334e-05
8.96331	5.35354e-05
9.09041	4.47116e-05
9.21931	3.72436e-05
9.35004	3.09398e-05
9.48263	2.56333e-05
9.61709	2.11785e-05
9.75347	1.74492e-05
9.89177	1.4336e-05
10.032	1.17446e-05
10.1743	9.59373e-06
10.3186	7.81376e-06
10.4649	6.34511e-06
10.6133	5.13698e-06
10.7638	4.14618e-06
10.9164	3.33613e-06
11.0712	2.67592e-06
11.2282	2.13955e-06
11.3874	1.70519e-06
11.5489	1.35458e-06
11.7127	1.0725e-06
11.8787	8.46321e-07
12.0472	6.65575e-07
12.218	5.21631e-07
12.3913	4.07395e-07
12.567	3.17053e-07
12.7452	2.45862e-07
12.9259	1.89966e-07
13.1092	1.46238e-07
13.2951	1.12158e-07
13.4836	8.56949e-08
13.6748	6.52258e-08
13.8687	4.94537e-08
14.0654	3.73483e-08
14.2648	2.80939e-08
14.4671	2.10475e-08
14.6723	1.5704e-08
14.8803	1.16687e-08
15.0913	8.63388e-09
15.3053	6.36122e-09
15.5224	4.66659e-09
15.7425	3.40846e-09
15.9657	2.47851e-09
16.1921	1.79419e-09
16.4217	1.2929e-09
16.6546	9.2736e-10
16.8907	6.62041e-10
17.1302	4.7036e-10
17.3732	3.32527e-10
17.6195	2.33873e-10
17.8694	1.63578e-10
18.1228	1.13694e-10
18.3797	7.84089e-11
18.6404	5.34806e-11
18.9047	3.58155e-11
19.1728	2.31478e-11
19.4446	1.37883e-11
19.7204	6.43362e-12
