3.663e-06	2.35398e-37
7.32601e-06	7.53274e-36
1.0989e-05	7.13255e-35
1.4652e-05	3.72869e-34
1.8315e-05	1.37354e-33
2.1978e-05	4.02242e-33
2.5641e-05	1.00233e-32
2.9304e-05	2.21607e-32
3.2967e-05	4.46855e-32
3.663e-05	8.37599e-32
4.0293e-05	1.47961e-31
4.3956e-05	2.48844e-31
4.7619e-05	4.01567e-31
5.12821e-05	6.25568e-31
5.49451e-05	9.4531e-31
5.86081e-05	1.39108e-30
6.22711e-05	1.99985e-30
6.59341e-05	2.81618e-30
6.95971e-05	3.89324e-30
7.32601e-05	5.29379e-30
7.69231e-05	7.0913e-30
8.05861e-05	9.37112e-30
8.42491e-05	1.22317e-29
8.79121e-05	1.57858e-29
9.15751e-05	2.01618e-29
9.52381e-05	2.55055e-29
9.89011e-05	3.19807e-29
0.000102564	3.97717e-29
0.000106227	4.90841e-29
0.00010989	6.0147e-29
0.000113553	7.32142e-29
0.000117216	8.85663e-29
0.000120879	1.06512e-28
0.000124542	1.27392e-28
0.000128205	1.51576e-28
0.000131868	1.79471e-28
0.000135531	2.11519e-28
0.000139194	2.48201e-28
0.000142857	2.90037e-28
0.00014652	3.37592e-28
0.000150183	3.91474e-28
0.000153846	4.5234e-28
0.000157509	5.20896e-28
0.000161172	5.979e-28
0.000164835	6.84165e-28
0.000168498	7.80561e-28
0.000172161	8.8802e-28
0.000175824	1.00753e-27
0.000179487	1.14016e-27
0.00018315	1.28702e-27
0.000186813	1.44933e-27
0.000190476	1.62834e-27
0.000194139	1.8254e-27
0.000197802	2.04196e-27
0.000201465	2.27951e-27
0.000205128	2.53965e-27
0.000208791	2.82408e-27
0.000212454	3.13457e-27
0.000216117	3.47299e-27
0.00021978	3.84134e-27
0.000223443	4.24167e-27
0.000227106	4.67618e-27
0.000230769	5.14717e-27
0.000234432	5.65704e-27
0.000238095	6.20831e-27
0.000241758	6.80364e-27
0.000245421	7.4458e-27
0.000249084	8.13769e-27
0.000252747	8.88234e-27
0.00025641	9.68292e-27
0.000260046	1.05362e-26
0.000263734	1.14646e-26
0.000267473	1.24748e-26
0.000271266	1.3574e-26
0.000275113	1.47701e-26
0.000279014	1.60715e-26
0.000282971	1.74876e-26
0.000286983	1.90285e-26
0.000291053	2.07051e-26
0.00029518	2.25294e-26
0.000299365	2.45144e-26
0.000303611	2.66743e-26
0.000307916	2.90245e-26
0.000312282	3.15817e-26
0.00031671	3.43642e-26
0.000321201	3.73919e-26
0.000325756	4.06862e-26
0.000330375	4.42708e-26
0.00033506	4.81712e-26
0.000339811	5.24153e-26
0.00034463	5.70331e-26
0.000349517	6.20578e-26
0.000354473	6.75252e-26
0.000359499	7.34742e-26
0.000364597	7.99473e-26
0.000369767	8.69905e-26
0.000375011	9.46543e-26
0.000380328	1.02993e-25
0.000385721	1.12067e-25
0.000391191	1.21939e-25
0.000396738	1.32682e-25
0.000402364	1.44371e-25
0.00040807	1.57089e-25
0.000413856	1.70928e-25
0.000419725	1.85985e-25
0.000425676	2.02369e-25
0.000431713	2.20197e-25
0.000437834	2.39594e-25
0.000444043	2.60701e-25
0.00045034	2.83666e-25
0.000456725	3.08654e-25
0.000463202	3.35844e-25
0.00046977	3.65428e-25
0.000476432	3.97618e-25
0.000483188	4.32643e-25
0.000490039	4.70754e-25
0.000496988	5.12221e-25
0.000504035	5.5734e-25
0.000511183	6.06434e-25
0.000518431	6.59851e-25
0.000525783	7.17973e-25
0.000533239	7.81214e-25
0.0005408	8.50025e-25
0.000548469	9.24897e-25
0.000556246	1.00636e-24
0.000564134	1.095e-24
0.000572133	1.19145e-24
0.000580246	1.29639e-24
0.000588474	1.41057e-24
0.000596819	1.53481e-24
0.000605282	1.66999e-24
0.000613865	1.81708e-24
0.00062257	1.97711e-24
0.000631398	2.15125e-24
0.000640351	2.34071e-24
0.000649431	2.54686e-24
0.00065864	2.77116e-24
0.00066798	3.01522e-24
0.000677452	3.28077e-24
0.000687058	3.5697e-24
0.000696801	3.88407e-24
0.000706682	4.22612e-24
0.000716703	4.5983e-24
0.000726866	5.00324e-24
0.000737173	5.44384e-24
0.000747626	5.92324e-24
0.000758227	6.44484e-24
0.000768979	7.01237e-24
0.000779884	7.62987e-24
0.000790942	8.30174e-24
0.000802158	9.03276e-24
0.000813533	9.82815e-24
0.000825069	1.06936e-23
0.000836769	1.16352e-23
0.000848634	1.26597e-23
0.000860668	1.37743e-23
0.000872872	1.49872e-23
0.00088525	1.63068e-23
0.000897803	1.77425e-23
0.000910534	1.93047e-23
0.000923445	2.10044e-23
0.00093654	2.28537e-23
0.00094982	2.48657e-23
0.000963289	2.70549e-23
0.000976948	2.94368e-23
0.000990802	3.20284e-23
0.00100485	3.48481e-23
0.0010191	3.79159e-23
0.00103355	4.12538e-23
0.00104821	4.48855e-23
0.00106307	4.88368e-23
0.00107815	5.31359e-23
0.00109343	5.78133e-23
0.00110894	6.29024e-23
0.00112466	6.84394e-23
0.00114061	7.44636e-23
0.00115679	8.10181e-23
0.00117319	8.81493e-23
0.00118983	9.59081e-23
0.0012067	1.0435e-22
0.00122381	1.13534e-22
0.00124116	1.23526e-22
0.00125876	1.34398e-22
0.00127661	1.46227e-22
0.00129471	1.59096e-22
0.00131307	1.73097e-22
0.00133169	1.88331e-22
0.00135058	2.04904e-22
0.00136973	2.22936e-22
0.00138915	2.42554e-22
0.00140885	2.63898e-22
0.00142883	2.8712e-22
0.00144909	3.12384e-22
0.00146964	3.39871e-22
0.00149048	3.69776e-22
0.00151161	4.02312e-22
0.00153305	4.37709e-22
0.00155479	4.7622e-22
0.00157683	5.18118e-22
0.00159919	5.63702e-22
0.00162187	6.13294e-22
0.00164487	6.67248e-22
0.00166819	7.25947e-22
0.00169185	7.89808e-22
0.00171584	8.59285e-22
0.00174017	9.34872e-22
0.00176485	1.01711e-21
0.00178987	1.10657e-21
0.00181525	1.2039e-21
0.00184099	1.30979e-21
0.0018671	1.42499e-21
0.00189357	1.55032e-21
0.00192042	1.68666e-21
0.00194766	1.83499e-21
0.00197527	1.99637e-21
0.00200328	2.17193e-21
0.00203169	2.36292e-21
0.0020605	2.5707e-21
0.00208972	2.79674e-21
0.00211935	3.04265e-21
0.0021494	3.31017e-21
0.00217988	3.60121e-21
0.0022108	3.91782e-21
0.00224214	4.26226e-21
0.00227394	4.63697e-21
0.00230618	5.0446e-21
0.00233889	5.48806e-21
0.00237205	5.97048e-21
0.00240569	6.49528e-21
0.0024398	7.06619e-21
0.0024744	7.68726e-21
0.00250948	8.3629e-21
0.00254507	9.09788e-21
0.00258116	9.89743e-21
0.00261776	1.07672e-20
0.00265488	1.17134e-20
0.00269253	1.27427e-20
0.00273071	1.38623e-20
0.00276943	1.50804e-20
0.0028087	1.64053e-20
0.00284853	1.78466e-20
0.00288892	1.94145e-20
0.00292989	2.11201e-20
0.00297143	2.29754e-20
0.00301357	2.49936e-20
0.0030563	2.71889e-20
0.00309964	2.9577e-20
0.00314359	3.21747e-20
0.00318817	3.50004e-20
0.00323338	3.80741e-20
0.00327923	4.14176e-20
0.00332573	4.50545e-20
0.00337289	4.90106e-20
0.00342072	5.33138e-20
0.00346922	5.79946e-20
0.00351842	6.30861e-20
0.00356831	6.86243e-20
0.00361891	7.46483e-20
0.00367023	8.12008e-20
0.00372227	8.8328e-20
0.00377505	9.60803e-20
0.00382858	1.04513e-19
0.00388287	1.13684e-19
0.00393793	1.2366e-19
0.00399377	1.34511e-19
0.00405041	1.46313e-19
0.00410784	1.5915e-19
0.00416609	1.73112e-19
0.00422517	1.88299e-19
0.00428508	2.04816e-19
0.00434584	2.22781e-19
0.00440747	2.4232e-19
0.00446997	2.63572e-19
0.00453335	2.86686e-19
0.00459764	3.11825e-19
0.00466283	3.39167e-19
0.00472895	3.68904e-19
0.00479601	4.01245e-19
0.00486402	4.3642e-19
0.00493299	4.74675e-19
0.00500294	5.1628e-19
0.00507388	5.61529e-19
0.00514583	6.10739e-19
0.0052188	6.64258e-19
0.0052928	7.22462e-19
0.00536786	7.85761e-19
0.00544397	8.546e-19
0.00552117	9.29464e-19
0.00559946	1.01088e-18
0.00567886	1.09942e-18
0.00575939	1.1957e-18
0.00584106	1.30041e-18
0.00592389	1.41428e-18
0.00600789	1.53811e-18
0.00609308	1.67276e-18
0.00617948	1.81919e-18
0.00626711	1.97843e-18
0.00635598	2.15158e-18
0.00644611	2.33988e-18
0.00653751	2.54463e-18
0.00663022	2.76727e-18
0.00672423	3.00937e-18
0.00681958	3.27263e-18
0.00691629	3.55888e-18
0.00701436	3.87014e-18
0.00711383	4.20859e-18
0.0072147	4.57659e-18
0.00731701	4.97673e-18
0.00742076	5.41181e-18
0.00752599	5.88487e-18
0.00763271	6.39922e-18
0.00774095	6.95846e-18
0.00785071	7.5665e-18
0.00796204	8.2276e-18
0.00807494	8.94637e-18
0.00818945	9.72784e-18
0.00830557	1.05775e-17
0.00842335	1.15012e-17
0.00854279	1.25054e-17
0.00866393	1.35972e-17
0.00878679	1.47842e-17
0.00891138	1.60746e-17
0.00903775	1.74775e-17
0.00916591	1.90026e-17
0.00929588	2.06605e-17
0.0094277	2.24628e-17
0.00956138	2.44221e-17
0.00969697	2.6552e-17
0.00983447	2.88673e-17
0.00997393	3.13841e-17
0.0101154	3.41199e-17
0.0102588	3.70938e-17
0.0104043	4.03264e-17
0.0105518	4.38401e-17
0.0107014	4.76594e-17
0.0108532	5.18108e-17
0.0110071	5.63231e-17
0.0111632	6.12275e-17
0.0113215	6.65581e-17
0.011482	7.23519e-17
0.0116448	7.86489e-17
0.0118099	8.54928e-17
0.0119774	9.29309e-17
0.0121472	1.01015e-16
0.0123195	1.098e-16
0.0124942	1.19348e-16
0.0126714	1.29724e-16
0.012851	1.41001e-16
0.0130333	1.53255e-16
0.0132181	1.66571e-16
0.0134055	1.81042e-16
0.0135956	1.96767e-16
0.0137884	2.13854e-16
0.0139839	2.32422e-16
0.0141822	2.52597e-16
0.0143833	2.7452e-16
0.0145873	2.9834e-16
0.0147941	3.24221e-16
0.0150039	3.52342e-16
0.0152167	3.82894e-16
0.0154324	4.16089e-16
0.0156513	4.52154e-16
0.0158732	4.91336e-16
0.0160983	5.33904e-16
0.0163266	5.80149e-16
0.0165581	6.30387e-16
0.0167929	6.84963e-16
0.017031	7.4425e-16
0.0172725	8.08653e-16
0.0175174	8.78612e-16
0.0177658	9.54604e-16
0.0180178	1.03715e-15
0.0182733	1.12681e-15
0.0185324	1.22419e-15
0.0187952	1.32996e-15
0.0190617	1.44484e-15
0.019332	1.56962e-15
0.0196061	1.70513e-15
0.0198841	1.85229e-15
0.0201661	2.01212e-15
0.0204521	2.18568e-15
0.0207421	2.37417e-15
0.0210362	2.57885e-15
0.0213345	2.80111e-15
0.021637	3.04245e-15
0.0219438	3.30451e-15
0.022255	3.58906e-15
0.0225706	3.89801e-15
0.0228906	4.23346e-15
0.0232152	4.59765e-15
0.0235444	4.99305e-15
0.0238783	5.42232e-15
0.0242169	5.88834e-15
0.0245603	6.39425e-15
0.0249086	6.94343e-15
0.0252618	7.53959e-15
0.02562	8.1867e-15
0.0259833	8.88912e-15
0.0263517	9.65153e-15
0.0267254	1.0479e-14
0.0271044	1.13772e-14
0.0274887	1.23519e-14
0.0278785	1.34098e-14
0.0282738	1.45579e-14
0.0286748	1.58038e-14
0.0290814	1.71558e-14
0.0294938	1.86229e-14
0.029912	2.02148e-14
0.0303362	2.19421e-14
0.0307663	2.38163e-14
0.0312026	2.58497e-14
0.0316451	2.80559e-14
0.0320938	3.04493e-14
0.0325489	3.30459e-14
0.0330104	3.58626e-14
0.0334785	3.89182e-14
0.0339533	4.22326e-14
0.0344347	4.58278e-14
0.034923	4.97273e-14
0.0354182	5.39567e-14
0.0359205	5.85437e-14
0.0364298	6.35184e-14
0.0369464	6.89133e-14
0.0374703	7.47638e-14
0.0380016	8.11078e-14
0.0385405	8.7987e-14
0.039087	9.54459e-14
0.0396413	1.03533e-13
0.0402034	1.12301e-13
0.0407735	1.21807e-13
0.0413517	1.32113e-13
0.041938	1.43285e-13
0.0425327	1.55395e-13
0.0431359	1.68522e-13
0.0437475	1.8275e-13
0.0443679	1.98171e-13
0.044997	2.14884e-13
0.0456351	2.32997e-13
0.0462822	2.52627e-13
0.0469385	2.73898e-13
0.0476041	2.96947e-13
0.0482791	3.21921e-13
0.0489637	3.4898e-13
0.049658	3.78297e-13
0.0503622	4.10058e-13
0.0510764	4.44466e-13
0.0518006	4.81737e-13
0.0525352	5.22111e-13
0.0532801	5.65841e-13
0.0540356	6.13204e-13
0.0548019	6.645e-13
0.055579	7.20052e-13
0.0563671	7.8021e-13
0.0571664	8.45352e-13
0.057977	9.15887e-13
0.0587991	9.92258e-13
0.0596329	1.07494e-12
0.0604785	1.16446e-12
0.0613361	1.26136e-12
0.0622059	1.36626e-12
0.063088	1.4798e-12
0.0639826	1.60269e-12
0.0648899	1.73569e-12
0.06581	1.87963e-12
0.0667432	2.0354e-12
0.0676896	2.20395e-12
0.0686495	2.38633e-12
0.069623	2.58366e-12
0.0706102	2.79714e-12
0.0716115	3.0281e-12
0.072627	3.27793e-12
0.0736568	3.54818e-12
0.0747013	3.84048e-12
0.0757606	4.15661e-12
0.0768349	4.4985e-12
0.0779244	4.86822e-12
0.0790294	5.26802e-12
0.08015	5.70029e-12
0.0812866	6.16767e-12
0.0824392	6.67295e-12
0.0836082	7.21919e-12
0.0847938	7.80964e-12
0.0859962	8.44787e-12
0.0872156	9.13767e-12
0.0884524	9.88317e-12
0.0897066	1.06888e-11
0.0909787	1.15594e-11
0.0922688	1.25e-11
0.0935772	1.35163e-11
0.0949041	1.46143e-11
0.0962499	1.58004e-11
0.0976147	1.70817e-11
0.0989989	1.84656e-11
0.100403	1.99603e-11
0.101826	2.15745e-11
0.10327	2.33177e-11
0.104735	2.51999e-11
0.10622	2.72323e-11
0.107726	2.94265e-11
0.109254	3.17953e-11
0.110803	3.43523e-11
0.112374	3.71124e-11
0.113968	4.00914e-11
0.115584	4.33065e-11
0.117223	4.6776e-11
0.118885	5.05198e-11
0.120571	5.45594e-11
0.12228	5.89176e-11
0.124014	6.36194e-11
0.125773	6.86914e-11
0.127556	7.41623e-11
0.129365	8.0063e-11
0.1312	8.64268e-11
0.13306	9.32894e-11
0.134947	1.00689e-10
0.136861	1.08668e-10
0.138801	1.17271e-10
0.140769	1.26545e-10
0.142766	1.36542e-10
0.14479	1.47317e-10
0.146843	1.58931e-10
0.148925	1.71447e-10
0.151037	1.84935e-10
0.153179	1.99469e-10
0.155351	2.15128e-10
0.157554	2.31999e-10
0.159788	2.50174e-10
0.162054	2.69751e-10
0.164352	2.90839e-10
0.166682	3.1355e-10
0.169046	3.38009e-10
0.171443	3.64347e-10
0.173874	3.92708e-10
0.17634	4.23243e-10
0.17884	4.56118e-10
0.181376	4.91507e-10
0.183948	5.29602e-10
0.186557	5.70605e-10
0.189202	6.14735e-10
0.191885	6.62227e-10
0.194606	7.13332e-10
0.197365	7.68323e-10
0.200164	8.2749e-10
0.203003	8.91144e-10
0.205881	9.59622e-10
0.208801	1.03328e-09
0.211761	1.11251e-09
0.214764	1.19773e-09
0.21781	1.28938e-09
0.220898	1.38793e-09
0.224031	1.4939e-09
0.227207	1.60785e-09
0.230429	1.73036e-09
0.233697	1.86207e-09
0.237011	2.00366e-09
0.240371	2.15585e-09
0.24378	2.31944e-09
0.247237	2.49526e-09
0.250743	2.68422e-09
0.254298	2.88728e-09
0.257904	3.10549e-09
0.261561	3.33996e-09
0.26527	3.59188e-09
0.269032	3.86253e-09
0.272847	4.1533e-09
0.276716	4.46566e-09
0.28064	4.80119e-09
0.284619	5.16159e-09
0.288655	5.54868e-09
0.292748	5.96443e-09
0.2969	6.41091e-09
0.30111	6.89039e-09
0.305379	7.40527e-09
0.30971	7.95815e-09
0.314102	8.55179e-09
0.318556	9.18917e-09
0.323073	9.87348e-09
0.327654	1.06082e-08
0.3323	1.13969e-08
0.337012	1.22435e-08
0.341791	1.31524e-08
0.346638	1.4128e-08
0.351553	1.51751e-08
0.356538	1.62991e-08
0.361594	1.75054e-08
0.366722	1.88001e-08
0.371922	2.01896e-08
0.377196	2.16808e-08
0.382544	2.32811e-08
0.387969	2.49985e-08
0.39347	2.68413e-08
0.39905	2.88188e-08
0.404708	3.09407e-08
0.410447	3.32175e-08
0.416267	3.56605e-08
0.42217	3.82818e-08
0.428157	4.10942e-08
0.434228	4.41116e-08
0.440385	4.7349e-08
0.44663	5.08222e-08
0.452963	5.45485e-08
0.459387	5.8546e-08
0.465901	6.28346e-08
0.472507	6.74352e-08
0.479208	7.23705e-08
0.486003	7.76649e-08
0.492894	8.33441e-08
0.499884	8.94363e-08
0.506972	9.59711e-08
0.514161	1.02981e-07
0.521452	1.105e-07
0.528846	1.18565e-07
0.536345	1.27215e-07
0.543951	1.36493e-07
0.551664	1.46445e-07
0.559487	1.57119e-07
0.567421	1.68567e-07
0.575467	1.80845e-07
0.583627	1.94014e-07
0.591903	2.08137e-07
0.600296	2.23284e-07
0.608808	2.39529e-07
0.617441	2.56951e-07
0.626197	2.75635e-07
0.635076	2.95673e-07
0.644082	3.17162e-07
0.653215	3.40208e-07
0.662478	3.64922e-07
0.671872	3.91426e-07
0.681399	4.1985e-07
0.691062	4.50331e-07
0.700861	4.83018e-07
0.710799	5.18072e-07
0.720879	5.55664e-07
0.731101	5.95978e-07
0.741468	6.39209e-07
0.751982	6.85571e-07
0.762645	7.35289e-07
0.77346	7.88606e-07
0.784427	8.45783e-07
0.795551	9.07101e-07
0.806832	9.72858e-07
0.818273	1.04338e-06
0.829876	1.119e-06
0.841644	1.2001e-06
0.853579	1.28708e-06
0.865682	1.38036e-06
0.877958	1.48039e-06
0.890408	1.58767e-06
0.903034	1.70272e-06
0.915839	1.8261e-06
0.928826	1.95843e-06
0.941997	2.10035e-06
0.955354	2.25256e-06
0.968901	2.4158e-06
0.982641	2.59087e-06
0.996575	2.77864e-06
1.01071	2.98003e-06
1.02504	3.19602e-06
1.03957	3.42769e-06
1.05431	3.67617e-06
1.06927	3.94268e-06
1.08443	4.22855e-06
1.0998	4.53517e-06
1.1154	4.86408e-06
1.13122	5.21688e-06
1.14726	5.59534e-06
1.16353	6.00132e-06
1.18003	6.43683e-06
1.19676	6.90404e-06
1.21373	7.40527e-06
1.23094	7.94301e-06
1.24839	8.51993e-06
1.2661	9.13893e-06
1.28405	9.80307e-06
1.30226	1.05157e-05
1.32072	1.12803e-05
1.33945	1.21009e-05
1.35845	1.29814e-05
1.37771	1.39262e-05
1.39725	1.49403e-05
1.41706	1.60286e-05
1.43715	1.71966e-05
1.45753	1.84502e-05
1.4782	1.97957e-05
1.49916	2.124e-05
1.52042	2.27903e-05
1.54198	2.44545e-05
1.56384	2.6241e-05
1.58602	2.8159e-05
1.60851	3.0218e-05
1.63132	3.24286e-05
1.65445	3.48021e-05
1.67791	3.73504e-05
1.70171	4.00867e-05
1.72584	4.30249e-05
1.75031	4.61799e-05
1.77513	4.95679e-05
1.8003	5.32063e-05
1.82583	5.71136e-05
1.85172	6.13098e-05
1.87798	6.58165e-05
1.90461	7.06567e-05
1.93161	7.58554e-05
1.959	8.14392e-05
1.98678	8.74367e-05
2.01496	9.38789e-05
2.04353	0.000100799
2.07251	0.000108232
2.1019	0.000116217
2.1317	0.000124794
2.16193	0.000134008
2.19258	0.000143907
2.22368	0.00015454
2.25521	0.000165963
2.28719	0.000178235
2.31962	0.000191418
2.35251	0.000205581
2.38587	0.000220795
2.4197	0.00023714
2.45402	0.000254698
2.48881	0.00027356
2.52411	0.000293821
2.5599	0.000315585
2.5962	0.000338964
2.63301	0.000364075
2.67035	0.000391046
2.70822	0.000420014
2.74662	0.000451125
2.78557	0.000484536
2.82507	0.000520414
2.86513	0.000558939
2.90575	0.000600303
2.94696	0.000644713
2.98875	0.000692389
3.03113	0.000743566
3.07411	0.000798498
3.1177	0.000857452
3.16191	0.000920719
3.20675	0.000988605
3.25222	0.00106144
3.29834	0.00113958
3.34511	0.00122339
3.39254	0.00131329
3.44065	0.00140969
3.48944	0.00151305
3.53892	0.00162387
3.5891	0.00174266
3.63999	0.00186997
3.69161	0.00200641
3.74396	0.0021526
3.79705	0.00230921
3.85089	0.00247696
3.9055	0.00265661
3.96088	0.00284897
4.01704	0.0030549
4.07401	0.00327533
4.13178	0.00351123
4.19037	0.00376363
4.24979	0.00403364
4.31005	0.00432244
4.37117	0.00463125
4.43315	0.00496141
4.49601	0.0053143
4.55977	0.00569142
4.62442	0.00609434
4.69	0.00652471
4.7565	0.00698431
4.82395	0.00747499
4.89236	0.00799874
4.96173	0.00855763
5.03209	0.00915387
5.10345	0.00978978
5.17581	0.0104678
5.24921	0.0111906
5.32364	0.0119608
5.39913	0.0127813
5.47569	0.0136552
5.55334	0.0145855
5.63209	0.0155758
5.71195	0.0166294
5.79295	0.0177501
5.87509	0.0189417
5.9584	0.0202082
6.04289	0.021554
6.12858	0.0229834
6.21549	0.024501
6.30362	0.0261117
6.39301	0.0278205
6.48366	0.0296326
6.5756	0.0315534
6.66885	0.0335887
6.76341	0.0357442
6.85932	0.0380259
6.95659	0.0404403
7.05523	0.0429936
7.15528	0.0456925
7.25674	0.0485439
7.35964	0.0515547
7.464	0.054732
7.56984	0.0580832
7.67718	0.0616154
7.78605	0.0653363
7.89646	0.0692534
8.00843	0.0733742
8.12199	0.0777062
8.23716	0.0822569
8.35397	0.0870337
8.47243	0.0920438
8.59257	0.0972943
8.71441	0.102792
8.83798	0.108542
8.96331	0.114552
9.09041	0.120827
9.21931	0.12737
9.35004	0.134187
9.48263	0.14128
9.61709	0.148651
9.75347	0.1563
9.89177	0.164227
10.032	0.172431
10.1743	0.180906
10.3186	0.189648
10.4649	0.198648
10.6133	0.207896
10.7638	0.21738
10.9164	0.227083
11.0712	0.236987
11.2282	0.247069
11.3874	0.257305
11.5489	0.267663
11.7127	0.278111
11.8787	0.28861
12.0472	0.299117
12.218	0.309584
12.3913	0.319958
12.567	0.33018
12.7452	0.340185
12.9259	0.349904
13.1092	0.359261
13.2951	0.368175
13.4836	0.376556
13.6748	0.384313
13.8687	0.391345
14.0654	0.397549
14.2648	0.402815
14.4671	0.40703
14.6723	0.410077
14.8803	0.411835
15.0913	0.412184
15.3053	0.411001
15.5224	0.408165
15.7425	0.403558
15.9657	0.397064
16.1921	0.388577
16.4217	0.377997
16.6546	0.365237
16.8907	0.350223
17.1302	0.332897
17.3732	0.313224
17.6195	0.291189
17.8694	0.266805
18.1228	0.240115
18.3797	0.211195
18.6404	0.180156
18.9047	0.147151
19.1728	0.112372
19.4446	0.0760569
19.7204	0.0384896
