4.02414e-06	2.12981e-09
8.04829e-06	8.51918e-09
1.20724e-05	1.9168e-08
1.60966e-05	3.4076e-08
2.01207e-05	5.3243e-08
2.41449e-05	7.66685e-08
2.8169e-05	1.04352e-07
3.21932e-05	1.36293e-07
3.62173e-05	1.72491e-07
4.02414e-05	2.12945e-07
4.42656e-05	2.57654e-07
4.82897e-05	3.06618e-07
5.23139e-05	3.59836e-07
5.6338e-05	4.17307e-07
6.03622e-05	4.79029e-07
6.43863e-05	5.45002e-07
6.84105e-05	6.15224e-07
7.24346e-05	6.89695e-07
7.64588e-05	7.68414e-07
8.04829e-05	8.51379e-07
8.4507e-05	9.3859e-07
8.85312e-05	1.03005e-06
9.25553e-05	1.12574e-06
9.65795e-05	1.22568e-06
0.000100604	1.32987e-06
0.000104628	1.43829e-06
0.000108652	1.55095e-06
0.000112676	1.66785e-06
0.0001167	1.78899e-06
0.000120724	1.91437e-06
0.000124748	2.04398e-06
0.000128773	2.17783e-06
0.000132797	2.31591e-06
0.000136821	2.45823e-06
0.000140845	2.60478e-06
0.000144869	2.75556e-06
0.000148893	2.91057e-06
0.000152918	3.06981e-06
0.000156942	3.23328e-06
0.000160966	3.40098e-06
0.00016499	3.5729e-06
0.000169014	3.74905e-06
0.000173038	3.92943e-06
0.000177062	4.11403e-06
0.000181087	4.30286e-06
0.000185111	4.49591e-06
0.000189135	4.69318e-06
0.000193159	4.89467e-06
0.000197183	5.10038e-06
0.000201207	5.31031e-06
0.000205231	5.52446e-06
0.000209256	5.74283e-06
0.00021328	5.96541e-06
0.000217304	6.19221e-06
0.000221328	6.42323e-06
0.000225352	6.65845e-06
0.000229376	6.89789e-06
0.0002334	7.14155e-06
0.000237425	7.38941e-06
0.000241449	7.64148e-06
0.000245473	7.89777e-06
0.000249497	8.15826e-06
0.000253521	8.42296e-06
0.000257545	8.69187e-06
0.000261569	8.96498e-06
0.000265594	9.2423e-06
0.000269618	9.52382e-06
0.000273642	9.80954e-06
0.000277666	1.00995e-05
0.00028169	1.03936e-05
0.000285714	1.06919e-05
0.000289727	1.09936e-05
0.000293795	1.13037e-05
0.000297921	1.16226e-05
0.000302105	1.19504e-05
0.000306347	1.22875e-05
0.000310649	1.26341e-05
0.000315012	1.29904e-05
0.000319435	1.33568e-05
0.000323921	1.37335e-05
0.00032847	1.41208e-05
0.000333083	1.4519e-05
0.00033776	1.49284e-05
0.000342503	1.53494e-05
0.000347313	1.57822e-05
0.00035219	1.62272e-05
0.000357136	1.66847e-05
0.000362152	1.71551e-05
0.000367237	1.76387e-05
0.000372394	1.81359e-05
0.000377624	1.86472e-05
0.000382927	1.91728e-05
0.000388304	1.97132e-05
0.000393757	2.02688e-05
0.000399287	2.08401e-05
0.000404894	2.14274e-05
0.00041058	2.20312e-05
0.000416346	2.26521e-05
0.000422192	2.32904e-05
0.000428121	2.39466e-05
0.000434133	2.46213e-05
0.00044023	2.5315e-05
0.000446412	2.60281e-05
0.000452681	2.67614e-05
0.000459038	2.75152e-05
0.000465484	2.82902e-05
0.000472021	2.9087e-05
0.00047865	2.99062e-05
0.000485371	3.07485e-05
0.000492187	3.16144e-05
0.000499099	3.25046e-05
0.000506108	3.34198e-05
0.000513215	3.43608e-05
0.000520422	3.53282e-05
0.000527731	3.63227e-05
0.000535142	3.73452e-05
0.000542657	3.83964e-05
0.000550277	3.94771e-05
0.000558005	4.05881e-05
0.000565841	4.17304e-05
0.000573787	4.29047e-05
0.000581845	4.41119e-05
0.000590015	4.53531e-05
0.000598301	4.66291e-05
0.000606703	4.79408e-05
0.000615223	4.92894e-05
0.000623862	5.06758e-05
0.000632623	5.21011e-05
0.000641507	5.35663e-05
0.000650516	5.50727e-05
0.000659651	5.66213e-05
0.000668915	5.82133e-05
0.000678308	5.98499e-05
0.000687834	6.15324e-05
0.000697493	6.3262e-05
0.000707288	6.50401e-05
0.00071722	6.6868e-05
0.000727292	6.87471e-05
0.000737506	7.06789e-05
0.000747862	7.26648e-05
0.000758365	7.47062e-05
0.000769014	7.68048e-05
0.000779814	7.89622e-05
0.000790764	8.11799e-05
0.000801869	8.34598e-05
0.00081313	8.58034e-05
0.000824549	8.82125e-05
0.000836128	9.06891e-05
0.00084787	9.32349e-05
0.000859776	9.58519e-05
0.00087185	9.85421e-05
0.000884093	0.000101307
0.000896509	0.00010415
0.000909098	0.000107072
0.000921865	0.000110076
0.000934811	0.000113164
0.000947938	0.000116338
0.00096125	0.0001196
0.000974749	0.000122954
0.000988437	0.000126401
0.00100232	0.000129944
0.00101639	0.000133587
0.00103067	0.000137331
0.00104514	0.000141179
0.00105982	0.000145135
0.0010747	0.000149201
0.00108979	0.00015338
0.0011051	0.000157676
0.00112062	0.000162092
0.00113635	0.00016663
0.00115231	0.000171295
0.00116849	0.00017609
0.0011849	0.000181018
0.00120154	0.000186084
0.00121841	0.000191291
0.00123552	0.000196642
0.00125287	0.000202142
0.00127047	0.000207795
0.00128831	0.000213606
0.0013064	0.000219578
0.00132475	0.000225716
0.00134335	0.000232024
0.00136222	0.000238508
0.00138134	0.000245171
0.00140074	0.00025202
0.00142041	0.000259059
0.00144036	0.000266293
0.00146059	0.000273727
0.0014811	0.000281368
0.0015019	0.000289221
0.00152299	0.000297291
0.00154438	0.000305585
0.00156606	0.000314109
0.00158806	0.000322869
0.00161036	0.000331871
0.00163297	0.000341122
0.0016559	0.000350629
0.00167916	0.0003604
0.00170274	0.00037044
0.00172665	0.000380758
0.0017509	0.000391361
0.00177548	0.000402257
0.00180042	0.000413453
0.0018257	0.000424959
0.00185134	0.000436782
0.00187734	0.000448931
0.0019037	0.000461416
0.00193043	0.000474244
0.00195754	0.000487426
0.00198503	0.000500971
0.00201291	0.000514888
0.00204118	0.000529189
0.00206984	0.000543883
0.00209891	0.000558982
0.00212838	0.000574495
0.00215827	0.000590435
0.00218858	0.000606812
0.00221931	0.000623639
0.00225048	0.000640928
0.00228208	0.000658691
0.00231413	0.000676941
0.00234663	0.000695691
0.00237958	0.000714955
0.002413	0.000734746
0.00244688	0.000755079
0.00248125	0.000775968
0.00251609	0.000797428
0.00255142	0.000819475
0.00258725	0.000842124
0.00262359	0.000865392
0.00266043	0.000889294
0.00269779	0.000913848
0.00273567	0.000939072
0.00277409	0.000964983
0.00281305	0.000991599
0.00285255	0.00101894
0.00289261	0.00104702
0.00293323	0.00107587
0.00297442	0.0011055
0.00301619	0.00113594
0.00305855	0.0011672
0.0031015	0.00119931
0.00314505	0.00123229
0.00318922	0.00126617
0.00323401	0.00130096
0.00327942	0.00133669
0.00332547	0.00137339
0.00337217	0.00141108
0.00341953	0.00144978
0.00346755	0.00148954
0.00351624	0.00153036
0.00356562	0.00157228
0.00361569	0.00161534
0.00366647	0.00165955
0.00371796	0.00170495
0.00377017	0.00175157
0.00382311	0.00179944
0.0038768	0.00184859
0.00393124	0.00189907
0.00398645	0.00195089
0.00404243	0.0020041
0.0040992	0.00205874
0.00415677	0.00211483
0.00421514	0.00217243
0.00427433	0.00223156
0.00433436	0.00229226
0.00439522	0.00235458
0.00445695	0.00241856
0.00451953	0.00248424
0.004583	0.00255167
0.00464736	0.00262088
0.00471262	0.00269193
0.0047788	0.00276486
0.00484591	0.00283972
0.00491396	0.00291656
0.00498297	0.00299543
0.00505295	0.00307638
0.00512391	0.00315946
0.00519586	0.00324473
0.00526883	0.00333224
0.00534282	0.00342205
0.00541784	0.00351422
0.00549393	0.0036088
0.00557108	0.00370586
0.00564931	0.00380545
0.00572865	0.00390765
0.00580909	0.00401252
0.00589067	0.00412011
0.00597339	0.00423051
0.00605728	0.00434378
0.00614234	0.00445998
0.0062286	0.0045792
0.00631607	0.00470151
0.00640476	0.00482698
0.0064947	0.00495569
0.00658591	0.00508772
0.0066784	0.00522315
0.00677218	0.00536206
0.00686728	0.00550454
0.00696372	0.00565067
0.00706151	0.00580055
0.00716068	0.00595426
0.00726123	0.00611189
0.0073632	0.00627354
0.0074666	0.0064393
0.00757146	0.00660927
0.00767778	0.00678356
0.0077856	0.00696226
0.00789494	0.00714548
0.0080058	0.00733332
0.00811823	0.00752589
0.00823223	0.00772331
0.00834784	0.00792568
0.00846507	0.00813313
0.00858394	0.00834576
0.00870449	0.0085637
0.00882673	0.00878707
0.00895068	0.009016
0.00907637	0.0092506
0.00920383	0.00949102
0.00933308	0.00973738
0.00946415	0.00998982
0.00959705	0.0102485
0.00973182	0.0105135
0.00986849	0.010785
0.0100071	0.0110631
0.0101476	0.011348
0.0102901	0.0116399
0.0104346	0.0119388
0.0105811	0.012245
0.0107297	0.0125586
0.0108804	0.0128797
0.0110332	0.0132086
0.0111881	0.0135454
0.0113453	0.0138902
0.0115046	0.0142432
0.0116661	0.0146046
0.01183	0.0149746
0.0119961	0.0153534
0.0121646	0.0157411
0.0123354	0.0161379
0.0125086	0.016544
0.0126843	0.0169596
0.0128624	0.0173849
0.013043	0.0178201
0.0132262	0.0182653
0.0134119	0.0187209
0.0136003	0.0191869
0.0137912	0.0196636
0.0139849	0.0201512
0.0141813	0.0206499
0.0143805	0.0211599
0.0145824	0.0216814
0.0147872	0.0222147
0.0149948	0.02276
0.0152054	0.0233174
0.0154189	0.0238873
0.0156355	0.0244698
0.015855	0.0250651
0.0160777	0.0256735
0.0163035	0.0262953
0.0165324	0.0269306
0.0167646	0.0275797
0.017	0.0282428
0.0172387	0.0289201
0.0174808	0.029612
0.0177263	0.0303186
0.0179752	0.0310401
0.0182277	0.0317769
0.0184836	0.0325291
0.0187432	0.033297
0.0190064	0.0340809
0.0192733	0.0348809
0.019544	0.0356973
0.0198184	0.0365304
0.0200967	0.0373803
0.020379	0.0382474
0.0206651	0.0391319
0.0209553	0.0400339
0.0212496	0.0409538
0.021548	0.0418918
0.0218506	0.0428481
0.0221575	0.0438228
0.0224686	0.0448164
0.0227842	0.0458289
0.0231041	0.0468605
0.0234286	0.0479116
0.0237576	0.0489823
0.0240912	0.0500727
0.0244295	0.0511832
0.0247726	0.0523139
0.0251205	0.0534649
0.0254732	0.0546365
0.0258309	0.0558289
0.0261937	0.0570421
0.0265615	0.0582764
0.0269345	0.0595319
0.0273128	0.0608087
0.0276963	0.062107
0.0280853	0.0634269
0.0284797	0.0647685
0.0288796	0.0661319
0.0292852	0.0675172
0.0296964	0.0689244
0.0301134	0.0703536
0.0305363	0.0718048
0.0309651	0.0732782
0.0314	0.0747736
0.0318409	0.0762911
0.0322881	0.0778307
0.0327415	0.0793923
0.0332013	0.0809758
0.0336675	0.0825813
0.0341403	0.0842085
0.0346198	0.0858574
0.0351059	0.0875279
0.0355989	0.0892197
0.0360988	0.0909327
0.0366058	0.0926667
0.0371198	0.0944213
0.0376411	0.0961965
0.0381697	0.0979918
0.0387057	0.0998069
0.0392493	0.101642
0.0398004	0.103495
0.0403594	0.105368
0.0409261	0.107258
0.0415008	0.109167
0.0420836	0.111092
0.0426746	0.113035
0.0432739	0.114993
0.0438816	0.116967
0.0444978	0.118955
0.0451227	0.120958
0.0457564	0.122974
0.0463989	0.125003
0.0470505	0.127043
0.0477112	0.129094
0.0483812	0.131155
0.0490607	0.133224
0.0497496	0.135302
0.0504483	0.137387
0.0511567	0.139477
0.0518751	0.141571
0.0526036	0.143669
0.0533423	0.145769
0.0540914	0.147869
0.054851	0.149969
0.0556213	0.152067
0.0564023	0.154161
0.0571944	0.156249
0.0579976	0.158331
0.058812	0.160404
0.0596379	0.162467
0.0604754	0.164518
0.0613247	0.166555
0.0621859	0.168576
0.0630592	0.17058
0.0639447	0.172563
0.0648427	0.174525
0.0657533	0.176462
0.0666766	0.178373
0.067613	0.180256
0.0685625	0.182107
0.0695253	0.183925
0.0705016	0.185707
0.0714917	0.187451
0.0724956	0.189154
0.0735137	0.190814
0.074546	0.192426
0.0755929	0.19399
0.0766544	0.195502
0.0777309	0.196959
0.0788225	0.198359
0.0799294	0.199698
0.0810518	0.200973
0.08219	0.202181
0.0833442	0.203319
0.0845146	0.204385
0.0857015	0.205374
0.086905	0.206283
0.0881254	0.20711
0.0893629	0.207851
0.0906179	0.208502
0.0918904	0.20906
0.0931808	0.209522
0.0944894	0.209885
0.0958163	0.210144
0.0971618	0.210297
0.0985263	0.21034
0.0999099	0.21027
0.101313	0.210083
0.102736	0.209776
0.104178	0.209346
0.105641	0.208788
0.107125	0.2081
0.108629	0.207279
0.110155	0.206321
0.111702	0.205222
0.11327	0.203981
0.114861	0.202593
0.116474	0.201055
0.11811	0.199365
0.119768	0.19752
0.12145	0.195517
0.123156	0.193353
0.124885	0.191026
0.126639	0.188532
0.128417	0.185871
0.130221	0.183039
0.132049	0.180034
0.133904	0.176855
0.135784	0.173499
0.137691	0.169966
0.139624	0.166253
0.141585	0.16236
0.143573	0.158284
0.14559	0.154027
0.147634	0.149586
0.149707	0.144961
0.15181	0.140152
0.153942	0.13516
0.156103	0.129984
0.158296	0.124625
0.160519	0.119084
0.162773	0.113361
0.165058	0.107459
0.167376	0.101378
0.169727	0.0951212
0.17211	0.0886903
0.174527	0.0820879
0.176978	0.0753169
0.179463	0.0683804
0.181984	0.061282
0.184539	0.0540255
0.187131	0.0466152
0.189759	0.0390555
0.192423	0.0313514
0.195126	0.023508
0.197866	0.0155311
0.200644	0.00742642
0.203462	-0.000799588
0.206319	-0.00914029
0.209217	-0.0175887
0.212155	-0.0261373
0.215134	-0.0347786
0.218155	-0.0435042
0.221219	-0.0523059
0.224325	-0.0611748
0.227475	-0.0701018
0.23067	-0.0790774
0.233909	-0.0880918
0.237194	-0.097135
0.240525	-0.106196
0.243903	-0.115265
0.247328	-0.124331
0.250801	-0.133381
0.254323	-0.142406
0.257894	-0.151392
0.261516	-0.160328
0.265188	-0.169201
0.268912	-0.177999
0.272689	-0.186709
0.276518	-0.195319
0.280401	-0.203815
0.284339	-0.212184
0.288332	-0.220413
0.292381	-0.228489
0.296487	-0.236397
0.30065	-0.244126
0.304872	-0.25166
0.309154	-0.258986
0.313495	-0.266092
0.317898	-0.272963
0.322362	-0.279587
0.326889	-0.285949
0.331479	-0.292037
0.336134	-0.297838
0.340855	-0.303339
0.345641	-0.308528
0.350495	-0.313391
0.355417	-0.317918
0.360408	-0.322096
0.365469	-0.325913
0.370602	-0.32936
0.375806	-0.332424
0.381084	-0.335096
0.386435	-0.337366
0.391862	-0.339224
0.397365	-0.340661
0.402945	-0.341669
0.408603	-0.34224
0.414341	-0.342366
0.42016	-0.342041
0.42606	-0.341258
0.432044	-0.340012
0.438111	-0.338297
0.444263	-0.33611
0.450502	-0.333445
0.456828	-0.3303
0.463244	-0.326673
0.469749	-0.322562
0.476346	-0.317965
0.483035	-0.312881
0.489818	-0.307312
0.496697	-0.301258
0.503672	-0.294721
0.510745	-0.287702
0.517917	-0.280206
0.52519	-0.272234
0.532566	-0.263793
0.540044	-0.254886
0.547628	-0.245521
0.555319	-0.235702
0.563117	-0.225437
0.571025	-0.214734
0.579044	-0.203601
0.587175	-0.192047
0.595421	-0.180082
0.603782	-0.167716
0.612261	-0.154961
0.620859	-0.141826
0.629578	-0.128326
0.638419	-0.114471
0.647385	-0.100276
0.656476	-0.0857537
0.665695	-0.0709187
0.675043	-0.0557857
0.684523	-0.0403698
0.694135	-0.0246866
0.703883	-0.00875231
0.713768	0.0074167
0.723791	0.0238035
0.733955	0.040391
0.744262	0.0571615
0.754714	0.0740971
0.765313	0.0911797
0.77606	0.108391
0.786958	0.125712
0.798009	0.143124
0.809216	0.160608
0.82058	0.178145
0.832103	0.195716
0.843788	0.2133
0.855637	0.23088
0.867653	0.248434
0.879838	0.265944
0.892193	0.283391
0.904722	0.300755
0.917427	0.318017
0.930311	0.335157
0.943375	0.352157
0.956623	0.368999
0.970057	0.385662
0.983679	0.40213
0.997493	0.418385
1.0115	0.434407
1.02571	0.450181
1.04011	0.465689
1.05472	0.480915
1.06953	0.495841
1.08455	0.510453
1.09978	0.524735
1.11522	0.538673
1.13088	0.55225
1.14676	0.565455
1.16287	0.578273
1.1792	0.590691
1.19576	0.602697
1.21255	0.61428
1.22958	0.625428
1.24684	0.636132
1.26435	0.64638
1.28211	0.656164
1.30011	0.665475
1.31837	0.674306
1.33688	0.68265
1.35566	0.690499
1.3747	0.697849
1.394	0.704694
1.41358	0.711031
1.43343	0.716855
1.45356	0.722165
1.47397	0.726958
1.49467	0.731233
1.51566	0.734989
1.53694	0.738228
1.55853	0.74095
1.58041	0.743157
1.60261	0.744851
1.62511	0.746037
1.64793	0.746717
1.67107	0.746897
1.69454	0.746583
1.71834	0.745779
1.74247	0.744494
1.76694	0.742734
1.79175	0.740507
1.81691	0.737821
1.84243	0.734687
1.8683	0.731113
1.89454	0.727109
1.92114	0.722686
1.94812	0.717855
1.97548	0.712627
2.00322	0.707014
2.03135	0.701028
2.05988	0.694682
2.0888	0.687988
2.11814	0.680959
2.14788	0.673608
2.17804	0.665949
2.20863	0.657995
2.23965	0.64976
2.2711	0.641259
2.30299	0.632503
2.33533	0.623509
2.36813	0.614289
2.40138	0.604859
2.43511	0.595231
2.4693	0.58542
2.50398	0.57544
2.53914	0.565305
2.5748	0.555029
2.61096	0.544625
2.64762	0.534107
2.6848	0.523489
2.72251	0.512783
2.76074	0.502003
2.79951	0.491162
2.83882	0.480272
2.87869	0.469346
2.91911	0.458397
2.9601	0.447436
3.00167	0.436474
3.04383	0.425524
3.08657	0.414597
3.12991	0.403704
3.17387	0.392854
3.21844	0.38206
3.26363	0.371329
3.30947	0.360673
3.35594	0.350101
3.40307	0.339621
3.45086	0.329242
3.49932	0.318973
3.54846	0.308822
3.59829	0.298796
3.64882	0.288902
3.70006	0.279147
3.75202	0.269538
3.80471	0.260081
3.85814	0.250782
3.91232	0.241645
3.96726	0.232677
4.02297	0.223881
4.07947	0.215263
4.13676	0.206824
4.19485	0.19857
4.25376	0.190504
4.31349	0.182627
4.37407	0.174943
4.43549	0.167453
4.49778	0.160159
4.56094	0.153063
4.62499	0.146164
4.68994	0.139465
4.7558	0.132964
4.82259	0.126662
4.89031	0.120559
4.95898	0.114654
5.02862	0.108945
5.09924	0.103432
5.17085	0.0981122
5.24346	0.0929847
5.3171	0.0880471
5.39177	0.0832969
5.46748	0.0787315
5.54426	0.0743481
5.62212	0.0701438
5.70107	0.0661151
5.78113	0.0622588
5.86232	0.0585713
5.94464	0.0550488
6.02812	0.0516875
6.11277	0.0484833
6.19862	0.0454322
6.28566	0.04253
6.37393	0.0397725
6.46344	0.0371552
6.55421	0.0346738
6.64625	0.0323239
6.73958	0.0301009
6.83423	0.0280005
6.9302	0.0260181
7.02752	0.0241493
7.12621	0.0223896
7.22628	0.0207347
7.32776	0.01918
7.43066	0.0177214
7.53501	0.0163544
7.64083	0.0150751
7.74813	0.0138791
7.85693	0.0127625
7.96727	0.0117214
8.07915	0.0107518
8.19261	0.00984997
8.30766	0.00901235
8.42432	0.00823535
8.54262	0.00751554
8.66259	0.00684961
8.78424	0.00623436
8.90759	0.00566672
9.03268	0.00514372
9.15953	0.00466254
9.28816	0.00422046
9.41859	0.00381488
9.55085	0.00344334
9.68498	0.00310346
9.82098	0.00279302
9.9589	0.00250989
10.0988	0.00225207
10.2406	0.00201764
10.3844	0.00180482
10.5302	0.00161192
10.6781	0.00143736
10.828	0.00127964
10.9801	0.00113737
11.1343	0.00100926
11.2906	0.000894078
11.4492	0.000790702
11.61	0.000698081
11.773	0.000615239
11.9383	0.000541273
12.106	0.000475351
12.276	0.000416703
12.4484	0.000364621
12.6232	0.000318457
12.8005	0.000277615
12.9802	0.000241549
13.1625	0.000209762
13.3474	0.000181801
13.5348	0.000157253
13.7249	0.000135747
13.9176	0.000116941
14.113	0.000100532
14.3112	8.62437e-05
14.5122	7.38275e-05
14.716	6.30614e-05
14.9227	5.3746e-05
15.1322	4.57033e-05
15.3447	3.87745e-05
15.5602	3.28184e-05
15.7787	2.77097e-05
16.0003	2.33372e-05
16.225	1.9603e-05
16.4528	1.64204e-05
16.6839	1.37133e-05
16.9182	1.14147e-05
17.1558	9.46601e-06
17.3967	7.8157e-06
17.641	6.41872e-06
17.8887	5.23556e-06
18.1399	4.23154e-06
18.3947	3.37605e-06
18.653	2.64194e-06
18.9149	2.00484e-06
19.1805	1.44251e-06
19.4499	9.34209e-07
19.723	4.59999e-07
