7.40741e-06	8.86063e-16
1.48148e-05	7.08847e-15
2.22222e-05	2.39233e-14
2.96296e-05	5.67062e-14
3.7037e-05	1.10752e-13
4.44444e-05	1.91374e-13
5.18519e-05	3.03885e-13
5.92593e-05	4.53597e-13
6.66667e-05	6.4582e-13
7.40741e-05	8.85862e-13
8.14815e-05	1.17903e-12
8.88889e-05	1.53064e-12
9.62963e-05	1.94599e-12
0.000103704	2.43039e-12
0.000111111	2.98914e-12
0.000118519	3.62755e-12
0.000125926	4.35092e-12
0.000133333	5.16455e-12
0.000140741	6.07374e-12
0.000148148	7.0838e-12
0.000155556	8.20002e-12
0.000162963	9.4277e-12
0.00017037	1.07721e-11
0.000177778	1.22386e-11
0.000185185	1.38325e-11
0.000192593	1.5559e-11
0.0002	1.74234e-11
0.000207407	1.9431e-11
0.000214815	2.15872e-11
0.000222222	2.38972e-11
0.00022963	2.63663e-11
0.000237037	2.89998e-11
0.000244444	3.18029e-11
0.000251852	3.47811e-11
0.000259259	3.79395e-11
0.000266667	4.12834e-11
0.000274074	4.48181e-11
0.000281481	4.8549e-11
0.000288889	5.24812e-11
0.000296296	5.66201e-11
0.000303704	6.09709e-11
0.000311111	6.5539e-11
0.000318519	7.03296e-11
0.000325926	7.5348e-11
0.000333333	8.05994e-11
0.000340741	8.60891e-11
0.000348148	9.18225e-11
0.000355556	9.78048e-11
0.000362963	1.04041e-10
0.00037037	1.10537e-10
0.000377778	1.17298e-10
0.000385185	1.24328e-10
0.000392593	1.31634e-10
0.0004	1.3922e-10
0.000407407	1.47092e-10
0.000414815	1.55255e-10
0.000422222	1.63715e-10
0.00042963	1.72475e-10
0.000437037	1.81543e-10
0.000444444	1.90923e-10
0.000451852	2.0062e-10
0.000459259	2.1064e-10
0.000466667	2.20988e-10
0.000474074	2.31669e-10
0.000481481	2.42688e-10
0.000488889	2.54051e-10
0.000496296	2.65763e-10
0.000503704	2.77829e-10
0.000511111	2.90254e-10
0.000518519	3.03044e-10
0.000525926	3.16204e-10
0.000533333	3.29739e-10
0.000540741	3.43655e-10
0.000548148	3.57956e-10
0.000555556	3.72649e-10
0.000562889	3.87585e-10
0.00057032	4.03119e-10
0.000577848	4.19276e-10
0.000585476	4.3608e-10
0.000593204	4.53557e-10
0.000601035	4.71734e-10
0.000608969	4.9064e-10
0.000617008	5.10303e-10
0.000625152	5.30753e-10
0.000633405	5.52023e-10
0.000641766	5.74145e-10
0.000650238	5.97153e-10
0.000658821	6.21082e-10
0.000667518	6.4597e-10
0.000676329	6.71855e-10
0.000685257	6.98776e-10
0.000694303	7.26775e-10
0.000703468	7.55896e-10
0.000712754	7.86184e-10
0.000722163	8.17684e-10
0.000731696	8.50445e-10
0.000741354	8.84519e-10
0.000751141	9.19957e-10
0.000761056	9.56814e-10
0.000771102	9.95147e-10
0.000781281	1.03501e-09
0.000791594	1.07648e-09
0.000802044	1.1196e-09
0.000812631	1.16445e-09
0.000823358	1.2111e-09
0.000834227	1.25962e-09
0.000845239	1.31007e-09
0.000856397	1.36255e-09
0.000867702	1.41713e-09
0.000879156	1.47389e-09
0.000890761	1.53292e-09
0.000902519	1.59432e-09
0.000914433	1.65817e-09
0.000926504	1.72458e-09
0.000938734	1.79365e-09
0.000951126	1.86548e-09
0.000963681	1.94019e-09
0.000976402	2.01789e-09
0.000989291	2.0987e-09
0.00100235	2.18274e-09
0.00101558	2.27014e-09
0.00102899	2.36104e-09
0.00104257	2.45558e-09
0.00105633	2.5539e-09
0.00107028	2.65616e-09
0.00108441	2.7625e-09
0.00109872	2.8731e-09
0.00111322	2.98813e-09
0.00112792	3.10776e-09
0.00114281	3.23217e-09
0.00115789	3.36156e-09
0.00117318	3.49612e-09
0.00118866	3.63607e-09
0.00120436	3.78161e-09
0.00122025	3.93298e-09
0.00123636	4.09039e-09
0.00125268	4.25411e-09
0.00126922	4.42437e-09
0.00128597	4.60144e-09
0.00130295	4.78558e-09
0.00132015	4.9771e-09
0.00133757	5.17626e-09
0.00135523	5.3834e-09
0.00137312	5.59881e-09
0.00139125	5.82283e-09
0.00140961	6.05581e-09
0.00142822	6.2981e-09
0.00144707	6.55008e-09
0.00146617	6.81212e-09
0.00148553	7.08464e-09
0.00150514	7.36805e-09
0.00152501	7.66279e-09
0.00154514	7.9693e-09
0.00156553	8.28806e-09
0.0015862	8.61956e-09
0.00160714	8.9643e-09
0.00162835	9.32282e-09
0.00164985	9.69565e-09
0.00167163	1.00834e-08
0.00169369	1.04866e-08
0.00171605	1.09059e-08
0.0017387	1.1342e-08
0.00176165	1.17955e-08
0.00178491	1.22671e-08
0.00180847	1.27575e-08
0.00183234	1.32675e-08
0.00185653	1.37979e-08
0.00188104	1.43494e-08
0.00190587	1.4923e-08
0.00193103	1.55194e-08
0.00195652	1.61397e-08
0.00198234	1.67847e-08
0.00200851	1.74555e-08
0.00203503	1.8153e-08
0.00206189	1.88784e-08
0.00208911	1.96327e-08
0.00211668	2.04171e-08
0.00214463	2.12328e-08
0.00217294	2.2081e-08
0.00220162	2.29631e-08
0.00223068	2.38804e-08
0.00226013	2.48342e-08
0.00228996	2.58261e-08
0.00232019	2.68575e-08
0.00235082	2.79301e-08
0.00238185	2.90454e-08
0.00241329	3.02052e-08
0.00244515	3.14112e-08
0.00247743	3.26653e-08
0.00251013	3.39694e-08
0.00254326	3.53254e-08
0.00257684	3.67355e-08
0.00261085	3.82018e-08
0.00264532	3.97265e-08
0.00268023	4.13119e-08
0.00271562	4.29605e-08
0.00275146	4.46747e-08
0.00278778	4.64573e-08
0.00282458	4.83108e-08
0.00286187	5.02381e-08
0.00289965	5.22421e-08
0.00293792	5.43259e-08
0.00297671	5.64927e-08
0.003016	5.87457e-08
0.00305581	6.10884e-08
0.00309615	6.35244e-08
0.00313702	6.60572e-08
0.00317843	6.86908e-08
0.00322039	7.14292e-08
0.0032629	7.42765e-08
0.00330597	7.7237e-08
0.00334961	8.03153e-08
0.00339383	8.35159e-08
0.00343863	8.68438e-08
0.00348402	9.03041e-08
0.00353001	9.39018e-08
0.00357661	9.76425e-08
0.00362382	1.01532e-07
0.00367166	1.05576e-07
0.00372012	1.0978e-07
0.00376923	1.14152e-07
0.00381899	1.18697e-07
0.0038694	1.23423e-07
0.00392048	1.28336e-07
0.00397223	1.33445e-07
0.00402466	1.38756e-07
0.00407779	1.44278e-07
0.00413162	1.50019e-07
0.00418616	1.55988e-07
0.00424142	1.62194e-07
0.00429741	1.68645e-07
0.00435413	1.75353e-07
0.00441161	1.82327e-07
0.00446985	1.89577e-07
0.00452885	1.97115e-07
0.00458863	2.04951e-07
0.00464921	2.13098e-07
0.00471058	2.21568e-07
0.00477276	2.30373e-07
0.00483576	2.39527e-07
0.0048996	2.49044e-07
0.00496427	2.58937e-07
0.0050298	2.69222e-07
0.0050962	2.79914e-07
0.00516347	2.9103e-07
0.00523163	3.02585e-07
0.00530069	3.14597e-07
0.00537066	3.27084e-07
0.00544156	3.40065e-07
0.00551339	3.5356e-07
0.00558617	3.67588e-07
0.00565991	3.8217e-07
0.00573462	3.97328e-07
0.00581032	4.13086e-07
0.00588702	4.29465e-07
0.00596473	4.46492e-07
0.00604347	4.6419e-07
0.00612325	4.82588e-07
0.00620408	5.01711e-07
0.00628597	5.21589e-07
0.00636895	5.42251e-07
0.00645302	5.63728e-07
0.00653821	5.86052e-07
0.00662451	6.09256e-07
0.00671196	6.33374e-07
0.00680056	6.58443e-07
0.00689033	6.84499e-07
0.00698129	7.11581e-07
0.00707344	7.39729e-07
0.00716682	7.68986e-07
0.00726142	7.99394e-07
0.00735727	8.30998e-07
0.00745439	8.63846e-07
0.0075528	8.97985e-07
0.0076525	9.33466e-07
0.00775351	9.70342e-07
0.00785586	1.00867e-06
0.00795956	1.0485e-06
0.00806463	1.08989e-06
0.00817109	1.13291e-06
0.00827895	1.17762e-06
0.00838824	1.22408e-06
0.00849897	1.27236e-06
0.00861116	1.32254e-06
0.00872483	1.37468e-06
0.00884	1.42887e-06
0.00895669	1.48518e-06
0.00907492	1.5437e-06
0.00919472	1.60451e-06
0.00931609	1.66769e-06
0.00943907	1.73335e-06
0.00956367	1.80158e-06
0.00968991	1.87247e-06
0.00981783	1.94614e-06
0.00994743	2.02268e-06
0.0100787	2.10222e-06
0.0102118	2.18486e-06
0.0103466	2.27072e-06
0.0104832	2.35994e-06
0.0106215	2.45264e-06
0.0107618	2.54895e-06
0.0109038	2.64901e-06
0.0110477	2.75297e-06
0.0111936	2.86098e-06
0.0113413	2.97319e-06
0.0114911	3.08978e-06
0.0116427	3.21089e-06
0.0117964	3.33672e-06
0.0119521	3.46743e-06
0.0121099	3.60323e-06
0.0122698	3.7443e-06
0.0124317	3.89084e-06
0.0125959	4.04307e-06
0.0127621	4.2012e-06
0.0129306	4.36547e-06
0.0131013	4.5361e-06
0.0132742	4.71333e-06
0.0134494	4.89743e-06
0.013627	5.08865e-06
0.0138069	5.28727e-06
0.0139891	5.49357e-06
0.0141738	5.70783e-06
0.0143609	5.93037e-06
0.0145505	6.16151e-06
0.0147425	6.40155e-06
0.0149371	6.65086e-06
0.0151343	6.90977e-06
0.0153341	7.17866e-06
0.0155365	7.4579e-06
0.0157416	7.74788e-06
0.0159494	8.04902e-06
0.0161599	8.36173e-06
0.0163733	8.68645e-06
0.0165894	9.02364e-06
0.0168084	9.37377e-06
0.0170303	9.73733e-06
0.0172551	1.01148e-05
0.0174828	1.05068e-05
0.0177136	1.09137e-05
0.0179474	1.13362e-05
0.0181844	1.17749e-05
0.0184244	1.22304e-05
0.0186676	1.27032e-05
0.018914	1.31941e-05
0.0191637	1.37036e-05
0.0194167	1.42326e-05
0.019673	1.47818e-05
0.0199327	1.53519e-05
0.0201958	1.59436e-05
0.0204624	1.65578e-05
0.0207325	1.71954e-05
0.0210062	1.78571e-05
0.0212835	1.8544e-05
0.0215644	1.92568e-05
0.0218491	1.99967e-05
0.0221375	2.07646e-05
0.0224297	2.15615e-05
0.0227258	2.23885e-05
0.0230258	2.32467e-05
0.0233298	2.41373e-05
0.0236377	2.50614e-05
0.0239498	2.60204e-05
0.0242659	2.70155e-05
0.0245862	2.80479e-05
0.0249108	2.91192e-05
0.0252396	3.02306e-05
0.0255728	3.13838e-05
0.0259104	3.25801e-05
0.0262524	3.38213e-05
0.0265989	3.51088e-05
0.02695	3.64445e-05
0.0273058	3.783e-05
0.0276662	3.92672e-05
0.0280314	4.0758e-05
0.0284015	4.23043e-05
0.0287764	4.39081e-05
0.0291563	4.55714e-05
0.0295411	4.72965e-05
0.0299311	4.90856e-05
0.0303262	5.09409e-05
0.0307265	5.28649e-05
0.0311321	5.48601e-05
0.0315431	5.69289e-05
0.0319595	5.9074e-05
0.0323813	6.12981e-05
0.0328088	6.36041e-05
0.0332419	6.59949e-05
0.0336807	6.84735e-05
0.0341253	7.1043e-05
0.0345757	7.37067e-05
0.0350322	7.64678e-05
0.0354946	7.93299e-05
0.0359632	8.22965e-05
0.0364379	8.53712e-05
0.0369189	8.85579e-05
0.0374062	9.18606e-05
0.0379	9.52832e-05
0.0384003	9.883e-05
0.0389072	0.000102505
0.0394208	0.000106314
0.0399412	0.00011026
0.0404684	0.000114348
0.0410026	0.000118584
0.0415439	0.000122972
0.0420923	0.000127518
0.0426479	0.000132227
0.0432109	0.000137104
0.0437813	0.000142157
0.0443592	0.00014739
0.0449448	0.000152809
0.0455381	0.000158422
0.0461392	0.000164235
0.0467482	0.000170253
0.0473653	0.000176486
0.0479906	0.000182939
0.0486241	0.00018962
0.0492659	0.000196536
0.0499163	0.000203697
0.0505752	0.000211109
0.0512428	0.000218782
0.0519192	0.000226724
0.0526046	0.000234944
0.053299	0.00024345
0.0540026	0.000252254
0.0547154	0.000261364
0.0554377	0.00027079
0.0561695	0.000280544
0.056911	0.000290635
0.0576622	0.000301074
0.0584234	0.000311874
0.0591946	0.000323046
0.059976	0.000334601
0.0607677	0.000346552
0.0615699	0.000358913
0.0623826	0.000371695
0.0632061	0.000384913
0.0640405	0.000398581
0.0648858	0.000412712
0.0657423	0.000427322
0.0666102	0.000442425
0.0674895	0.000458038
0.0683803	0.000474176
0.069283	0.000490855
0.0701976	0.000508093
0.0711242	0.000525907
0.0720631	0.000544315
0.0730143	0.000563334
0.0739782	0.000582985
0.0749547	0.000603286
0.0759441	0.000624257
0.0769466	0.000645919
0.0779624	0.000668292
0.0789915	0.000691399
0.0800342	0.00071526
0.0810907	0.000739899
0.0821612	0.000765339
0.0832457	0.000791604
0.0843446	0.000818718
0.085458	0.000846707
0.0865861	0.000875595
0.0877291	0.00090541
0.0888871	0.000936178
0.0900605	0.000967927
0.0912493	0.00100068
0.0924538	0.00103448
0.0936743	0.00106935
0.0949108	0.00110531
0.0961637	0.0011424
0.0974331	0.00118065
0.0987193	0.0012201
0.100022	0.00126078
0.101343	0.00130271
0.102681	0.00134595
0.104036	0.00139051
0.105409	0.00143644
0.106801	0.00148378
0.108211	0.00153257
0.109639	0.00158283
0.111086	0.00163462
0.112553	0.00168797
0.114038	0.00174293
0.115544	0.00179953
0.117069	0.00185782
0.118614	0.00191784
0.12018	0.00197965
0.121767	0.00204327
0.123374	0.00210877
0.125002	0.00217619
0.126653	0.00224557
0.128324	0.00231697
0.130018	0.00239043
0.131735	0.00246601
0.133474	0.00254376
0.135236	0.00262373
0.137021	0.00270598
0.138829	0.00279056
0.140662	0.00287752
0.142519	0.00296692
0.1444	0.00305882
0.146306	0.00315328
0.148238	0.00325035
0.150194	0.00335011
0.152177	0.00345259
0.154186	0.00355788
0.156221	0.00366603
0.158283	0.0037771
0.160373	0.00389115
0.16249	0.00400827
0.164635	0.0041285
0.166808	0.00425191
0.16901	0.00437858
0.171241	0.00450857
0.173501	0.00464195
0.175792	0.00477879
0.178112	0.00491915
0.180463	0.00506312
0.182846	0.00521076
0.185259	0.00536214
0.187705	0.00551734
0.190183	0.00567643
0.192693	0.00583948
0.195237	0.00600657
0.197814	0.00617777
0.200425	0.00635316
0.203071	0.00653282
0.205752	0.00671681
0.208468	0.00690522
0.211219	0.00709812
0.214008	0.0072956
0.216833	0.00749772
0.219695	0.00770457
0.222595	0.00791622
0.225533	0.00813275
0.22851	0.00835424
0.231527	0.00858077
0.234583	0.00881241
0.23768	0.00904924
0.240817	0.00929135
0.243996	0.0095388
0.247217	0.00979167
0.25048	0.0100501
0.253787	0.010314
0.257137	0.0105836
0.260531	0.010859
0.26397	0.0111401
0.267455	0.0114271
0.270985	0.0117201
0.274563	0.0120191
0.278187	0.0123242
0.281859	0.0126355
0.28558	0.012953
0.28935	0.0132768
0.293169	0.013607
0.297039	0.0139436
0.30096	0.0142868
0.304933	0.0146365
0.308958	0.0149928
0.313037	0.0153559
0.317169	0.0157257
0.321356	0.0161023
0.325598	0.0164857
0.329896	0.0168761
0.33425	0.0172735
0.338663	0.0176779
0.343133	0.0180894
0.347663	0.0185079
0.352252	0.0189337
0.356902	0.0193666
0.361613	0.0198067
0.366387	0.0202541
0.371223	0.0207088
0.376123	0.0211709
0.381088	0.0216402
0.386119	0.022117
0.391216	0.0226011
0.39638	0.0230926
0.401613	0.0235916
0.406914	0.0240979
0.412286	0.0246117
0.417728	0.0251329
0.423242	0.0256616
0.428829	0.0261976
0.43449	0.026741
0.440225	0.0272919
0.446036	0.0278501
0.451924	0.0284156
0.45789	0.0289884
0.463934	0.0295686
0.470058	0.0301559
0.476263	0.0307505
0.48255	0.0313523
0.48892	0.0319611
0.495374	0.032577
0.501913	0.0331999
0.508539	0.0338298
0.515252	0.0344665
0.522053	0.0351101
0.528945	0.0357604
0.535927	0.0364173
0.543001	0.0370808
0.550169	0.0377509
0.557432	0.0384273
0.56479	0.0391101
0.572246	0.0397991
0.5798	0.0404942
0.587453	0.0411954
0.595208	0.0419025
0.603065	0.0426154
0.611026	0.043334
0.619091	0.0440583
0.627264	0.0447881
0.635544	0.0455233
0.643933	0.0462637
0.652434	0.0470093
0.661046	0.0477599
0.669772	0.0485155
0.678613	0.0492758
0.687571	0.0500408
0.696648	0.0508104
0.705844	0.0515843
0.715161	0.0523626
0.724602	0.0531449
0.734167	0.0539313
0.743858	0.0547215
0.753677	0.0555155
0.763626	0.056313
0.773706	0.057114
0.78392	0.0579183
0.794268	0.0587257
0.804753	0.0595361
0.815376	0.0603494
0.826139	0.0611654
0.837044	0.061984
0.848094	0.062805
0.859289	0.0636283
0.870632	0.0644538
0.882125	0.0652812
0.893769	0.0661106
0.905567	0.0669417
0.917521	0.0677744
0.929633	0.0686087
0.941905	0.0694444
0.954338	0.0702815
0.966936	0.0711197
0.9797	0.0719591
0.992632	0.0727997
1.00574	0.0736412
1.01901	0.0744837
1.03246	0.0753272
1.04609	0.0761716
1.0599	0.077017
1.07389	0.0778633
1.08807	0.0787106
1.10243	0.0795589
1.11698	0.0804083
1.13173	0.0812588
1.14667	0.0821106
1.1618	0.0829638
1.17714	0.0838184
1.19268	0.0846748
1.20842	0.085533
1.22438	0.0863932
1.24054	0.0872556
1.25691	0.0881206
1.2735	0.0889882
1.29032	0.0898589
1.30735	0.0907328
1.32461	0.0916104
1.34209	0.0924918
1.35981	0.0933776
1.37776	0.0942681
1.39594	0.0951636
1.41437	0.0960645
1.43304	0.0969714
1.45196	0.0978846
1.47113	0.0988046
1.49055	0.0997319
1.51022	0.100667
1.53016	0.10161
1.55036	0.102562
1.57082	0.103524
1.59156	0.104495
1.61257	0.105477
1.63385	0.10647
1.65542	0.107475
1.67727	0.108492
1.69941	0.109522
1.72185	0.110565
1.74458	0.111622
1.7676	0.112695
1.79094	0.113782
1.81458	0.114886
1.83853	0.116007
1.8628	0.117144
1.88739	0.1183
1.91231	0.119475
1.93755	0.120669
1.96313	0.121883
1.98904	0.123118
2.0153	0.124374
2.0419	0.125652
2.06885	0.126954
2.09616	0.128278
2.12383	0.129626
2.15187	0.131
2.18027	0.132398
2.20905	0.133822
2.23822	0.135273
2.26776	0.136752
2.2977	0.138258
2.32803	0.139792
2.35876	0.141355
2.38989	0.142948
2.42144	0.144571
2.45341	0.146224
2.48579	0.147909
2.51861	0.149625
2.55185	0.151373
2.58554	0.153154
2.61967	0.154968
2.65425	0.156815
2.68929	0.158696
2.72479	0.160611
2.76076	0.16256
2.7972	0.164544
2.83412	0.166563
2.87153	0.168617
2.90944	0.170707
2.94785	0.172833
2.98676	0.174994
3.02619	0.177191
3.06613	0.179425
3.10661	0.181694
3.14762	0.183999
3.18917	0.18634
3.23126	0.188717
3.27392	0.19113
3.31714	0.193578
3.36092	0.196062
3.40529	0.19858
3.45024	0.201133
3.49578	0.20372
3.54193	0.20634
3.58869	0.208994
3.63606	0.21168
3.68406	0.214398
3.73269	0.217147
3.78196	0.219926
3.83188	0.222734
3.88247	0.22557
3.93372	0.228433
3.98564	0.231322
4.03826	0.234236
4.09156	0.237172
4.14557	0.24013
4.2003	0.243108
4.25574	0.246104
4.31192	0.249116
4.36884	0.252142
4.42651	0.25518
4.48494	0.258227
4.54415	0.261282
4.60413	0.264341
4.66491	0.267401
4.72649	0.27046
4.78888	0.273515
4.85209	0.276561
4.91614	0.279595
4.98104	0.282614
5.04679	0.285613
5.11341	0.288589
5.18091	0.291535
5.2493	0.294449
5.31859	0.297323
5.3888	0.300155
5.45994	0.302936
5.53201	0.305662
5.60503	0.308327
5.67902	0.310923
5.75399	0.313444
5.82994	0.315883
5.9069	0.318231
5.98488	0.320481
6.06388	0.322625
6.14393	0.324653
6.22503	0.326556
6.3072	0.328326
6.39046	0.329951
6.47482	0.331422
6.56029	0.332728
6.64689	0.333857
6.73463	0.334798
6.82353	0.335539
6.9136	0.336067
7.00486	0.33637
7.09733	0.336433
7.19102	0.336245
7.28594	0.335789
7.38212	0.335053
7.47957	0.334021
7.5783	0.332678
7.67834	0.331009
7.7797	0.328999
7.88239	0.326632
7.98645	0.323892
8.09187	0.320764
8.19869	0.31723
8.30691	0.313277
8.41657	0.308887
8.52767	0.304045
8.64024	0.298737
8.75429	0.292948
8.86986	0.286663
8.98694	0.279869
9.10557	0.272553
9.22577	0.264704
9.34756	0.256311
9.47095	0.247364
9.59597	0.237856
9.72264	0.22778
9.85098	0.217132
9.98102	0.205908
10.1128	0.19411
10.2463	0.181738
10.3815	0.168799
10.5186	0.155298
10.6574	0.141248
10.7981	0.126663
10.9406	0.11156
11.0851	0.0959616
11.2314	0.0798933
11.3796	0.0633857
11.5299	0.0464734
11.6821	0.0291964
11.8363	0.0115993
11.9925	-0.00626781
12.1508	-0.0243497
12.3112	-0.0425855
12.4737	-0.0609087
12.6384	-0.0792471
12.8052	-0.0975231
12.9743	-0.115653
13.1455	-0.133548
13.3191	-0.151113
13.4949	-0.168249
13.673	-0.184852
13.8535	-0.200811
14.0364	-0.216015
14.2217	-0.230348
14.4094	-0.243688
14.5996	-0.255917
14.7923	-0.266912
14.9876	-0.27655
15.1854	-0.284712
15.3859	-0.291278
15.589	-0.296134
15.7948	-0.299171
16.0033	-0.300288
16.2145	-0.299391
16.4286	-0.296399
16.6454	-0.29124
16.8651	-0.283861
17.0878	-0.274222
17.3133	-0.262306
17.5419	-0.248112
17.7734	-0.231667
18.0081	-0.213019
18.2458	-0.192244
18.4866	-0.169449
18.7307	-0.144767
18.9779	-0.118365
19.2284	-0.0904402
19.4823	-0.0612241
19.7394	-0.0309791
