7.40741e-06	3.11616e-10
1.48148e-05	1.24645e-09
2.22222e-05	2.80446e-09
2.96296e-05	4.98559e-09
3.7037e-05	7.78973e-09
4.44444e-05	1.12168e-08
5.18519e-05	1.52666e-08
5.92593e-05	1.9939e-08
6.66667e-05	2.5234e-08
7.40741e-05	3.11513e-08
8.14815e-05	3.76907e-08
8.88889e-05	4.48523e-08
9.62963e-05	5.26358e-08
0.000103704	6.10411e-08
0.000111111	7.00681e-08
0.000118519	7.97167e-08
0.000125926	8.99868e-08
0.000133333	1.00878e-07
0.000140741	1.12391e-07
0.000148148	1.24525e-07
0.000155556	1.37279e-07
0.000162963	1.50655e-07
0.00017037	1.64651e-07
0.000177778	1.79268e-07
0.000185185	1.94505e-07
0.000192593	2.10363e-07
0.0002	2.2684e-07
0.000207407	2.43938e-07
0.000214815	2.61656e-07
0.000222222	2.79994e-07
0.00022963	2.98952e-07
0.000237037	3.18529e-07
0.000244444	3.38725e-07
0.000251852	3.59541e-07
0.000259259	3.80976e-07
0.000266667	4.0303e-07
0.000274074	4.25704e-07
0.000281481	4.48996e-07
0.000288889	4.72906e-07
0.000296296	4.97436e-07
0.000303704	5.22584e-07
0.000311111	5.4835e-07
0.000318519	5.74734e-07
0.000325926	6.01737e-07
0.000333333	6.29357e-07
0.000340741	6.57596e-07
0.000348148	6.86452e-07
0.000355556	7.15926e-07
0.000362963	7.46017e-07
0.00037037	7.76726e-07
0.000377778	8.08052e-07
0.000385185	8.39994e-07
0.000392593	8.72554e-07
0.0004	9.05731e-07
0.000407407	9.39525e-07
0.000414815	9.73935e-07
0.000422222	1.00896e-06
0.00042963	1.0446e-06
0.000437037	1.08086e-06
0.000444444	1.11774e-06
0.000451852	1.15523e-06
0.000459259	1.19334e-06
0.000466667	1.23206e-06
0.000474074	1.2714e-06
0.000481481	1.31135e-06
0.000488889	1.35192e-06
0.000496296	1.39311e-06
0.000503704	1.43491e-06
0.000511111	1.47732e-06
0.000518519	1.52035e-06
0.000525926	1.564e-06
0.000533333	1.60826e-06
0.000540741	1.65313e-06
0.000548148	1.69862e-06
0.000555556	1.74472e-06
0.000562889	1.79097e-06
0.00057032	1.83844e-06
0.000577848	1.88717e-06
0.000585476	1.93719e-06
0.000593204	1.98854e-06
0.000601035	2.04124e-06
0.000608969	2.09533e-06
0.000617008	2.15086e-06
0.000625152	2.20786e-06
0.000633405	2.26637e-06
0.000641766	2.32642e-06
0.000650238	2.38806e-06
0.000658821	2.45134e-06
0.000667518	2.51628e-06
0.000676329	2.58295e-06
0.000685257	2.65138e-06
0.000694303	2.72162e-06
0.000703468	2.79372e-06
0.000712754	2.86772e-06
0.000722163	2.94368e-06
0.000731696	3.02165e-06
0.000741354	3.10168e-06
0.000751141	3.18383e-06
0.000761056	3.26815e-06
0.000771102	3.3547e-06
0.000781281	3.44353e-06
0.000791594	3.53472e-06
0.000802044	3.62831e-06
0.000812631	3.72438e-06
0.000823358	3.82299e-06
0.000834227	3.9242e-06
0.000845239	4.02809e-06
0.000856397	4.13472e-06
0.000867702	4.24417e-06
0.000879156	4.35651e-06
0.000890761	4.47182e-06
0.000902519	4.59017e-06
0.000914433	4.71165e-06
0.000926504	4.83634e-06
0.000938734	4.96432e-06
0.000951126	5.09568e-06
0.000963681	5.23051e-06
0.000976402	5.3689e-06
0.000989291	5.51094e-06
0.00100235	5.65673e-06
0.00101558	5.80636e-06
0.00102899	5.95995e-06
0.00104257	6.11759e-06
0.00105633	6.27939e-06
0.00107028	6.44546e-06
0.00108441	6.6159e-06
0.00109872	6.79085e-06
0.00111322	6.97041e-06
0.00112792	7.1547e-06
0.00114281	7.34386e-06
0.00115789	7.538e-06
0.00117318	7.73726e-06
0.00118866	7.94177e-06
0.00120436	8.15167e-06
0.00122025	8.36711e-06
0.00123636	8.58822e-06
0.00125268	8.81516e-06
0.00126922	9.04808e-06
0.00128597	9.28714e-06
0.00130295	9.53249e-06
0.00132015	9.7843e-06
0.00133757	1.00427e-05
0.00135523	1.0308e-05
0.00137312	1.05802e-05
0.00139125	1.08596e-05
0.00140961	1.11464e-05
0.00142822	1.14407e-05
0.00144707	1.17427e-05
0.00146617	1.20527e-05
0.00148553	1.23709e-05
0.00150514	1.26974e-05
0.00152501	1.30325e-05
0.00154514	1.33764e-05
0.00156553	1.37294e-05
0.0015862	1.40916e-05
0.00160714	1.44634e-05
0.00162835	1.48449e-05
0.00164985	1.52365e-05
0.00167163	1.56384e-05
0.00169369	1.60508e-05
0.00171605	1.6474e-05
0.0017387	1.69084e-05
0.00176165	1.73541e-05
0.00178491	1.78116e-05
0.00180847	1.82811e-05
0.00183234	1.87629e-05
0.00185653	1.92573e-05
0.00188104	1.97647e-05
0.00190587	2.02854e-05
0.00193103	2.08198e-05
0.00195652	2.13682e-05
0.00198234	2.1931e-05
0.00200851	2.25085e-05
0.00203503	2.31012e-05
0.00206189	2.37094e-05
0.00208911	2.43335e-05
0.00211668	2.4974e-05
0.00214463	2.56312e-05
0.00217294	2.63057e-05
0.00220162	2.69978e-05
0.00223068	2.7708e-05
0.00226013	2.84368e-05
0.00228996	2.91847e-05
0.00232019	2.99522e-05
0.00235082	3.07397e-05
0.00238185	3.15478e-05
0.00241329	3.2377e-05
0.00244515	3.3228e-05
0.00247743	3.41011e-05
0.00251013	3.49971e-05
0.00254326	3.59164e-05
0.00257684	3.68598e-05
0.00261085	3.78278e-05
0.00264532	3.8821e-05
0.00268023	3.98402e-05
0.00271562	4.0886e-05
0.00275146	4.1959e-05
0.00278778	4.306e-05
0.00282458	4.41897e-05
0.00286187	4.53489e-05
0.00289965	4.65383e-05
0.00293792	4.77586e-05
0.00297671	4.90107e-05
0.003016	5.02954e-05
0.00305581	5.16136e-05
0.00309615	5.2966e-05
0.00313702	5.43537e-05
0.00317843	5.57774e-05
0.00322039	5.72381e-05
0.0032629	5.87368e-05
0.00330597	6.02744e-05
0.00334961	6.18519e-05
0.00339383	6.34705e-05
0.00343863	6.5131e-05
0.00348402	6.68346e-05
0.00353001	6.85824e-05
0.00357661	7.03756e-05
0.00362382	7.22152e-05
0.00367166	7.41025e-05
0.00372012	7.60387e-05
0.00376923	7.8025e-05
0.00381899	8.00628e-05
0.0038694	8.21533e-05
0.00392048	8.42978e-05
0.00397223	8.64979e-05
0.00402466	8.87548e-05
0.00407779	9.107e-05
0.00413162	9.34451e-05
0.00418616	9.58814e-05
0.00424142	9.83807e-05
0.00429741	0.000100944
0.00435413	0.000103574
0.00441161	0.000106272
0.00446985	0.000109039
0.00452885	0.000111878
0.00458863	0.000114789
0.00464921	0.000117776
0.00471058	0.000120839
0.00477276	0.000123981
0.00483576	0.000127204
0.0048996	0.00013051
0.00496427	0.0001339
0.0050298	0.000137378
0.0050962	0.000140945
0.00516347	0.000144603
0.00523163	0.000148355
0.00530069	0.000152204
0.00537066	0.000156151
0.00544156	0.000160198
0.00551339	0.00016435
0.00558617	0.000168607
0.00565991	0.000172974
0.00573462	0.000177452
0.00581032	0.000182044
0.00588702	0.000186753
0.00596473	0.000191583
0.00604347	0.000196535
0.00612325	0.000201614
0.00620408	0.000206822
0.00628597	0.000212163
0.00636895	0.000217639
0.00645302	0.000223254
0.00653821	0.000229013
0.00662451	0.000234917
0.00671196	0.000240971
0.00680056	0.000247178
0.00689033	0.000253543
0.00698129	0.000260069
0.00707344	0.00026676
0.00716682	0.000273621
0.00726142	0.000280654
0.00735727	0.000287865
0.00745439	0.000295258
0.0075528	0.000302838
0.0076525	0.000310609
0.00775351	0.000318575
0.00785586	0.000326741
0.00795956	0.000335113
0.00806463	0.000343696
0.00817109	0.000352493
0.00827895	0.000361512
0.00838824	0.000370756
0.00849897	0.000380232
0.00861116	0.000389945
0.00872483	0.000399901
0.00884	0.000410106
0.00895669	0.000420565
0.00907492	0.000431285
0.00919472	0.000442272
0.00931609	0.000453533
0.00943907	0.000465074
0.00956367	0.000476902
0.00968991	0.000489023
0.00981783	0.000501445
0.00994743	0.000514175
0.0100787	0.00052722
0.0102118	0.000540588
0.0103466	0.000554286
0.0104832	0.000568322
0.0106215	0.000582705
0.0107618	0.000597441
0.0109038	0.00061254
0.0110477	0.000628011
0.0111936	0.000643861
0.0113413	0.0006601
0.0114911	0.000676737
0.0116427	0.000693781
0.0117964	0.000711242
0.0119521	0.000729129
0.0121099	0.000747452
0.0122698	0.000766222
0.0124317	0.000785448
0.0125959	0.000805141
0.0127621	0.000825313
0.0129306	0.000845973
0.0131013	0.000867134
0.0132742	0.000888806
0.0134494	0.000911002
0.013627	0.000933732
0.0138069	0.00095701
0.0139891	0.000980848
0.0141738	0.00100526
0.0143609	0.00103025
0.0145505	0.00105585
0.0147425	0.00108205
0.0149371	0.00110889
0.0151343	0.00113636
0.0153341	0.00116448
0.0155365	0.00119328
0.0157416	0.00122275
0.0159494	0.00125293
0.0161599	0.00128382
0.0163733	0.00131544
0.0165894	0.0013478
0.0168084	0.00138092
0.0170303	0.00141483
0.0172551	0.00144953
0.0174828	0.00148504
0.0177136	0.00152138
0.0179474	0.00155856
0.0181844	0.00159662
0.0184244	0.00163556
0.0186676	0.0016754
0.018914	0.00171616
0.0191637	0.00175787
0.0194167	0.00180053
0.019673	0.00184418
0.0199327	0.00188883
0.0201958	0.00193451
0.0204624	0.00198122
0.0207325	0.00202901
0.0210062	0.00207788
0.0212835	0.00212786
0.0215644	0.00217897
0.0218491	0.00223124
0.0221375	0.00228469
0.0224297	0.00233934
0.0227258	0.00239522
0.0230258	0.00245235
0.0233298	0.00251076
0.0236377	0.00257046
0.0239498	0.0026315
0.0242659	0.00269388
0.0245862	0.00275765
0.0249108	0.00282282
0.0252396	0.00288942
0.0255728	0.00295748
0.0259104	0.00302703
0.0262524	0.0030981
0.0265989	0.00317071
0.02695	0.0032449
0.0273058	0.00332068
0.0276662	0.0033981
0.0280314	0.00347718
0.0284015	0.00355795
0.0287764	0.00364045
0.0291563	0.0037247
0.0295411	0.00381073
0.0299311	0.00389858
0.0303262	0.00398827
0.0307265	0.00407985
0.0311321	0.00417334
0.0315431	0.00426878
0.0319595	0.00436619
0.0323813	0.00446561
0.0328088	0.00456708
0.0332419	0.00467063
0.0336807	0.00477629
0.0341253	0.0048841
0.0345757	0.00499409
0.0350322	0.0051063
0.0354946	0.00522076
0.0359632	0.0053375
0.0364379	0.00545657
0.0369189	0.00557799
0.0374062	0.00570181
0.0379	0.00582805
0.0384003	0.00595675
0.0389072	0.00608796
0.0394208	0.00622169
0.0399412	0.006358
0.0404684	0.00649691
0.0410026	0.00663847
0.0415439	0.0067827
0.0420923	0.00692964
0.0426479	0.00707933
0.0432109	0.0072318
0.0437813	0.00738708
0.0443592	0.00754522
0.0449448	0.00770624
0.0455381	0.00787018
0.0461392	0.00803708
0.0467482	0.00820696
0.0473653	0.00837986
0.0479906	0.00855581
0.0486241	0.00873485
0.0492659	0.008917
0.0499163	0.00910229
0.0505752	0.00929076
0.0512428	0.00948243
0.0519192	0.00967734
0.0526046	0.00987551
0.053299	0.010077
0.0540026	0.0102817
0.0547154	0.0104898
0.0554377	0.0107013
0.0561695	0.0109162
0.056911	0.0111344
0.0576622	0.0113561
0.0584234	0.0115812
0.0591946	0.0118098
0.059976	0.0120419
0.0607677	0.0122775
0.0615699	0.0125165
0.0623826	0.0127591
0.0632061	0.0130053
0.0640405	0.0132549
0.0648858	0.0135081
0.0657423	0.0137649
0.0666102	0.0140252
0.0674895	0.014289
0.0683803	0.0145564
0.069283	0.0148273
0.0701976	0.0151018
0.0711242	0.0153797
0.0720631	0.0156612
0.0730143	0.0159462
0.0739782	0.0162346
0.0749547	0.0165265
0.0759441	0.0168219
0.0769466	0.0171206
0.0779624	0.0174227
0.0789915	0.0177282
0.0800342	0.0180369
0.0810907	0.0183489
0.0821612	0.0186641
0.0832457	0.0189825
0.0843446	0.019304
0.085458	0.0196285
0.0865861	0.0199561
0.0877291	0.0202865
0.0888871	0.0206199
0.0900605	0.020956
0.0912493	0.0212948
0.0924538	0.0216362
0.0936743	0.0219802
0.0949108	0.0223266
0.0961637	0.0226754
0.0974331	0.0230264
0.0987193	0.0233795
0.100022	0.0237347
0.101343	0.0240917
0.102681	0.0244505
0.104036	0.024811
0.105409	0.025173
0.106801	0.0255363
0.108211	0.0259008
0.109639	0.0262664
0.111086	0.0266329
0.112553	0.0270002
0.114038	0.0273679
0.115544	0.0277361
0.117069	0.0281044
0.118614	0.0284728
0.12018	0.0288409
0.121767	0.0292086
0.123374	0.0295757
0.125002	0.029942
0.126653	0.0303072
0.128324	0.030671
0.130018	0.0310333
0.131735	0.0313938
0.133474	0.0317523
0.135236	0.0321084
0.137021	0.0324619
0.138829	0.0328126
0.140662	0.03316
0.142519	0.0335041
0.1444	0.0338444
0.146306	0.0341806
0.148238	0.0345125
0.150194	0.0348396
0.152177	0.0351618
0.154186	0.0354786
0.156221	0.0357897
0.158283	0.0360947
0.160373	0.0363933
0.16249	0.0366852
0.164635	0.03697
0.166808	0.0372472
0.16901	0.0375166
0.171241	0.0377776
0.173501	0.0380301
0.175792	0.0382734
0.178112	0.0385073
0.180463	0.0387313
0.182846	0.0389451
0.185259	0.0391481
0.187705	0.03934
0.190183	0.0395204
0.192693	0.0396887
0.195237	0.0398447
0.197814	0.0399878
0.200425	0.0401177
0.203071	0.0402338
0.205752	0.0403358
0.208468	0.0404231
0.211219	0.0404954
0.214008	0.0405522
0.216833	0.040593
0.219695	0.0406175
0.222595	0.0406252
0.225533	0.0406155
0.22851	0.0405882
0.231527	0.0405427
0.234583	0.0404786
0.23768	0.0403955
0.240817	0.0402929
0.243996	0.0401705
0.247217	0.0400278
0.25048	0.0398644
0.253787	0.0396799
0.257137	0.0394738
0.260531	0.0392459
0.26397	0.0389957
0.267455	0.0387229
0.270985	0.038427
0.274563	0.0381078
0.278187	0.0377648
0.281859	0.0373978
0.28558	0.0370064
0.28935	0.0365904
0.293169	0.0361494
0.297039	0.0356831
0.30096	0.0351914
0.304933	0.0346739
0.308958	0.0341304
0.313037	0.0335607
0.317169	0.0329646
0.321356	0.032342
0.325598	0.0316926
0.329896	0.0310163
0.33425	0.0303131
0.338663	0.0295828
0.343133	0.0288253
0.347663	0.0280407
0.352252	0.0272288
0.356902	0.0263897
0.361613	0.0255233
0.366387	0.0246299
0.371223	0.0237093
0.376123	0.0227617
0.381088	0.0217874
0.386119	0.0207863
0.391216	0.0197587
0.39638	0.0187048
0.401613	0.0176248
0.406914	0.0165191
0.412286	0.0153879
0.417728	0.0142316
0.423242	0.0130506
0.428829	0.0118452
0.43449	0.0106159
0.440225	0.00936311
0.446036	0.0080874
0.451924	0.00678928
0.45789	0.00546932
0.463934	0.00412812
0.470058	0.00276632
0.476263	0.00138459
0.48255	-1.63524e-05
0.48892	-0.00143578
0.495374	-0.00287292
0.501913	-0.00432695
0.508539	-0.00579704
0.515252	-0.00728231
0.522053	-0.00878186
0.528945	-0.0102947
0.535927	-0.01182
0.543001	-0.0133565
0.550169	-0.0149034
0.557432	-0.0164596
0.56479	-0.0180239
0.572246	-0.0195952
0.5798	-0.0211724
0.587453	-0.0227542
0.595208	-0.0243396
0.603065	-0.0259272
0.611026	-0.0275158
0.619091	-0.029104
0.627264	-0.0306907
0.635544	-0.0322744
0.643933	-0.0338539
0.652434	-0.0354277
0.661046	-0.0369946
0.669772	-0.0385529
0.678613	-0.0401015
0.687571	-0.0416388
0.696648	-0.0431634
0.705844	-0.0446738
0.715161	-0.0461687
0.724602	-0.0476464
0.734167	-0.0491056
0.743858	-0.0505447
0.753677	-0.0519623
0.763626	-0.0533568
0.773706	-0.0547269
0.78392	-0.0560709
0.794268	-0.0573875
0.804753	-0.058675
0.815376	-0.0599322
0.826139	-0.0611573
0.837044	-0.0623491
0.848094	-0.0635061
0.859289	-0.0646268
0.870632	-0.0657098
0.882125	-0.0667538
0.893769	-0.0677573
0.905567	-0.0687189
0.917521	-0.0696375
0.929633	-0.0705116
0.941905	-0.07134
0.954338	-0.0721215
0.966936	-0.0728549
0.9797	-0.0735389
0.992632	-0.0741725
1.00574	-0.0747546
1.01901	-0.0752842
1.03246	-0.0757601
1.04609	-0.0761816
1.0599	-0.0765476
1.07389	-0.0768573
1.08807	-0.07711
1.10243	-0.0773048
1.11698	-0.077441
1.13173	-0.077518
1.14667	-0.0775352
1.1618	-0.077492
1.17714	-0.077388
1.19268	-0.0772226
1.20842	-0.0769956
1.22438	-0.0767066
1.24054	-0.0763552
1.25691	-0.0759414
1.2735	-0.0754648
1.29032	-0.0749254
1.30735	-0.0743232
1.32461	-0.073658
1.34209	-0.07293
1.35981	-0.0721392
1.37776	-0.0712857
1.39594	-0.0703698
1.41437	-0.0693916
1.43304	-0.0683513
1.45196	-0.0672494
1.47113	-0.0660861
1.49055	-0.0648618
1.51022	-0.063577
1.53016	-0.062232
1.55036	-0.0608275
1.57082	-0.0593638
1.59156	-0.0578416
1.61257	-0.0562614
1.63385	-0.0546239
1.65542	-0.0529296
1.67727	-0.0511793
1.69941	-0.0493736
1.72185	-0.0475132
1.74458	-0.0455989
1.7676	-0.0436313
1.79094	-0.0416112
1.81458	-0.0395395
1.83853	-0.0374169
1.8628	-0.0352442
1.88739	-0.0330222
1.91231	-0.0307518
1.93755	-0.0284338
1.96313	-0.026069
1.98904	-0.0236584
2.0153	-0.0212027
2.0419	-0.0187029
2.06885	-0.0161599
2.09616	-0.0135746
2.12383	-0.0109479
2.15187	-0.00828064
2.18027	-0.00557382
2.20905	-0.00282835
2.23822	-4.51722e-05
2.26776	0.00277477
2.2977	0.00563052
2.32803	0.00852112
2.35876	0.0114456
2.38989	0.014403
2.42144	0.0173923
2.45341	0.0204126
2.48579	0.0234627
2.51861	0.0265419
2.55185	0.0296489
2.58554	0.0327829
2.61967	0.0359428
2.65425	0.0391275
2.68929	0.042336
2.72479	0.0455674
2.76076	0.0488204
2.7972	0.0520941
2.83412	0.0553874
2.87153	0.0586992
2.90944	0.0620285
2.94785	0.0653742
2.98676	0.0687352
3.02619	0.0721104
3.06613	0.0754987
3.10661	0.078899
3.14762	0.0823103
3.18917	0.0857314
3.23126	0.0891612
3.27392	0.0925987
3.31714	0.0960427
3.36092	0.0994922
3.40529	0.102946
3.45024	0.106403
3.49578	0.109863
3.54193	0.113323
3.58869	0.116784
3.63606	0.120243
3.68406	0.123701
3.73269	0.127156
3.78196	0.130606
3.83188	0.134052
3.88247	0.137491
3.93372	0.140923
3.98564	0.144348
4.03826	0.147763
4.09156	0.151169
4.14557	0.154564
4.2003	0.157948
4.25574	0.161319
4.31192	0.164676
4.36884	0.16802
4.42651	0.171349
4.48494	0.174662
4.54415	0.177959
4.60413	0.181238
4.66491	0.1845
4.72649	0.187744
4.78888	0.190969
4.85209	0.194174
4.91614	0.197358
4.98104	0.200522
5.04679	0.203665
5.11341	0.206786
5.18091	0.209884
5.2493	0.21296
5.31859	0.216012
5.3888	0.21904
5.45994	0.222045
5.53201	0.225024
5.60503	0.227979
5.67902	0.230908
5.75399	0.233811
5.82994	0.236687
5.9069	0.239537
5.98488	0.242359
6.06388	0.245154
6.14393	0.247921
6.22503	0.250658
6.3072	0.253367
6.39046	0.256045
6.47482	0.258693
6.56029	0.26131
6.64689	0.263895
6.73463	0.266447
6.82353	0.268966
6.9136	0.27145
7.00486	0.2739
7.09733	0.276312
7.19102	0.278688
7.28594	0.281024
7.38212	0.28332
7.47957	0.285575
7.5783	0.287787
7.67834	0.289954
7.7797	0.292075
7.88239	0.294147
7.98645	0.296168
8.09187	0.298137
8.19869	0.30005
8.30691	0.301906
8.41657	0.303701
8.52767	0.305433
8.64024	0.307098
8.75429	0.308694
8.86986	0.310216
8.98694	0.311661
9.10557	0.313025
9.22577	0.314304
9.34756	0.315494
9.47095	0.31659
9.59597	0.317587
9.72264	0.31848
9.85098	0.319264
9.98102	0.319933
10.1128	0.320482
10.2463	0.320905
10.3815	0.321195
10.5186	0.321345
10.6574	0.32135
10.7981	0.321202
10.9406	0.320893
11.0851	0.320417
11.2314	0.319765
11.3796	0.31893
11.5299	0.317903
11.6821	0.316677
11.8363	0.315242
11.9925	0.31359
12.1508	0.311713
12.3112	0.3096
12.4737	0.307243
12.6384	0.304634
12.8052	0.301761
12.9743	0.298617
13.1455	0.295192
13.3191	0.291476
13.4949	0.287461
13.673	0.283136
13.8535	0.278494
14.0364	0.273525
14.2217	0.26822
14.4094	0.262572
14.5996	0.256572
14.7923	0.250213
14.9876	0.243488
15.1854	0.23639
15.3859	0.228913
15.589	0.221052
15.7948	0.212803
16.0033	0.204162
16.2145	0.195126
16.4286	0.185694
16.6454	0.175865
16.8651	0.165641
17.0878	0.155023
17.3133	0.144014
17.5419	0.132621
17.7734	0.12085
18.0081	0.108709
18.2458	0.0962088
18.4866	0.0833625
18.7307	0.0701845
18.9779	0.0566919
19.2284	0.042904
19.4823	0.0288426
19.7394	0.0145322
