7.40741e-06	1.94958e-05
1.48148e-05	3.89909e-05
2.22222e-05	5.84845e-05
2.96296e-05	7.7976e-05
3.7037e-05	9.74646e-05
4.44444e-05	0.00011695
5.18519e-05	0.000136431
5.92593e-05	0.000155908
6.66667e-05	0.00017538
7.40741e-05	0.000194847
8.14815e-05	0.000214309
8.88889e-05	0.000233765
9.62963e-05	0.000253217
0.000103704	0.000272663
0.000111111	0.000292104
0.000118519	0.00031154
0.000125926	0.000330971
0.000133333	0.000350396
0.000140741	0.000369816
0.000148148	0.000389232
0.000155556	0.000408642
0.000162963	0.000428046
0.00017037	0.000447446
0.000177778	0.00046684
0.000185185	0.000486229
0.000192593	0.000505613
0.0002	0.000524992
0.000207407	0.000544366
0.000214815	0.000563734
0.000222222	0.000583097
0.00022963	0.000602456
0.000237037	0.000621808
0.000244444	0.000641156
0.000251852	0.000660499
0.000259259	0.000679836
0.000266667	0.000699168
0.000274074	0.000718495
0.000281481	0.000737817
0.000288889	0.000757134
0.000296296	0.000776445
0.000303704	0.000795752
0.000311111	0.000815053
0.000318519	0.000834349
0.000325926	0.00085364
0.000333333	0.000872925
0.000340741	0.000892206
0.000348148	0.000911481
0.000355556	0.000930751
0.000362963	0.000950016
0.00037037	0.000969276
0.000377778	0.000988531
0.000385185	0.00100778
0.000392593	0.00102702
0.0004	0.00104626
0.000407407	0.0010655
0.000414815	0.00108473
0.000422222	0.00110395
0.00042963	0.00112317
0.000437037	0.00114238
0.000444444	0.00116159
0.000451852	0.00118079
0.000459259	0.00119999
0.000466667	0.00121918
0.000474074	0.00123837
0.000481481	0.00125755
0.000488889	0.00127673
0.000496296	0.0012959
0.000503704	0.00131507
0.000511111	0.00133423
0.000518519	0.00135339
0.000525926	0.00137254
0.000533333	0.00139169
0.000540741	0.00141083
0.000548148	0.00142996
0.000555556	0.0014491
0.000562889	0.00146803
0.00057032	0.00148721
0.000577848	0.00150664
0.000585476	0.00152632
0.000593204	0.00154625
0.000601035	0.00156644
0.000608969	0.00158689
0.000617008	0.00160761
0.000625152	0.00162859
0.000633405	0.00164984
0.000641766	0.00167137
0.000650238	0.00169318
0.000658821	0.00171526
0.000667518	0.00173763
0.000676329	0.00176029
0.000685257	0.00178324
0.000694303	0.00180649
0.000703468	0.00183003
0.000712754	0.00185388
0.000722163	0.00187803
0.000731696	0.0019025
0.000741354	0.00192727
0.000751141	0.00195237
0.000761056	0.00197779
0.000771102	0.00200353
0.000781281	0.00202961
0.000791594	0.00205602
0.000802044	0.00208277
0.000812631	0.00210986
0.000823358	0.0021373
0.000834227	0.00216509
0.000845239	0.00219323
0.000856397	0.00222173
0.000867702	0.0022506
0.000879156	0.00227984
0.000890761	0.00230945
0.000902519	0.00233944
0.000914433	0.00236982
0.000926504	0.00240058
0.000938734	0.00243173
0.000951126	0.00246328
0.000963681	0.00249523
0.000976402	0.00252759
0.000989291	0.00256035
0.00100235	0.00259354
0.00101558	0.00262715
0.00102899	0.00266119
0.00104257	0.00269565
0.00105633	0.00273056
0.00107028	0.00276591
0.00108441	0.0028017
0.00109872	0.00283795
0.00111322	0.00287466
0.00112792	0.00291184
0.00114281	0.00294948
0.00115789	0.0029876
0.00117318	0.0030262
0.00118866	0.00306529
0.00120436	0.00310487
0.00122025	0.00314496
0.00123636	0.00318554
0.00125268	0.00322664
0.00126922	0.00326826
0.00128597	0.0033104
0.00130295	0.00335307
0.00132015	0.00339627
0.00133757	0.00344002
0.00135523	0.00348432
0.00137312	0.00352917
0.00139125	0.00357458
0.00140961	0.00362057
0.00142822	0.00366713
0.00144707	0.00371427
0.00146617	0.003762
0.00148553	0.00381032
0.00150514	0.00385925
0.00152501	0.00390879
0.00154514	0.00395894
0.00156553	0.00400972
0.0015862	0.00406113
0.00160714	0.00411318
0.00162835	0.00416588
0.00164985	0.00421922
0.00167163	0.00427323
0.00169369	0.00432791
0.00171605	0.00438327
0.0017387	0.00443931
0.00176165	0.00449604
0.00178491	0.00455347
0.00180847	0.0046116
0.00183234	0.00467046
0.00185653	0.00473004
0.00188104	0.00479035
0.00190587	0.0048514
0.00193103	0.00491319
0.00195652	0.00497575
0.00198234	0.00503907
0.00200851	0.00510317
0.00203503	0.00516804
0.00206189	0.00523371
0.00208911	0.00530018
0.00211668	0.00536746
0.00214463	0.00543556
0.00217294	0.00550448
0.00220162	0.00557424
0.00223068	0.00564484
0.00226013	0.0057163
0.00228996	0.00578862
0.00232019	0.00586181
0.00235082	0.00593588
0.00238185	0.00601085
0.00241329	0.00608672
0.00244515	0.0061635
0.00247743	0.00624119
0.00251013	0.00631982
0.00254326	0.00639939
0.00257684	0.00647991
0.00261085	0.00656139
0.00264532	0.00664383
0.00268023	0.00672726
0.00271562	0.00681168
0.00275146	0.00689709
0.00278778	0.00698352
0.00282458	0.00707097
0.00286187	0.00715944
0.00289965	0.00724896
0.00293792	0.00733954
0.00297671	0.00743117
0.003016	0.00752388
0.00305581	0.00761767
0.00309615	0.00771255
0.00313702	0.00780854
0.00317843	0.00790565
0.00322039	0.00800388
0.0032629	0.00810325
0.00330597	0.00820377
0.00334961	0.00830545
0.00339383	0.0084083
0.00343863	0.00851233
0.00348402	0.00861755
0.00353001	0.00872398
0.00357661	0.00883162
0.00362382	0.00894049
0.00367166	0.00905059
0.00372012	0.00916195
0.00376923	0.00927456
0.00381899	0.00938845
0.0038694	0.00950362
0.00392048	0.00962008
0.00397223	0.00973785
0.00402466	0.00985693
0.00407779	0.00997734
0.00413162	0.0100991
0.00418616	0.0102222
0.00424142	0.0103467
0.00429741	0.0104725
0.00435413	0.0105997
0.00441161	0.0107283
0.00446985	0.0108583
0.00452885	0.0109898
0.00458863	0.0111227
0.00464921	0.011257
0.00471058	0.0113927
0.00477276	0.0115299
0.00483576	0.0116686
0.0048996	0.0118088
0.00496427	0.0119505
0.0050298	0.0120937
0.0050962	0.0122384
0.00516347	0.0123846
0.00523163	0.0125324
0.00530069	0.0126817
0.00537066	0.0128326
0.00544156	0.012985
0.00551339	0.013139
0.00558617	0.0132946
0.00565991	0.0134518
0.00573462	0.0136107
0.00581032	0.0137711
0.00588702	0.0139332
0.00596473	0.0140969
0.00604347	0.0142622
0.00612325	0.0144292
0.00620408	0.0145979
0.00628597	0.0147682
0.00636895	0.0149402
0.00645302	0.0151139
0.00653821	0.0152893
0.00662451	0.0154665
0.00671196	0.0156453
0.00680056	0.0158258
0.00689033	0.0160081
0.00698129	0.0161921
0.00707344	0.0163778
0.00716682	0.0165653
0.00726142	0.0167546
0.00735727	0.0169456
0.00745439	0.0171383
0.0075528	0.0173329
0.0076525	0.0175292
0.00775351	0.0177272
0.00785586	0.0179271
0.00795956	0.0181287
0.00806463	0.0183321
0.00817109	0.0185373
0.00827895	0.0187443
0.00838824	0.0189531
0.00849897	0.0191637
0.00861116	0.019376
0.00872483	0.0195902
0.00884	0.0198061
0.00895669	0.0200238
0.00907492	0.0202434
0.00919472	0.0204647
0.00931609	0.0206877
0.00943907	0.0209126
0.00956367	0.0211392
0.00968991	0.0213676
0.00981783	0.0215978
0.00994743	0.0218297
0.0100787	0.0220634
0.0102118	0.0222988
0.0103466	0.022536
0.0104832	0.0227748
0.0106215	0.0230154
0.0107618	0.0232577
0.0109038	0.0235017
0.0110477	0.0237473
0.0111936	0.0239946
0.0113413	0.0242436
0.0114911	0.0244942
0.0116427	0.0247464
0.0117964	0.0250002
0.0119521	0.0252556
0.0121099	0.0255126
0.0122698	0.025771
0.0124317	0.026031
0.0125959	0.0262925
0.0127621	0.0265555
0.0129306	0.0268199
0.0131013	0.0270857
0.0132742	0.0273529
0.0134494	0.0276215
0.013627	0.0278914
0.0138069	0.0281625
0.0139891	0.028435
0.0141738	0.0287086
0.0143609	0.0289835
0.0145505	0.0292595
0.0147425	0.0295366
0.0149371	0.0298148
0.0151343	0.0300939
0.0153341	0.0303741
0.0155365	0.0306552
0.0157416	0.0309372
0.0159494	0.03122
0.0161599	0.0315036
0.0163733	0.031788
0.0165894	0.032073
0.0168084	0.0323586
0.0170303	0.0326448
0.0172551	0.0329315
0.0174828	0.0332186
0.0177136	0.033506
0.0179474	0.0337938
0.0181844	0.0340818
0.0184244	0.0343699
0.0186676	0.0346581
0.018914	0.0349464
0.0191637	0.0352345
0.0194167	0.0355225
0.019673	0.0358103
0.0199327	0.0360977
0.0201958	0.0363847
0.0204624	0.0366712
0.0207325	0.0369571
0.0210062	0.0372423
0.0212835	0.0375267
0.0215644	0.0378102
0.0218491	0.0380927
0.0221375	0.0383741
0.0224297	0.0386542
0.0227258	0.0389331
0.0230258	0.0392105
0.0233298	0.0394863
0.0236377	0.0397604
0.0239498	0.0400327
0.0242659	0.040303
0.0245862	0.0405713
0.0249108	0.0408374
0.0252396	0.0411011
0.0255728	0.0413624
0.0259104	0.041621
0.0262524	0.0418768
0.0265989	0.0421297
0.02695	0.0423795
0.0273058	0.0426261
0.0276662	0.0428693
0.0280314	0.0431089
0.0284015	0.0433448
0.0287764	0.0435768
0.0291563	0.0438047
0.0295411	0.0440284
0.0299311	0.0442476
0.0303262	0.0444623
0.0307265	0.0446721
0.0311321	0.044877
0.0315431	0.0450766
0.0319595	0.0452709
0.0323813	0.0454596
0.0328088	0.0456425
0.0332419	0.0458194
0.0336807	0.0459901
0.0341253	0.0461544
0.0345757	0.046312
0.0350322	0.0464627
0.0354946	0.0466064
0.0359632	0.0467428
0.0364379	0.0468716
0.0369189	0.0469926
0.0374062	0.0471056
0.0379	0.0472103
0.0384003	0.0473065
0.0389072	0.047394
0.0394208	0.0474725
0.0399412	0.0475416
0.0404684	0.0476013
0.0410026	0.0476512
0.0415439	0.047691
0.0420923	0.0477206
0.0426479	0.0477395
0.0432109	0.0477477
0.0437813	0.0477447
0.0443592	0.0477303
0.0449448	0.0477042
0.0455381	0.0476662
0.0461392	0.047616
0.0467482	0.0475533
0.0473653	0.0474778
0.0479906	0.0473891
0.0486241	0.0472872
0.0492659	0.0471716
0.0499163	0.047042
0.0505752	0.0468982
0.0512428	0.0467399
0.0519192	0.0465668
0.0526046	0.0463786
0.053299	0.046175
0.0540026	0.0459557
0.0547154	0.0457205
0.0554377	0.045469
0.0561695	0.045201
0.056911	0.0449161
0.0576622	0.0446141
0.0584234	0.0442948
0.0591946	0.0439577
0.059976	0.0436027
0.0607677	0.0432295
0.0615699	0.0428378
0.0623826	0.0424274
0.0632061	0.0419979
0.0640405	0.0415492
0.0648858	0.0410809
0.0657423	0.0405928
0.0666102	0.0400847
0.0674895	0.0395563
0.0683803	0.0390074
0.069283	0.0384378
0.0701976	0.0378473
0.0711242	0.0372356
0.0720631	0.0366025
0.0730143	0.0359479
0.0739782	0.0352716
0.0749547	0.0345733
0.0759441	0.033853
0.0769466	0.0331105
0.0779624	0.0323456
0.0789915	0.0315582
0.0800342	0.0307481
0.0810907	0.0299154
0.0821612	0.0290598
0.0832457	0.0281813
0.0843446	0.0272798
0.085458	0.0263553
0.0865861	0.0254077
0.0877291	0.0244371
0.0888871	0.0234434
0.0900605	0.0224266
0.0912493	0.0213868
0.0924538	0.020324
0.0936743	0.0192382
0.0949108	0.0181297
0.0961637	0.0169984
0.0974331	0.0158445
0.0987193	0.0146682
0.100022	0.0134697
0.101343	0.012249
0.102681	0.0110066
0.104036	0.00974248
0.105409	0.00845706
0.106801	0.00715059
0.108211	0.0058234
0.109639	0.00447584
0.111086	0.00310827
0.112553	0.00172108
0.114038	0.000314722
0.115544	-0.00111036
0.117069	-0.00255369
0.118614	-0.00401475
0.12018	-0.00549298
0.121767	-0.00698783
0.123374	-0.00849867
0.125002	-0.0100249
0.126653	-0.0115658
0.128324	-0.0131207
0.130018	-0.0146889
0.131735	-0.0162696
0.133474	-0.0178619
0.135236	-0.0194652
0.137021	-0.0210784
0.138829	-0.0227008
0.140662	-0.0243313
0.142519	-0.0259691
0.1444	-0.027613
0.146306	-0.0292621
0.148238	-0.0309153
0.150194	-0.0325715
0.152177	-0.0342296
0.154186	-0.0358884
0.156221	-0.0375466
0.158283	-0.0392031
0.160373	-0.0408566
0.16249	-0.0425057
0.164635	-0.0441492
0.166808	-0.0457856
0.16901	-0.0474136
0.171241	-0.0490318
0.173501	-0.0506386
0.175792	-0.0522327
0.178112	-0.0538123
0.180463	-0.0553762
0.182846	-0.0569225
0.185259	-0.0584499
0.187705	-0.0599565
0.190183	-0.0614409
0.192693	-0.0629013
0.195237	-0.064336
0.197814	-0.0657433
0.200425	-0.0671215
0.203071	-0.0684689
0.205752	-0.0697837
0.208468	-0.0710641
0.211219	-0.0723083
0.214008	-0.0735146
0.216833	-0.0746811
0.219695	-0.0758061
0.222595	-0.0768876
0.225533	-0.077924
0.22851	-0.0789134
0.231527	-0.079854
0.234583	-0.080744
0.23768	-0.0815815
0.240817	-0.0823648
0.243996	-0.0830922
0.247217	-0.0837618
0.25048	-0.084372
0.253787	-0.0849209
0.257137	-0.0854069
0.260531	-0.0858283
0.26397	-0.0861835
0.267455	-0.0864708
0.270985	-0.0866887
0.274563	-0.0868356
0.278187	-0.08691
0.281859	-0.0869104
0.28558	-0.0868355
0.28935	-0.0866838
0.293169	-0.086454
0.297039	-0.0861449
0.30096	-0.0857552
0.304933	-0.0852838
0.308958	-0.0847296
0.313037	-0.0840917
0.317169	-0.083369
0.321356	-0.0825606
0.325598	-0.0816659
0.329896	-0.080684
0.33425	-0.0796143
0.338663	-0.0784563
0.343133	-0.0772095
0.347663	-0.0758736
0.352252	-0.0744481
0.356902	-0.072933
0.361613	-0.0713282
0.366387	-0.0696336
0.371223	-0.0678495
0.376123	-0.0659759
0.381088	-0.0640133
0.386119	-0.0619621
0.391216	-0.0598228
0.39638	-0.0575961
0.401613	-0.0552827
0.406914	-0.0528837
0.412286	-0.0504
0.417728	-0.0478328
0.423242	-0.0451833
0.428829	-0.0424529
0.43449	-0.0396432
0.440225	-0.0367558
0.446036	-0.0337924
0.451924	-0.0307551
0.45789	-0.0276457
0.463934	-0.0244665
0.470058	-0.0212197
0.476263	-0.0179079
0.48255	-0.0145334
0.48892	-0.011099
0.495374	-0.00760756
0.501913	-0.00406189
0.508539	-0.000465065
0.515252	0.00317973
0.522053	0.00686923
0.528945	0.0106
0.535927	0.0143685
0.543001	0.0181712
0.550169	0.0220043
0.557432	0.0258639
0.56479	0.0297462
0.572246	0.0336469
0.5798	0.0375621
0.587453	0.0414875
0.595208	0.0454187
0.603065	0.0493514
0.611026	0.0532811
0.619091	0.0572032
0.627264	0.0611131
0.635544	0.0650062
0.643933	0.0688777
0.652434	0.0727228
0.661046	0.0765368
0.669772	0.0803148
0.678613	0.0840518
0.687571	0.087743
0.696648	0.0913834
0.705844	0.0949681
0.715161	0.0984921
0.724602	0.10195
0.734167	0.105338
0.743858	0.108651
0.753677	0.111882
0.763626	0.115029
0.773706	0.118085
0.78392	0.121047
0.794268	0.123908
0.804753	0.126665
0.815376	0.129313
0.826139	0.131848
0.837044	0.134264
0.848094	0.136558
0.859289	0.138725
0.870632	0.14076
0.882125	0.142661
0.893769	0.144423
0.905567	0.146041
0.917521	0.147513
0.929633	0.148835
0.941905	0.150003
0.954338	0.151014
0.966936	0.151865
0.9797	0.152553
0.992632	0.153076
1.00574	0.15343
1.01901	0.153614
1.03246	0.153625
1.04609	0.153462
1.0599	0.153121
1.07389	0.152603
1.08807	0.151905
1.10243	0.151027
1.11698	0.149967
1.13173	0.148726
1.14667	0.147301
1.1618	0.145693
1.17714	0.143902
1.19268	0.141928
1.20842	0.139772
1.22438	0.137434
1.24054	0.134914
1.25691	0.132215
1.2735	0.129336
1.29032	0.126279
1.30735	0.123047
1.32461	0.119641
1.34209	0.116062
1.35981	0.112313
1.37776	0.108397
1.39594	0.104316
1.41437	0.100072
1.43304	0.0956684
1.45196	0.0911087
1.47113	0.0863956
1.49055	0.0815327
1.51022	0.0765233
1.53016	0.071371
1.55036	0.0660797
1.57082	0.0606531
1.59156	0.0550953
1.61257	0.0494103
1.63385	0.0436024
1.65542	0.0376759
1.67727	0.0316351
1.69941	0.0254845
1.72185	0.0192287
1.74458	0.0128724
1.7676	0.00642012
1.79094	-0.000123203
1.81458	-0.00675279
1.83853	-0.0134638
1.8628	-0.0202512
1.88739	-0.02711
1.91231	-0.0340352
1.93755	-0.0410218
1.96313	-0.0480647
1.98904	-0.0551587
2.0153	-0.0622986
2.0419	-0.0694793
2.06885	-0.0766955
2.09616	-0.0839421
2.12383	-0.0912139
2.15187	-0.0985055
2.18027	-0.105812
2.20905	-0.113127
2.23822	-0.120447
2.26776	-0.127766
2.2977	-0.135078
2.32803	-0.142379
2.35876	-0.149663
2.38989	-0.156925
2.42144	-0.16416
2.45341	-0.171363
2.48579	-0.178528
2.51861	-0.185651
2.55185	-0.192726
2.58554	-0.199748
2.61967	-0.206713
2.65425	-0.213615
2.68929	-0.220449
2.72479	-0.227211
2.76076	-0.233896
2.7972	-0.240499
2.83412	-0.247015
2.87153	-0.25344
2.90944	-0.25977
2.94785	-0.265999
2.98676	-0.272123
3.02619	-0.278139
3.06613	-0.284041
3.10661	-0.289826
3.14762	-0.29549
3.18917	-0.301029
3.23126	-0.306439
3.27392	-0.311716
3.31714	-0.316858
3.36092	-0.321859
3.40529	-0.326718
3.45024	-0.331431
3.49578	-0.335995
3.54193	-0.340407
3.58869	-0.344664
3.63606	-0.348764
3.68406	-0.352705
3.73269	-0.356483
3.78196	-0.360098
3.83188	-0.363547
3.88247	-0.366828
3.93372	-0.36994
3.98564	-0.372881
4.03826	-0.375651
4.09156	-0.378247
4.14557	-0.38067
4.2003	-0.382918
4.25574	-0.384992
4.31192	-0.38689
4.36884	-0.388613
4.42651	-0.39016
4.48494	-0.391532
4.54415	-0.39273
4.60413	-0.393753
4.66491	-0.394603
4.72649	-0.39528
4.78888	-0.395786
4.85209	-0.396122
4.91614	-0.39629
4.98104	-0.39629
5.04679	-0.396125
5.11341	-0.395797
5.18091	-0.395307
5.2493	-0.394659
5.31859	-0.393853
5.3888	-0.392893
5.45994	-0.391781
5.53201	-0.390521
5.60503	-0.389114
5.67902	-0.387564
5.75399	-0.385873
5.82994	-0.384045
5.9069	-0.382084
5.98488	-0.379991
6.06388	-0.377771
6.14393	-0.375428
6.22503	-0.372963
6.3072	-0.370382
6.39046	-0.367687
6.47482	-0.364882
6.56029	-0.361971
6.64689	-0.358957
6.73463	-0.355844
6.82353	-0.352636
6.9136	-0.349336
7.00486	-0.345948
7.09733	-0.342476
7.19102	-0.338922
7.28594	-0.335292
7.38212	-0.331587
7.47957	-0.327813
7.5783	-0.323971
7.67834	-0.320067
7.7797	-0.316102
7.88239	-0.312081
7.98645	-0.308007
8.09187	-0.303882
8.19869	-0.299711
8.30691	-0.295496
8.41657	-0.29124
8.52767	-0.286946
8.64024	-0.282618
8.75429	-0.278257
8.86986	-0.273867
8.98694	-0.26945
9.10557	-0.265009
9.22577	-0.260546
9.34756	-0.256063
9.47095	-0.251564
9.59597	-0.24705
9.72264	-0.242524
9.85098	-0.237987
9.98102	-0.233441
10.1128	-0.228889
10.2463	-0.224332
10.3815	-0.219772
10.5186	-0.21521
10.6574	-0.210649
10.7981	-0.206089
10.9406	-0.201533
11.0851	-0.19698
11.2314	-0.192434
11.3796	-0.187894
11.5299	-0.183361
11.6821	-0.178838
11.8363	-0.174324
11.9925	-0.169821
12.1508	-0.165329
12.3112	-0.160849
12.4737	-0.156381
12.6384	-0.151926
12.8052	-0.147485
12.9743	-0.143057
13.1455	-0.138643
13.3191	-0.134243
13.4949	-0.129857
13.673	-0.125484
13.8535	-0.121126
14.0364	-0.116781
14.2217	-0.112449
14.4094	-0.10813
14.5996	-0.103823
14.7923	-0.0995274
14.9876	-0.0952422
15.1854	-0.0909666
15.3859	-0.0866995
15.589	-0.0824397
15.7948	-0.0781859
16.0033	-0.0739365
16.2145	-0.0696898
16.4286	-0.0654442
16.6454	-0.0611974
16.8651	-0.0569474
17.0878	-0.0526918
17.3133	-0.0484281
17.5419	-0.0441533
17.7734	-0.0398645
18.0081	-0.0355583
18.2458	-0.0312314
18.4866	-0.0268798
18.7307	-0.0224994
18.9779	-0.0180859
19.2284	-0.0136345
19.4823	-0.00914014
19.7394	-0.00459725
