3.91236e-06	4.83111e-14
7.82473e-06	3.86488e-13
1.17371e-05	1.30439e-12
1.56495e-05	3.09187e-12
1.95618e-05	6.03874e-12
2.34742e-05	1.04348e-11
2.73865e-05	1.65698e-11
3.12989e-05	2.47336e-11
3.52113e-05	3.52156e-11
3.91236e-05	4.83057e-11
4.3036e-05	6.42934e-11
4.69484e-05	8.34682e-11
5.08607e-05	1.06119e-10
5.47731e-05	1.32537e-10
5.86854e-05	1.63009e-10
6.25978e-05	1.97826e-10
6.65102e-05	2.37277e-10
7.04225e-05	2.8165e-10
7.43349e-05	3.31235e-10
7.82473e-05	3.86321e-10
8.21596e-05	4.47197e-10
8.6072e-05	5.14151e-10
8.99844e-05	5.87473e-10
9.38967e-05	6.67451e-10
9.78091e-05	7.54373e-10
0.000101721	8.48529e-10
0.000105634	9.50207e-10
0.000109546	1.0597e-09
0.000113459	1.17728e-09
0.000117371	1.30326e-09
0.000121283	1.43791e-09
0.000125196	1.58153e-09
0.000129108	1.7344e-09
0.00013302	1.89681e-09
0.000136933	2.06905e-09
0.000140845	2.25141e-09
0.000144757	2.44417e-09
0.00014867	2.64762e-09
0.000152582	2.86206e-09
0.000156495	3.08777e-09
0.000160407	3.32504e-09
0.000164319	3.57415e-09
0.000168232	3.83539e-09
0.000172144	4.10905e-09
0.000176056	4.39543e-09
0.000179969	4.69479e-09
0.000183881	5.00745e-09
0.000187793	5.33367e-09
0.000191706	5.67375e-09
0.000195618	6.02798e-09
0.000199531	6.39664e-09
0.000203443	6.78002e-09
0.000207355	7.17841e-09
0.000211268	7.59209e-09
0.00021518	8.02136e-09
0.000219092	8.46649e-09
0.000223005	8.92778e-09
0.000226917	9.40552e-09
0.000230829	9.89998e-09
0.000234742	1.04115e-08
0.000238654	1.09402e-08
0.000242567	1.14866e-08
0.000246479	1.20509e-08
0.000250391	1.26333e-08
0.000254304	1.32342e-08
0.000258216	1.38538e-08
0.000262128	1.44924e-08
0.000266041	1.51503e-08
0.000269953	1.58278e-08
0.000273865	1.65253e-08
0.000277778	1.72428e-08
0.000281689	1.79806e-08
0.000285654	1.87498e-08
0.000289676	1.9552e-08
0.000293754	2.03885e-08
0.00029789	2.12608e-08
0.000302084	2.21703e-08
0.000306337	2.31188e-08
0.00031065	2.41078e-08
0.000315023	2.51391e-08
0.000319458	2.62144e-08
0.000323956	2.73358e-08
0.000328517	2.85051e-08
0.000333142	2.97244e-08
0.000337832	3.09959e-08
0.000342588	3.23217e-08
0.000347411	3.37041e-08
0.000352303	3.51457e-08
0.000357263	3.66489e-08
0.000362292	3.82164e-08
0.000367393	3.98509e-08
0.000372565	4.15552e-08
0.000377811	4.33324e-08
0.00038313	4.51856e-08
0.000388524	4.7118e-08
0.000393994	4.91329e-08
0.00039954	5.1234e-08
0.000405166	5.34249e-08
0.00041087	5.57094e-08
0.000416654	5.80916e-08
0.00042252	6.05755e-08
0.000428469	6.31656e-08
0.000434501	6.58664e-08
0.000440618	6.86826e-08
0.000446822	7.16191e-08
0.000453112	7.46811e-08
0.000459491	7.78739e-08
0.000465961	8.12032e-08
0.000472521	8.46746e-08
0.000479173	8.82944e-08
0.000485919	9.20688e-08
0.00049276	9.60045e-08
0.000499698	1.00108e-07
0.000506733	1.04387e-07
0.000513867	1.08849e-07
0.000521102	1.13502e-07
0.000528438	1.18353e-07
0.000535878	1.23411e-07
0.000543422	1.28686e-07
0.000551073	1.34185e-07
0.000558831	1.3992e-07
0.000566699	1.45899e-07
0.000574677	1.52134e-07
0.000582768	1.58634e-07
0.000590973	1.65413e-07
0.000599293	1.72481e-07
0.00060773	1.7985e-07
0.000616286	1.87535e-07
0.000624963	1.95547e-07
0.000633761	2.03901e-07
0.000642684	2.12612e-07
0.000651732	2.21695e-07
0.000660908	2.31165e-07
0.000670212	2.41039e-07
0.000679648	2.51335e-07
0.000689217	2.6207e-07
0.00069892	2.73264e-07
0.00070876	2.84935e-07
0.000718738	2.97104e-07
0.000728857	3.09792e-07
0.000739119	3.23021e-07
0.000749524	3.36815e-07
0.000760077	3.51197e-07
0.000770778	3.66193e-07
0.000781629	3.81828e-07
0.000792633	3.9813e-07
0.000803793	4.15128e-07
0.000815109	4.3285e-07
0.000826585	4.51328e-07
0.000838222	4.70594e-07
0.000850023	4.90681e-07
0.00086199	5.11625e-07
0.000874126	5.33461e-07
0.000886433	5.56229e-07
0.000898912	5.79967e-07
0.000911568	6.04717e-07
0.000924402	6.30521e-07
0.000937416	6.57425e-07
0.000950614	6.85476e-07
0.000963997	7.14722e-07
0.000977569	7.45214e-07
0.000991332	7.77006e-07
0.00100529	8.10151e-07
0.00101944	8.44709e-07
0.00103379	8.80739e-07
0.00104835	9.18303e-07
0.00106311	9.57467e-07
0.00107808	9.98298e-07
0.00109325	1.04087e-06
0.00110864	1.08525e-06
0.00112425	1.13152e-06
0.00114008	1.17977e-06
0.00115613	1.23006e-06
0.00117241	1.2825e-06
0.00118891	1.33717e-06
0.00120565	1.39416e-06
0.00122263	1.45358e-06
0.00123984	1.51553e-06
0.0012573	1.58011e-06
0.001275	1.64745e-06
0.00129295	1.71764e-06
0.00131115	1.79082e-06
0.00132961	1.86711e-06
0.00134833	1.94665e-06
0.00136731	2.02957e-06
0.00138656	2.11601e-06
0.00140608	2.20613e-06
0.00142588	2.30008e-06
0.00144595	2.39802e-06
0.00146631	2.50013e-06
0.00148695	2.60657e-06
0.00150789	2.71753e-06
0.00152912	2.83321e-06
0.00155064	2.95381e-06
0.00157248	3.07952e-06
0.00159461	3.21057e-06
0.00161706	3.34719e-06
0.00163983	3.48961e-06
0.00166292	3.63807e-06
0.00168633	3.79284e-06
0.00171007	3.95417e-06
0.00173415	4.12235e-06
0.00175856	4.29767e-06
0.00178332	4.48042e-06
0.00180843	4.67093e-06
0.00183389	4.86951e-06
0.0018597	5.07652e-06
0.00188589	5.2923e-06
0.00191244	5.51723e-06
0.00193936	5.7517e-06
0.00196667	5.9961e-06
0.00199435	6.25086e-06
0.00202243	6.51641e-06
0.00205091	6.79322e-06
0.00207978	7.08174e-06
0.00210906	7.38249e-06
0.00213875	7.69597e-06
0.00216886	8.02272e-06
0.0021994	8.3633e-06
0.00223036	8.71829e-06
0.00226176	9.08831e-06
0.00229361	9.47398e-06
0.0023259	9.87597e-06
0.00235864	1.0295e-05
0.00239185	1.07317e-05
0.00242552	1.11868e-05
0.00245967	1.16612e-05
0.0024943	1.21557e-05
0.00252942	1.2671e-05
0.00256503	1.32081e-05
0.00260114	1.37679e-05
0.00263776	1.43514e-05
0.0026749	1.49594e-05
0.00271256	1.55932e-05
0.00275075	1.62537e-05
0.00278947	1.6942e-05
0.00282875	1.76594e-05
0.00286857	1.84071e-05
0.00290896	1.91862e-05
0.00294991	1.99983e-05
0.00299144	2.08445e-05
0.00303356	2.17264e-05
0.00307627	2.26455e-05
0.00311958	2.36032e-05
0.0031635	2.46014e-05
0.00320803	2.56415e-05
0.0032532	2.67254e-05
0.003299	2.78549e-05
0.00334545	2.90319e-05
0.00339255	3.02584e-05
0.00344031	3.15365e-05
0.00348874	3.28683e-05
0.00353786	3.42561e-05
0.00358767	3.57022e-05
0.00363818	3.7209e-05
0.0036894	3.87791e-05
0.00374134	4.04151e-05
0.00379401	4.21197e-05
0.00384743	4.38959e-05
0.0039016	4.57466e-05
0.00395653	4.76748e-05
0.00401223	4.96839e-05
0.00406872	5.17772e-05
0.004126	5.39581e-05
0.00418409	5.62304e-05
0.00424299	5.85978e-05
0.00430273	6.10643e-05
0.00436331	6.3634e-05
0.00442474	6.63111e-05
0.00448703	6.91002e-05
0.0045502	7.20058e-05
0.00461426	7.50329e-05
0.00467923	7.81863e-05
0.0047451	8.14714e-05
0.00481191	8.48937e-05
0.00487965	8.84586e-05
0.00494835	9.21723e-05
0.00501802	9.60408e-05
0.00508867	0.00010007
0.00516031	0.000104268
0.00523296	0.00010864
0.00530663	0.000113195
0.00538134	0.000117938
0.0054571	0.000122879
0.00553393	0.000128026
0.00561184	0.000133386
0.00569085	0.000138969
0.00577097	0.000144784
0.00585222	0.00015084
0.00593461	0.000157148
0.00601816	0.000163716
0.00610289	0.000170557
0.00618881	0.000177682
0.00627594	0.000185101
0.0063643	0.000192828
0.0064539	0.000200874
0.00654476	0.000209253
0.0066369	0.000217978
0.00673034	0.000227063
0.0068251	0.000236523
0.00692119	0.000246374
0.00701863	0.000256631
0.00711744	0.00026731
0.00721765	0.00027843
0.00731926	0.000290007
0.00742231	0.000302061
0.0075268	0.00031461
0.00763277	0.000327676
0.00774023	0.000341278
0.0078492	0.000355438
0.00795971	0.000370179
0.00807177	0.000385524
0.00818541	0.000401499
0.00830065	0.000418127
0.00841752	0.000435436
0.00853602	0.000453453
0.0086562	0.000472207
0.00877807	0.000491726
0.00890165	0.000512042
0.00902697	0.000533186
0.00915406	0.000555193
0.00928294	0.000578096
0.00941363	0.00060193
0.00954616	0.000626735
0.00968056	0.000652547
0.00981685	0.000679408
0.00995506	0.000707359
0.0100952	0.000736443
0.0102373	0.000766706
0.0103815	0.000798194
0.0105276	0.000830956
0.0106758	0.000865042
0.0108261	0.000900505
0.0109786	0.000937399
0.0111331	0.00097578
0.0112899	0.00101571
0.0114488	0.00105724
0.01161	0.00110045
0.0117735	0.00114539
0.0119392	0.00119213
0.0121073	0.00124075
0.0122778	0.00129132
0.0124506	0.00134391
0.0126259	0.00139861
0.0128037	0.00145549
0.0129839	0.00151464
0.0131667	0.00157615
0.0133521	0.00164011
0.0135401	0.00170661
0.0137307	0.00177576
0.013924	0.00184766
0.01412	0.0019224
0.0143188	0.00200011
0.0145204	0.00208089
0.0147248	0.00216486
0.0149321	0.00225215
0.0151424	0.00234289
0.0153556	0.00243719
0.0155717	0.00253521
0.015791	0.00263708
0.0160133	0.00274295
0.0162387	0.00285297
0.0164674	0.0029673
0.0166992	0.00308609
0.0169343	0.00320953
0.0171727	0.00333778
0.0174145	0.00347102
0.0176597	0.00360945
0.0179083	0.00375325
0.0181604	0.00390263
0.0184161	0.0040578
0.0186754	0.00421896
0.0189383	0.00438635
0.0192049	0.0045602
0.0194753	0.00474073
0.0197495	0.00492821
0.0200275	0.00512288
0.0203095	0.00532501
0.0205954	0.00553488
0.0208854	0.00575276
0.0211794	0.00597895
0.0214776	0.00621376
0.02178	0.00645748
0.0220866	0.00671046
0.0223975	0.00697301
0.0227129	0.00724549
0.0230326	0.00752826
0.0233569	0.00782167
0.0236858	0.00812612
0.0240192	0.00844199
0.0243574	0.0087697
0.0247003	0.00910965
0.025048	0.00946229
0.0254007	0.00982806
0.0257583	0.0102074
0.0261209	0.0106009
0.0264887	0.0110088
0.0268616	0.0114319
0.0272398	0.0118705
0.0276233	0.0123253
0.0280122	0.0127968
0.0284066	0.0132855
0.0288065	0.013792
0.0292121	0.014317
0.0296233	0.0148611
0.0300404	0.0154249
0.0304633	0.0160091
0.0308922	0.0166144
0.0313271	0.0172415
0.0317682	0.0178911
0.0322154	0.0185639
0.032669	0.0192608
0.0331289	0.0199825
0.0335953	0.0207298
0.0340683	0.0215035
0.0345479	0.0223047
0.0350343	0.023134
0.0355276	0.0239924
0.0360277	0.0248809
0.036535	0.0258004
0.0370493	0.026752
0.0375709	0.0277365
0.0380999	0.0287551
0.0386363	0.0298088
0.0391802	0.0308987
0.0397319	0.0320259
0.0402912	0.0331916
0.0408585	0.034397
0.0414337	0.0356432
0.042017	0.0369315
0.0426086	0.0382632
0.0432085	0.0396396
0.0438168	0.041062
0.0444337	0.0425317
0.0450592	0.0440501
0.0456936	0.0456187
0.0463369	0.0472389
0.0469893	0.0489122
0.0476508	0.0506402
0.0483217	0.0524243
0.049002	0.0542661
0.0496919	0.0561673
0.0503915	0.0581295
0.0511009	0.0601543
0.0518204	0.0622436
0.0525499	0.064399
0.0532898	0.0666222
0.05404	0.0689152
0.0548008	0.0712798
0.0555724	0.0737177
0.0563547	0.076231
0.0571481	0.0788215
0.0579527	0.0814912
0.0587686	0.0842421
0.059596	0.0870762
0.060435	0.0899955
0.0612859	0.0930021
0.0621487	0.0960982
0.0630237	0.0992858
0.063911	0.102567
0.0648108	0.105944
0.0657232	0.109419
0.0666485	0.112995
0.0675868	0.116673
0.0685384	0.120456
0.0695033	0.124345
0.0704818	0.128344
0.0714741	0.132455
0.0724804	0.136679
0.0735008	0.14102
0.0745356	0.145479
0.075585	0.150059
0.0766491	0.154762
0.0777282	0.159591
0.0788225	0.164547
0.0799323	0.169634
0.0810576	0.174853
0.0821988	0.180206
0.083356	0.185697
0.0845296	0.191327
0.0857197	0.197098
0.0869265	0.203012
0.0881503	0.209073
0.0893913	0.215282
0.0906498	0.22164
0.0919261	0.228151
0.0932203	0.234815
0.0945327	0.241636
0.0958636	0.248614
0.0972132	0.255753
0.0985819	0.263053
0.0999698	0.270516
0.101377	0.278144
0.102804	0.285938
0.104252	0.2939
0.10572	0.302031
0.107208	0.310333
0.108717	0.318806
0.110248	0.327452
0.1118	0.336271
0.113374	0.345264
0.11497	0.354433
0.116589	0.363777
0.11823	0.373297
0.119895	0.382993
0.121583	0.392865
0.123295	0.402913
0.12503	0.413137
0.126791	0.423536
0.128576	0.43411
0.130386	0.444858
0.132221	0.455779
0.134083	0.466872
0.135971	0.478135
0.137885	0.489566
0.139826	0.501164
0.141795	0.512927
0.143791	0.524852
0.145816	0.536937
0.147868	0.549178
0.14995	0.561573
0.152061	0.574119
0.154202	0.586812
0.156373	0.599647
0.158575	0.612621
0.160807	0.625729
0.163071	0.638967
0.165367	0.652329
0.167695	0.66581
0.170056	0.679404
0.17245	0.693106
0.174878	0.70691
0.17734	0.720808
0.179837	0.734794
0.182369	0.74886
0.184936	0.763
0.18754	0.777206
0.19018	0.791469
0.192858	0.805781
0.195573	0.820133
0.198326	0.834517
0.201118	0.848923
0.20395	0.863342
0.206821	0.877764
0.209733	0.892178
0.212686	0.906575
0.21568	0.920943
0.218717	0.935272
0.221796	0.949551
0.224919	0.963768
0.228085	0.977912
0.231296	0.991971
0.234553	1.00593
0.237855	1.01978
0.241204	1.03352
0.244599	1.04711
0.248043	1.06056
0.251535	1.07385
0.255076	1.08697
0.258668	1.0999
0.262309	1.11263
0.266002	1.12515
0.269747	1.13745
0.273545	1.14951
0.277396	1.16131
0.281301	1.17285
0.285262	1.18412
0.289278	1.19509
0.293351	1.20576
0.297481	1.21611
0.301669	1.22613
0.305916	1.23581
0.310223	1.24514
0.31459	1.2541
0.319019	1.26268
0.323511	1.27087
0.328065	1.27867
0.332684	1.28605
0.337368	1.293
0.342118	1.29953
0.346934	1.30561
0.351818	1.31124
0.356772	1.3164
0.361795	1.3211
0.366888	1.32532
0.372053	1.32906
0.377291	1.33231
0.382603	1.33505
0.38799	1.3373
0.393452	1.33903
0.398991	1.34025
0.404609	1.34096
0.410305	1.34114
0.416082	1.3408
0.42194	1.33994
0.42788	1.33855
0.433904	1.33663
0.440013	1.33418
0.446208	1.3312
0.45249	1.3277
0.45886	1.32368
0.46532	1.31913
0.471871	1.31406
0.478515	1.30848
0.485252	1.30239
0.492083	1.29579
0.499011	1.2887
0.506037	1.2811
0.513161	1.27302
0.520386	1.26446
0.527712	1.25543
0.535141	1.24594
0.542676	1.23599
0.550316	1.22559
0.558063	1.21476
0.56592	1.2035
0.573888	1.19182
0.581967	1.17975
0.590161	1.16728
0.598469	1.15443
0.606895	1.14121
0.615439	1.12764
0.624104	1.11373
0.632891	1.09949
0.641801	1.08494
0.650837	1.07008
0.659999	1.05494
0.669291	1.03953
0.678714	1.02386
0.68827	1.00795
0.69796	0.99181
0.707786	0.975462
0.717751	0.958918
0.727856	0.942195
0.738103	0.925307
0.748494	0.908271
0.759032	0.891103
0.769718	0.873819
0.780555	0.856434
0.791544	0.838965
0.802688	0.821427
0.813989	0.803837
0.825449	0.78621
0.83707	0.768561
0.848855	0.750908
0.860806	0.733264
0.872925	0.715645
0.885215	0.698067
0.897677	0.680543
0.910315	0.663089
0.923131	0.645718
0.936128	0.628445
0.949307	0.611284
0.962672	0.594247
0.976226	0.577347
0.98997	0.560597
1.00391	0.544009
1.01804	0.527595
1.03237	0.511366
1.04691	0.495333
1.06165	0.479505
1.07659	0.463893
1.09175	0.448507
1.10712	0.433354
1.12271	0.418443
1.13851	0.403783
1.15454	0.38938
1.1708	0.375242
1.18728	0.361374
1.204	0.347782
1.22095	0.334472
1.23814	0.321449
1.25557	0.308716
1.27324	0.296277
1.29117	0.284136
1.30935	0.272295
1.32778	0.260756
1.34648	0.249522
1.36543	0.238593
1.38466	0.22797
1.40415	0.217653
1.42392	0.207643
1.44397	0.197938
1.46429	0.188538
1.48491	0.17944
1.50582	0.170644
1.52702	0.162147
1.54851	0.153945
1.57032	0.146036
1.59242	0.138417
1.61484	0.131083
1.63758	0.124031
1.66063	0.117256
1.68401	0.110753
1.70772	0.104518
1.73176	0.0985448
1.75614	0.0928285
1.78087	0.0873632
1.80594	0.0821431
1.83137	0.0771623
1.85715	0.0724144
1.8833	0.0678933
1.90981	0.0635925
1.9367	0.0595055
1.96396	0.0556257
1.99161	0.0519465
2.01965	0.0484613
2.04809	0.0451633
2.07692	0.0420458
2.10616	0.0391023
2.13581	0.0363261
2.16588	0.0337105
2.19638	0.0312491
2.2273	0.0289354
2.25866	0.026763
2.29046	0.0247257
2.3227	0.0228173
2.3554	0.0210317
2.38856	0.0193632
2.42219	0.0178058
2.45629	0.0163539
2.49087	0.0150021
2.52594	0.0137451
2.5615	0.0125777
2.59757	0.0114948
2.63414	0.0104917
2.67122	0.00956369
2.70883	0.0087063
2.74697	0.0079152
2.78564	0.00718627
2.82486	0.00651555
2.86463	0.00589923
2.90496	0.00533371
2.94586	0.00481554
2.98733	0.00434144
3.02939	0.00390829
3.07204	0.00351314
3.11529	0.00315321
3.15915	0.00282584
3.20363	0.00252855
3.24873	0.002259
3.29447	0.00201499
3.34085	0.00179445
3.38788	0.00159544
3.43558	0.00141616
3.48395	0.00125492
3.533	0.00111015
3.58274	0.000980395
3.63318	0.000864294
3.68433	0.000760595
3.7362	0.000668137
3.7888	0.000585852
3.84214	0.000512753
3.89623	0.000447937
3.95109	0.000390573
4.00671	0.0003399
4.06312	0.000295226
4.12033	0.000255917
4.17834	0.000221398
4.23716	0.000191146
4.29682	0.000164688
4.35731	0.000141596
4.41866	0.000121484
4.48086	0.000104005
4.54395	8.88478e-05
4.60792	7.57318e-05
4.6728	6.44077e-05
4.73858	5.46527e-05
4.8053	4.62685e-05
4.87295	3.90793e-05
4.94155	3.29291e-05
5.01112	2.76804e-05
5.08167	2.32117e-05
5.15322	1.94166e-05
5.22577	1.62014e-05
5.29934	1.34844e-05
5.37395	1.11942e-05
5.44961	9.26883e-06
5.52633	7.65438e-06
5.60413	6.30423e-06
5.68303	5.17815e-06
5.76304	4.24154e-06
5.84418	3.46465e-06
5.92646	2.82207e-06
6.00989	2.29209e-06
6.0945	1.85623e-06
6.18031	1.49884e-06
6.26732	1.20664e-06
6.35555	9.68472e-07
6.44503	7.7493e-07
6.53577	6.1814e-07
6.62778	4.9152e-07
6.7211	3.89589e-07
6.81572	3.07796e-07
6.91168	2.42378e-07
7.00898	1.90229e-07
7.10766	1.48797e-07
7.20773	1.15991e-07
7.3092	9.01042e-08
7.41211	6.97492e-08
7.51646	5.38004e-08
7.62228	4.13486e-08
7.72959	3.16625e-08
7.83842	2.41555e-08
7.94877	1.83591e-08
8.06068	1.39005e-08
8.17416	1.0484e-08
8.28925	7.87626e-09
8.40595	5.89368e-09
8.52429	4.39241e-09
8.6443	3.26021e-09
8.76601	2.40984e-09
8.88942	1.77382e-09
9.01457	1.30011e-09
9.14148	9.48812e-10
9.27018	6.89414e-10
9.4007	4.98718e-10
9.53305	3.59153e-10
9.66726	2.57469e-10
9.80336	1.83724e-10
9.94138	1.30489e-10
10.0813	9.22404e-11
10.2233	6.48915e-11
10.3672	4.54298e-11
10.5132	3.16473e-11
10.6612	2.19357e-11
10.8113	1.51277e-11
10.9635	1.03789e-11
11.1178	7.08376e-12
11.2744	4.80953e-12
11.4331	3.24857e-12
11.594	2.18198e-12
11.7573	1.45765e-12
11.9228	9.67352e-13
12.0907	6.39094e-13
12.2609	4.19984e-13
12.4335	2.74003e-13
12.6085	1.77609e-13
12.7861	1.15144e-13
12.9661	7.406e-14
13.1486	4.66296e-14
13.3337	2.92278e-14
13.5215	1.89848e-14
13.7118	1.19469e-14
13.9049	8.02837e-15
14.1006	4.35095e-15
14.2991	2.53274e-15
14.5005	1.2998e-15
14.7046	1.7753e-15
14.9116	5.37231e-16
15.1216	5.06775e-16
15.3345	-1.77893e-16
15.5503	4.41271e-17
15.7693	2.15182e-16
15.9913	1.03197e-16
16.2164	2.26251e-16
16.4447	-4.3861e-16
16.6762	-1.22018e-17
16.911	2.02069e-16
17.1491	2.80386e-16
17.3906	-2.86725e-16
17.6354	-1.06626e-16
17.8837	4.68399e-16
18.1354	2.57025e-16
18.3908	-2.23568e-16
18.6497	4.19688e-17
18.9123	9.43417e-17
19.1785	2.17487e-16
19.4485	-3.63693e-16
19.7223	2.71923e-16
