2.77469e-06	4.24552e-14
5.54939e-06	3.39642e-13
8.32408e-06	1.14629e-12
1.10988e-05	2.71711e-12
1.38735e-05	5.30682e-12
1.66482e-05	9.17011e-12
1.94229e-05	1.45616e-11
2.21976e-05	2.17361e-11
2.49723e-05	3.09481e-11
2.77469e-05	4.24521e-11
3.05216e-05	5.65029e-11
3.32963e-05	7.33548e-11
3.6071e-05	9.32624e-11
3.88457e-05	1.1648e-10
4.16204e-05	1.43262e-10
4.43951e-05	1.73863e-10
4.71698e-05	2.08538e-10
4.99445e-05	2.47539e-10
5.27192e-05	2.91122e-10
5.54939e-05	3.39541e-10
5.82686e-05	3.93049e-10
6.10433e-05	4.51901e-10
6.3818e-05	5.16351e-10
6.65927e-05	5.86652e-10
6.93674e-05	6.63059e-10
7.21421e-05	7.45824e-10
7.49168e-05	8.35202e-10
7.76915e-05	9.31447e-10
8.04661e-05	1.03481e-09
8.32408e-05	1.14555e-09
8.60155e-05	1.26391e-09
8.87902e-05	1.39016e-09
9.15649e-05	1.52454e-09
9.43396e-05	1.6673e-09
9.71143e-05	1.81871e-09
9.9889e-05	1.979e-09
0.000102664	2.14845e-09
0.000105438	2.32729e-09
0.000108213	2.51579e-09
0.000110988	2.71419e-09
0.000113762	2.92275e-09
0.000116537	3.14172e-09
0.000119312	3.37135e-09
0.000122087	3.6119e-09
0.000124861	3.86362e-09
0.000127636	4.12677e-09
0.000130411	4.40158e-09
0.000133185	4.68833e-09
0.00013596	4.98726e-09
0.000138735	5.29862e-09
0.000141509	5.62266e-09
0.000144284	5.95965e-09
0.000147059	6.30982e-09
0.000149834	6.67344e-09
0.000152608	7.05075e-09
0.000155383	7.44201e-09
0.000158158	7.84747e-09
0.000160932	8.26738e-09
0.000163707	8.70199e-09
0.000166482	9.15156e-09
0.000169256	9.61634e-09
0.000172031	1.00966e-08
0.000174806	1.05925e-08
0.00017758	1.11044e-08
0.000180355	1.16326e-08
0.00018313	1.21772e-08
0.000185905	1.27385e-08
0.000188679	1.33168e-08
0.000191428	1.39066e-08
0.000194217	1.45227e-08
0.000197047	1.51659e-08
0.000199917	1.58377e-08
0.00020283	1.65392e-08
0.000205785	1.72718e-08
0.000208783	1.80367e-08
0.000211825	1.88356e-08
0.000214911	1.96698e-08
0.000218042	2.0541e-08
0.000221219	2.14507e-08
0.000224442	2.24007e-08
0.000227712	2.33927e-08
0.000231029	2.44287e-08
0.000234395	2.55105e-08
0.00023781	2.66402e-08
0.000241275	2.78199e-08
0.00024479	2.90518e-08
0.000248356	3.03382e-08
0.000251975	3.16816e-08
0.000255646	3.30844e-08
0.00025937	3.45493e-08
0.000263149	3.6079e-08
0.000266983	3.76764e-08
0.000270873	3.93446e-08
0.000274819	4.10865e-08
0.000278823	4.29055e-08
0.000282885	4.48049e-08
0.000287006	4.67885e-08
0.000291188	4.88597e-08
0.00029543	5.10227e-08
0.000299734	5.32813e-08
0.000304101	5.56398e-08
0.000308532	5.81026e-08
0.000313027	6.06745e-08
0.000317587	6.336e-08
0.000322214	6.61644e-08
0.000326908	6.90928e-08
0.000331671	7.21507e-08
0.000336503	7.53439e-08
0.000341406	7.86783e-08
0.00034638	8.21601e-08
0.000351426	8.57959e-08
0.000356546	8.95925e-08
0.000361741	9.3557e-08
0.000367011	9.76968e-08
0.000372358	1.0202e-07
0.000377783	1.06534e-07
0.000383287	1.11247e-07
0.000388871	1.16169e-07
0.000394537	1.21309e-07
0.000400285	1.26675e-07
0.000406117	1.32279e-07
0.000412033	1.38131e-07
0.000418036	1.44241e-07
0.000424127	1.50621e-07
0.000430306	1.57284e-07
0.000436575	1.6424e-07
0.000442935	1.71504e-07
0.000449389	1.7909e-07
0.000455936	1.8701e-07
0.000462578	1.9528e-07
0.000469318	2.03916e-07
0.000476155	2.12933e-07
0.000483092	2.22348e-07
0.000490131	2.3218e-07
0.000497271	2.42445e-07
0.000504516	2.53165e-07
0.000511867	2.64357e-07
0.000519324	2.76044e-07
0.00052689	2.88247e-07
0.000534566	3.00989e-07
0.000542355	3.14293e-07
0.000550256	3.28185e-07
0.000558273	3.4269e-07
0.000566406	3.57836e-07
0.000574658	3.7365e-07
0.000583031	3.90162e-07
0.000591525	4.07403e-07
0.000600143	4.25405e-07
0.000608887	4.44202e-07
0.000617757	4.63827e-07
0.000626758	4.84319e-07
0.000635889	5.05715e-07
0.000645153	5.28056e-07
0.000654553	5.51381e-07
0.000664089	5.75736e-07
0.000673764	6.01165e-07
0.00068358	6.27715e-07
0.000693539	6.55437e-07
0.000703643	6.84381e-07
0.000713895	7.14601e-07
0.000724296	7.46154e-07
0.000734848	7.79098e-07
0.000745554	8.13494e-07
0.000756416	8.49406e-07
0.000767437	8.86901e-07
0.000778617	9.26049e-07
0.000789961	9.66922e-07
0.00080147	1.0096e-06
0.000813147	1.05415e-06
0.000824994	1.10067e-06
0.000837013	1.14923e-06
0.000849208	1.19994e-06
0.00086158	1.25288e-06
0.000874132	1.30815e-06
0.000886868	1.36585e-06
0.000899788	1.4261e-06
0.000912898	1.489e-06
0.000926198	1.55466e-06
0.000939692	1.62322e-06
0.000953382	1.69479e-06
0.000967272	1.76952e-06
0.000981364	1.84753e-06
0.000995662	1.92897e-06
0.00101017	2.014e-06
0.00102488	2.10277e-06
0.00103982	2.19544e-06
0.00105497	2.29218e-06
0.00107034	2.39318e-06
0.00108593	2.49863e-06
0.00110175	2.6087e-06
0.0011178	2.72362e-06
0.00113409	2.84358e-06
0.00115061	2.96882e-06
0.00116737	3.09956e-06
0.00118438	3.23604e-06
0.00120164	3.37852e-06
0.00121914	3.52725e-06
0.0012369	3.68252e-06
0.00125493	3.8446e-06
0.00127321	4.0138e-06
0.00129176	4.19043e-06
0.00131058	4.3748e-06
0.00132967	4.56727e-06
0.00134904	4.76818e-06
0.0013687	4.97791e-06
0.00138864	5.19683e-06
0.00140887	5.42536e-06
0.0014294	5.6639e-06
0.00145022	5.9129e-06
0.00147135	6.17282e-06
0.00149279	6.44412e-06
0.00151453	6.72732e-06
0.0015366	7.02291e-06
0.00155899	7.33146e-06
0.0015817	7.65352e-06
0.00160474	7.98968e-06
0.00162812	8.34055e-06
0.00165184	8.70678e-06
0.00167591	9.08904e-06
0.00170033	9.48802e-06
0.0017251	9.90446e-06
0.00175023	1.03391e-05
0.00177573	1.07928e-05
0.0018016	1.12662e-05
0.00182785	1.17604e-05
0.00185448	1.22762e-05
0.0018815	1.28145e-05
0.00190891	1.33763e-05
0.00193672	1.39626e-05
0.00196494	1.45746e-05
0.00199356	1.52133e-05
0.00202261	1.58798e-05
0.00205208	1.65754e-05
0.00208197	1.73013e-05
0.00211231	1.80589e-05
0.00214308	1.88496e-05
0.0021743	1.96747e-05
0.00220598	2.05357e-05
0.00223812	2.14343e-05
0.00227073	2.23719e-05
0.00230381	2.33505e-05
0.00233737	2.43716e-05
0.00237143	2.54371e-05
0.00240598	2.6549e-05
0.00244103	2.77092e-05
0.00247659	2.892e-05
0.00251267	3.01833e-05
0.00254928	3.15015e-05
0.00258642	3.2877e-05
0.00262411	3.43122e-05
0.00266234	3.58098e-05
0.00270112	3.73723e-05
0.00274048	3.90026e-05
0.0027804	4.07036e-05
0.00282091	4.24784e-05
0.00286201	4.43302e-05
0.00290371	4.62621e-05
0.00294601	4.82778e-05
0.00298893	5.03807e-05
0.00303248	5.25746e-05
0.00307666	5.48635e-05
0.00312148	5.72514e-05
0.00316696	5.97425e-05
0.0032131	6.23413e-05
0.00325991	6.50524e-05
0.0033074	6.78806e-05
0.00335559	7.08309e-05
0.00340448	7.39085e-05
0.00345408	7.71189e-05
0.0035044	8.04677e-05
0.00355546	8.39609e-05
0.00360726	8.76046e-05
0.00365981	9.14051e-05
0.00371313	9.53693e-05
0.00376723	9.95041e-05
0.00382211	0.000103817
0.0038778	0.000108315
0.00393429	0.000113006
0.00399161	0.000117899
0.00404977	0.000123002
0.00410877	0.000128324
0.00416863	0.000133874
0.00422936	0.000139662
0.00429098	0.000145698
0.0043535	0.000151992
0.00441692	0.000158556
0.00448128	0.000165401
0.00454656	0.000172538
0.0046128	0.000179981
0.00468001	0.000187741
0.00474819	0.000195833
0.00481737	0.00020427
0.00488755	0.000213066
0.00495876	0.000222238
0.005031	0.0002318
0.0051043	0.000241769
0.00517867	0.000252162
0.00525411	0.000262997
0.00533066	0.000274293
0.00540833	0.000286068
0.00548712	0.000298343
0.00556706	0.000311138
0.00564817	0.000324475
0.00573046	0.000338377
0.00581395	0.000352868
0.00589865	0.000367971
0.00598459	0.000383713
0.00607178	0.000400119
0.00616024	0.000417218
0.00624999	0.000435038
0.00634104	0.000453608
0.00643343	0.000472961
0.00652716	0.000493127
0.00662225	0.000514142
0.00671873	0.000536039
0.00681662	0.000558856
0.00691593	0.000582629
0.00701669	0.000607398
0.00711892	0.000633205
0.00722263	0.000660091
0.00732786	0.0006881
0.00743462	0.00071728
0.00754294	0.000747676
0.00765283	0.00077934
0.00776432	0.000812322
0.00787744	0.000846677
0.00799221	0.00088246
0.00810865	0.000919728
0.00822679	0.000958543
0.00834664	0.000998966
0.00846825	0.00104106
0.00859162	0.0010849
0.00871679	0.00113055
0.00884379	0.00117808
0.00897263	0.00122758
0.00910336	0.00127911
0.00923599	0.00133276
0.00937055	0.00138862
0.00950707	0.00144676
0.00964558	0.0015073
0.0097861	0.00157031
0.00992868	0.00163589
0.0100733	0.00170416
0.0102201	0.00177521
0.010369	0.00184916
0.0105201	0.00192612
0.0106733	0.0020062
0.0108288	0.00208954
0.0109866	0.00217625
0.0111467	0.00226648
0.011309	0.00236035
0.0114738	0.00245801
0.011641	0.00255961
0.0118106	0.00266529
0.0119826	0.00277523
0.0121572	0.00288958
0.0123343	0.0030085
0.012514	0.00313219
0.0126964	0.00326082
0.0128813	0.00339458
0.013069	0.00353367
0.0132594	0.00367828
0.0134526	0.00382864
0.0136486	0.00398495
0.0138474	0.00414745
0.0140492	0.00431636
0.0142539	0.00449193
0.0144615	0.00467441
0.0146722	0.00486405
0.014886	0.00506113
0.0151028	0.00526592
0.0153229	0.0054787
0.0155461	0.00569978
0.0157726	0.00592946
0.0160024	0.00616805
0.0162355	0.00641589
0.0164721	0.00667331
0.0167121	0.00694065
0.0169555	0.00721829
0.0172026	0.00750659
0.0174532	0.00780594
0.0177075	0.00811674
0.0179655	0.00843939
0.0182272	0.00877432
0.0184928	0.00912197
0.0187622	0.00948278
0.0190355	0.00985723
0.0193129	0.0102458
0.0195942	0.010649
0.0198797	0.0110672
0.0201693	0.0115012
0.0204632	0.0119513
0.0207613	0.0124181
0.0210638	0.0129023
0.0213707	0.0134043
0.021682	0.0139249
0.0219979	0.0144646
0.0223184	0.0150242
0.0226435	0.0156041
0.0229734	0.0162052
0.0233081	0.0168281
0.0236477	0.0174736
0.0239922	0.0181424
0.0243418	0.0188353
0.0246964	0.0195529
0.0250562	0.0202962
0.0254213	0.021066
0.0257916	0.0218631
0.0261674	0.0226884
0.0265486	0.0235427
0.0269354	0.024427
0.0273279	0.0253422
0.027726	0.0262893
0.0281299	0.0272692
0.0285398	0.0282829
0.0289556	0.0293315
0.0293774	0.030416
0.0298054	0.0315376
0.0302397	0.0326971
0.0306802	0.0338959
0.0311272	0.035135
0.0315807	0.0364157
0.0320408	0.037739
0.0325076	0.0391062
0.0329812	0.0405185
0.0334617	0.0419772
0.0339492	0.0434836
0.0344439	0.045039
0.0349457	0.0466446
0.0354548	0.0483019
0.0359713	0.0500122
0.0364954	0.0517769
0.0370271	0.0535973
0.0375666	0.055475
0.0381139	0.0574113
0.0386692	0.0594077
0.0392325	0.0614657
0.0398041	0.0635867
0.040384	0.0657724
0.0409724	0.0680241
0.0415693	0.0703435
0.042175	0.072732
0.0427894	0.0751912
0.0434128	0.0777227
0.0440453	0.080328
0.044687	0.0830087
0.045338	0.0857663
0.0459986	0.0886024
0.0466687	0.0915186
0.0473487	0.0945165
0.0480385	0.0975975
0.0487384	0.100763
0.0494484	0.104015
0.0501689	0.107355
0.0508998	0.110784
0.0516413	0.114303
0.0523937	0.117915
0.053157	0.12162
0.0539315	0.12542
0.0547172	0.129317
0.0555144	0.133311
0.0563232	0.137403
0.0571438	0.141596
0.0579763	0.14589
0.058821	0.150286
0.0596779	0.154786
0.0605474	0.159389
0.0614295	0.164098
0.0623245	0.168913
0.0632325	0.173834
0.0641537	0.178863
0.0650884	0.183999
0.0660367	0.189244
0.0669988	0.194597
0.0679749	0.200059
0.0689652	0.205629
0.06997	0.211309
0.0709894	0.217096
0.0720236	0.222993
0.073073	0.228996
0.0741376	0.235107
0.0752177	0.241325
0.0763135	0.247647
0.0774254	0.254074
0.0785534	0.260604
0.0796978	0.267234
0.0808589	0.273965
0.082037	0.280793
0.0832322	0.287716
0.0844448	0.294732
0.0856751	0.301839
0.0869233	0.309033
0.0881897	0.316311
0.0894745	0.323671
0.0907781	0.331107
0.0921007	0.338617
0.0934425	0.346196
0.0948039	0.35384
0.0961851	0.361543
0.0975864	0.369301
0.0990081	0.377109
0.100451	0.38496
0.101914	0.392848
0.103399	0.400768
0.104905	0.408712
0.106434	0.416674
0.107984	0.424646
0.109558	0.43262
0.111154	0.440588
0.112773	0.448542
0.114416	0.456473
0.116083	0.464372
0.117774	0.472229
0.11949	0.480036
0.121231	0.48778
0.122997	0.495453
0.124789	0.503042
0.126607	0.510538
0.128452	0.517927
0.130323	0.5252
0.132222	0.532342
0.134148	0.539342
0.136103	0.546186
0.138086	0.552862
0.140097	0.559357
0.142139	0.565656
0.144209	0.571745
0.14631	0.57761
0.148442	0.583237
0.150605	0.588611
0.152799	0.593717
0.155025	0.59854
0.157283	0.603064
0.159575	0.607275
0.1619	0.611156
0.164259	0.614692
0.166652	0.617867
0.16908	0.620666
0.171543	0.623073
0.174042	0.625072
0.176578	0.626646
0.17915	0.627782
0.18176	0.628462
0.184409	0.628671
0.187095	0.628395
0.189821	0.627618
0.192587	0.626326
0.195392	0.624503
0.198239	0.622136
0.201127	0.619211
0.204057	0.615714
0.20703	0.611632
0.210047	0.606953
0.213107	0.601665
0.216212	0.595756
0.219362	0.589216
0.222558	0.582034
0.2258	0.5742
0.22909	0.565706
0.232427	0.556544
0.235814	0.546706
0.239249	0.536187
0.242735	0.524979
0.246271	0.51308
0.249859	0.500485
0.253499	0.487192
0.257193	0.473198
0.26094	0.458504
0.264741	0.443109
0.268598	0.427016
0.272512	0.410227
0.276482	0.392746
0.28051	0.374579
0.284597	0.355731
0.288743	0.336211
0.29295	0.316027
0.297218	0.29519
0.301548	0.27371
0.305941	0.251602
0.310399	0.228879
0.314921	0.205557
0.319509	0.181653
0.324164	0.157185
0.328887	0.132172
0.333678	0.106637
0.33854	0.0805997
0.343472	0.0540854
0.348476	0.0271187
0.353553	-0.000274265
0.358704	-0.028066
0.36393	-0.0562277
0.369232	-0.0847296
0.374611	-0.113541
0.380069	-0.142629
0.385607	-0.17196
0.391224	-0.201501
0.396924	-0.231217
0.402707	-0.261071
0.408574	-0.291026
0.414527	-0.321045
0.420566	-0.351089
0.426693	-0.38112
0.43291	-0.411099
0.439217	-0.440984
0.445616	-0.470737
0.452108	-0.500316
0.458695	-0.52968
0.465378	-0.55879
0.472158	-0.587604
0.479037	-0.616082
0.486016	-0.644183
0.493097	-0.671866
0.500281	-0.699093
0.507569	-0.725822
0.514964	-0.752017
0.522467	-0.777638
0.530079	-0.802648
0.537801	-0.827011
0.545637	-0.850691
0.553586	-0.873654
0.561651	-0.895867
0.569834	-0.917298
0.578136	-0.937916
0.586559	-0.957692
0.595105	-0.9766
0.603775	-0.994612
0.612571	-1.01171
0.621496	-1.02786
0.63055	-1.04305
0.639737	-1.05726
0.649057	-1.07048
0.658514	-1.08269
0.668108	-1.09387
0.677841	-1.10403
0.687717	-1.11314
0.697736	-1.12121
0.707902	-1.12823
0.718215	-1.13419
0.728679	-1.13911
0.739295	-1.14298
0.750066	-1.14581
0.760994	-1.1476
0.772081	-1.14837
0.783329	-1.14812
0.794742	-1.14686
0.80632	-1.14462
0.818068	-1.1414
0.829986	-1.13723
0.842078	-1.13213
0.854347	-1.12611
0.866794	-1.1192
0.879422	-1.11143
0.892235	-1.10281
0.905234	-1.09337
0.918422	-1.08315
0.931803	-1.07217
0.945378	-1.06045
0.959151	-1.04804
0.973125	-1.03496
0.987303	-1.02125
1.00169	-1.00693
1.01628	-0.992034
1.03109	-0.976604
1.04611	-0.960671
1.06135	-0.944268
1.07681	-0.92743
1.0925	-0.91019
1.10842	-0.892583
1.12457	-0.874643
1.14095	-0.856404
1.15757	-0.837901
1.17444	-0.819166
1.19155	-0.800233
1.20891	-0.781134
1.22652	-0.761903
1.24439	-0.74257
1.26252	-0.723166
1.28091	-0.703723
1.29958	-0.684269
1.31851	-0.664833
1.33772	-0.645443
1.35721	-0.626126
1.37698	-0.606909
1.39704	-0.587815
1.4174	-0.56887
1.43805	-0.550095
1.459	-0.531514
1.48025	-0.513146
1.50182	-0.495011
1.5237	-0.477128
1.5459	-0.459514
1.56842	-0.442185
1.59127	-0.425157
1.61446	-0.408443
1.63798	-0.392056
1.66184	-0.376007
1.68605	-0.360308
1.71062	-0.344967
1.73554	-0.329993
1.76082	-0.315394
1.78648	-0.301175
1.8125	-0.287342
1.83891	-0.273898
1.8657	-0.260848
1.89288	-0.248194
1.92046	-0.235936
1.94844	-0.224075
1.97683	-0.212612
2.00563	-0.201545
2.03485	-0.190871
2.06449	-0.180589
2.09457	-0.170694
2.12509	-0.161184
2.15605	-0.152052
2.18746	-0.143294
2.21933	-0.134904
2.25166	-0.126876
2.28447	-0.119202
2.31775	-0.111876
2.35152	-0.10489
2.38578	-0.0982347
2.42054	-0.0919031
2.4558	-0.0858861
2.49158	-0.0801749
2.52788	-0.0747603
2.56471	-0.0696331
2.60208	-0.0647838
2.63999	-0.060203
2.67845	-0.0558811
2.71747	-0.0518086
2.75706	-0.0479757
2.79723	-0.0443729
2.83798	-0.0409908
2.87933	-0.0378198
2.92128	-0.0348506
2.96384	-0.032074
3.00702	-0.0294809
3.05083	-0.0270625
3.09528	-0.0248099
3.14037	-0.0227146
3.18612	-0.0207684
3.23254	-0.0189631
3.27964	-0.0172909
3.32742	-0.0157441
3.3759	-0.0143155
3.42508	-0.0129978
3.47498	-0.0117843
3.52561	-0.0106684
3.57697	-0.00964374
3.62909	-0.00870435
3.68196	-0.00784443
3.7356	-0.0070585
3.79003	-0.00634132
3.84524	-0.00568792
3.90127	-0.00509361
3.9581	-0.00455391
4.01577	-0.00406464
4.07428	-0.00362182
4.13363	-0.00322173
4.19386	-0.00286087
4.25496	-0.00253597
4.31695	-0.00224396
4.37984	-0.00198199
4.44365	-0.0017474
4.50839	-0.00153771
4.57408	-0.00135064
4.64072	-0.00118405
4.70833	-0.00103601
4.77692	-0.000904688
4.84652	-0.000788441
4.91713	-0.000685742
4.98877	-0.000595198
5.06145	-0.000515535
5.13519	-0.000445593
5.21001	-0.000384316
5.28591	-0.000330747
5.36292	-0.000284018
5.44105	-0.000243348
5.52033	-0.00020803
5.60075	-0.000177429
5.68235	-0.000150978
5.76514	-0.000128167
5.84913	-0.000108542
5.93435	-9.16986e-05
6.0208	-7.72784e-05
6.10852	-6.49633e-05
6.19752	-5.44726e-05
6.28781	-4.55586e-05
6.37942	-3.80042e-05
6.47236	-3.16187e-05
6.56666	-2.62357e-05
6.66233	-2.171e-05
6.75939	-1.79156e-05
6.85787	-1.4743e-05
6.95778	-1.2098e-05
7.05915	-9.89893e-06
7.162	-8.07603e-06
7.26634	-6.56937e-06
7.3722	-5.3278e-06
7.47961	-4.30776e-06
7.58858	-3.47229e-06
7.69914	-2.79011e-06
7.81131	-2.23487e-06
7.92511	-1.78437e-06
8.04058	-1.42005e-06
8.15772	-1.12638e-06
8.27657	-8.90452e-07
8.39715	-7.01553e-07
8.51949	-5.50824e-07
8.64361	-4.30971e-07
8.76954	-3.36003e-07
8.89731	-2.61022e-07
9.02693	-2.02036e-07
9.15845	-1.55802e-07
9.29188	-1.19699e-07
9.42725	-9.16133e-08
9.5646	-6.98477e-08
9.70395	-5.30454e-08
9.84532	-4.01257e-08
9.98876	-3.02309e-08
10.1343	-2.26835e-08
10.2819	-1.69502e-08
10.4317	-1.2613e-08
10.5837	-9.34576e-09
10.7379	-6.89509e-09
10.8944	-5.06486e-09
11.0531	-3.70399e-09
11.2141	-2.69662e-09
11.3775	-1.95429e-09
11.5432	-1.40979e-09
11.7114	-1.01223e-09
11.882	-7.2334e-10
12.0552	-5.14413e-10
12.2308	-3.64048e-10
12.409	-2.56361e-10
12.5898	-1.79623e-10
12.7732	-1.25215e-10
12.9593	-8.68377e-11
13.1481	-5.99082e-11
13.3396	-4.11101e-11
13.534	-2.80589e-11
13.7312	-1.90471e-11
13.9312	-1.2858e-11
14.1342	-8.63114e-12
14.3401	-5.76092e-12
14.549	-3.82287e-12
14.761	-2.52212e-12
14.9761	-1.65415e-12
15.1942	-1.07853e-12
15.4156	-6.98783e-13
15.6402	-4.49508e-13
15.8681	-2.87651e-13
16.0992	-1.83165e-13
16.3338	-1.16027e-13
16.5718	-7.20741e-14
16.8132	-4.52727e-14
17.0582	-2.83196e-14
17.3067	-1.74734e-14
17.5588	-9.87996e-15
17.8146	-6.77328e-15
18.0742	-3.92164e-15
18.3375	-2.16768e-15
18.6047	-1.17526e-15
18.8757	-1.03954e-15
19.1507	-5.13939e-16
19.4297	-4.41248e-16
19.7128	1.67646e-16
