4.1425e-06	2.26082e-15
8.285e-06	1.80866e-14
1.24275e-05	6.10418e-14
1.657e-05	1.4469e-13
2.07125e-05	2.82595e-13
2.4855e-05	4.88318e-13
2.89975e-05	7.75419e-13
3.314e-05	1.15745e-12
3.72825e-05	1.64798e-12
4.1425e-05	2.26055e-12
4.55675e-05	3.00872e-12
4.971e-05	3.90603e-12
5.38525e-05	4.96602e-12
5.7995e-05	6.20225e-12
6.21375e-05	7.62824e-12
6.628e-05	9.25752e-12
7.04225e-05	1.11036e-11
7.4565e-05	1.31801e-11
7.87075e-05	1.55005e-11
8.285e-05	1.80783e-11
8.69925e-05	2.0927e-11
9.1135e-05	2.40601e-11
9.52775e-05	2.74912e-11
9.942e-05	3.12338e-11
0.000103563	3.53013e-11
0.000107705	3.97074e-11
0.000111848	4.44654e-11
0.00011599	4.9589e-11
0.000120133	5.50916e-11
0.000124275	6.09867e-11
0.000128418	6.72878e-11
0.00013256	7.40083e-11
0.000136703	8.11619e-11
0.000140845	8.8762e-11
0.000144988	9.6822e-11
0.00014913	1.05355e-10
0.000153273	1.14376e-10
0.000157415	1.23897e-10
0.000161558	1.33931e-10
0.0001657	1.44494e-10
0.000169843	1.55596e-10
0.000173985	1.67254e-10
0.000178128	1.79479e-10
0.00018227	1.92285e-10
0.000186413	2.05686e-10
0.000190555	2.19695e-10
0.000194698	2.34325e-10
0.00019884	2.49591e-10
0.000202983	2.65505e-10
0.000207125	2.82082e-10
0.000211268	2.99333e-10
0.00021541	3.17274e-10
0.000219553	3.35916e-10
0.000223695	3.55275e-10
0.000227838	3.75363e-10
0.00023198	3.96193e-10
0.000236123	4.17779e-10
0.000240265	4.40135e-10
0.000244408	4.63274e-10
0.00024855	4.87208e-10
0.000252693	5.11953e-10
0.000256835	5.37521e-10
0.000260978	5.63925e-10
0.00026512	5.9118e-10
0.000269263	6.19297e-10
0.000273405	6.48292e-10
0.000277548	6.78177e-10
0.00028169	7.08965e-10
0.000285833	7.4067e-10
0.000289975	7.73306e-10
0.000294118	8.06886e-10
0.000298237	8.41228e-10
0.000302414	8.77031e-10
0.00030665	9.14357e-10
0.000310945	9.53272e-10
0.0003153	9.93841e-10
0.000319716	1.03614e-09
0.000324194	1.08023e-09
0.000328735	1.1262e-09
0.00033334	1.17413e-09
0.000338008	1.22409e-09
0.000342743	1.27618e-09
0.000347543	1.33049e-09
0.000352411	1.3871e-09
0.000357347	1.44612e-09
0.000362352	1.50766e-09
0.000367427	1.57181e-09
0.000372573	1.63869e-09
0.000377792	1.70841e-09
0.000383083	1.7811e-09
0.000388449	1.85687e-09
0.00039389	1.93587e-09
0.000399406	2.01823e-09
0.000405001	2.1041e-09
0.000410673	2.19361e-09
0.000416425	2.28693e-09
0.000422258	2.38421e-09
0.000428172	2.48564e-09
0.000434169	2.59137e-09
0.00044025	2.7016e-09
0.000446416	2.81652e-09
0.000452669	2.93632e-09
0.000459009	3.06121e-09
0.000465438	3.19142e-09
0.000471957	3.32715e-09
0.000478568	3.46866e-09
0.000485271	3.61618e-09
0.000492067	3.76998e-09
0.000498959	3.9303e-09
0.000505948	4.09745e-09
0.000513034	4.27169e-09
0.00052022	4.45334e-09
0.000527506	4.64271e-09
0.000534895	4.84013e-09
0.000542387	5.04593e-09
0.000549984	5.26048e-09
0.000557687	5.48415e-09
0.000565498	5.71732e-09
0.000573418	5.96039e-09
0.00058145	6.21379e-09
0.000589594	6.47796e-09
0.000597852	6.75335e-09
0.000606225	7.04043e-09
0.000614716	7.33971e-09
0.000623326	7.6517e-09
0.000632057	7.97695e-09
0.000640909	8.316e-09
0.000649886	8.66946e-09
0.000658989	9.03792e-09
0.000668219	9.42204e-09
0.000677578	9.82246e-09
0.000687068	1.02399e-08
0.000696692	1.0675e-08
0.00070645	1.11287e-08
0.000716344	1.16015e-08
0.000726378	1.20945e-08
0.000736551	1.26084e-08
0.000746868	1.31441e-08
0.000757329	1.37025e-08
0.000767936	1.42846e-08
0.000778692	1.48915e-08
0.000789598	1.55241e-08
0.000800658	1.61835e-08
0.000811872	1.68709e-08
0.000823243	1.75875e-08
0.000834774	1.83345e-08
0.000846466	1.91132e-08
0.000858322	1.99249e-08
0.000870344	2.07711e-08
0.000882534	2.16531e-08
0.000894895	2.25726e-08
0.000907429	2.3531e-08
0.000920139	2.45302e-08
0.000933026	2.55716e-08
0.000946095	2.66573e-08
0.000959346	2.77889e-08
0.000972783	2.89686e-08
0.000986408	3.01983e-08
0.00100022	3.14801e-08
0.00101423	3.28162e-08
0.00102844	3.4209e-08
0.00104284	3.56608e-08
0.00105745	3.71741e-08
0.00107226	3.87515e-08
0.00108728	4.03958e-08
0.00110251	4.21098e-08
0.00111795	4.38964e-08
0.00113361	4.57587e-08
0.00114949	4.76998e-08
0.00116559	4.97232e-08
0.00118191	5.18323e-08
0.00119846	5.40307e-08
0.00121525	5.63222e-08
0.00123227	5.87108e-08
0.00124953	6.12004e-08
0.00126703	6.37955e-08
0.00128478	6.65004e-08
0.00130277	6.93198e-08
0.00132102	7.22586e-08
0.00133952	7.53217e-08
0.00135829	7.85144e-08
0.00137731	8.18422e-08
0.0013966	8.53108e-08
0.00141616	8.89262e-08
0.001436	9.26944e-08
0.00145611	9.66221e-08
0.0014765	1.00716e-07
0.00149719	1.04983e-07
0.00151816	1.0943e-07
0.00153942	1.14065e-07
0.00156098	1.18896e-07
0.00158284	1.23932e-07
0.00160501	1.2918e-07
0.00162749	1.3465e-07
0.00165029	1.40351e-07
0.0016734	1.46293e-07
0.00169684	1.52486e-07
0.00172061	1.58941e-07
0.00174471	1.65668e-07
0.00176914	1.7268e-07
0.00179392	1.79987e-07
0.00181905	1.87603e-07
0.00184453	1.9554e-07
0.00187036	2.03812e-07
0.00189656	2.12434e-07
0.00192312	2.21419e-07
0.00195006	2.30783e-07
0.00197737	2.40542e-07
0.00200507	2.50713e-07
0.00203315	2.61313e-07
0.00206163	2.7236e-07
0.0020905	2.83872e-07
0.00211978	2.9587e-07
0.00214947	3.08373e-07
0.00217958	3.21403e-07
0.00221011	3.34983e-07
0.00224106	3.49134e-07
0.00227245	3.63881e-07
0.00230428	3.7925e-07
0.00233655	3.95265e-07
0.00236928	4.11955e-07
0.00240247	4.29347e-07
0.00243611	4.47471e-07
0.00247024	4.66358e-07
0.00250483	4.86039e-07
0.00253992	5.06549e-07
0.00257549	5.2792e-07
0.00261157	5.50191e-07
0.00264814	5.73397e-07
0.00268523	5.97579e-07
0.00272284	6.22777e-07
0.00276098	6.49034e-07
0.00279965	6.76394e-07
0.00283887	7.04903e-07
0.00287863	7.34609e-07
0.00291895	7.65562e-07
0.00295983	7.97814e-07
0.00300129	8.3142e-07
0.00304332	8.66435e-07
0.00308595	9.02919e-07
0.00312917	9.40934e-07
0.003173	9.80542e-07
0.00321744	1.02181e-06
0.0032625	1.06481e-06
0.0033082	1.10961e-06
0.00335454	1.15628e-06
0.00340152	1.20491e-06
0.00344916	1.25558e-06
0.00349747	1.30837e-06
0.00354646	1.36336e-06
0.00359613	1.42066e-06
0.0036465	1.48036e-06
0.00369757	1.54254e-06
0.00374936	1.60733e-06
0.00380188	1.67483e-06
0.00385513	1.74515e-06
0.00390912	1.8184e-06
0.00396388	1.89472e-06
0.00401939	1.97422e-06
0.00407569	2.05703e-06
0.00413278	2.14331e-06
0.00419066	2.23318e-06
0.00424936	2.32679e-06
0.00430887	2.42431e-06
0.00436923	2.5259e-06
0.00443042	2.63172e-06
0.00449248	2.74194e-06
0.0045554	2.85675e-06
0.0046192	2.97634e-06
0.0046839	3.1009e-06
0.0047495	3.23065e-06
0.00481603	3.36579e-06
0.00488348	3.50655e-06
0.00495188	3.65315e-06
0.00502124	3.80585e-06
0.00509157	3.96488e-06
0.00516288	4.13051e-06
0.00523519	4.30302e-06
0.00530852	4.48268e-06
0.00538287	4.66979e-06
0.00545827	4.86465e-06
0.00553472	5.06758e-06
0.00561224	5.27892e-06
0.00569084	5.499e-06
0.00577055	5.72819e-06
0.00585137	5.96686e-06
0.00593333	6.21539e-06
0.00601643	6.4742e-06
0.0061007	6.74369e-06
0.00618615	7.02431e-06
0.00627279	7.31651e-06
0.00636065	7.62076e-06
0.00644974	7.93756e-06
0.00654008	8.26741e-06
0.00663168	8.61085e-06
0.00672457	8.96843e-06
0.00681875	9.34073e-06
0.00691426	9.72834e-06
0.0070111	1.01319e-05
0.0071093	1.0552e-05
0.00720887	1.09894e-05
0.00730984	1.14447e-05
0.00741223	1.19187e-05
0.00751604	1.24122e-05
0.00762132	1.29259e-05
0.00772806	1.34606e-05
0.0078363	1.40172e-05
0.00794606	1.45966e-05
0.00805735	1.51996e-05
0.00817021	1.58273e-05
0.00828464	1.64807e-05
0.00840068	1.71607e-05
0.00851834	1.78685e-05
0.00863765	1.86051e-05
0.00875863	1.93717e-05
0.00888131	2.01696e-05
0.0090057	2.09999e-05
0.00913184	2.18639e-05
0.00925974	2.27631e-05
0.00938944	2.36988e-05
0.00952095	2.46725e-05
0.0096543	2.56857e-05
0.00978952	2.67399e-05
0.00992663	2.78369e-05
0.0100657	2.89782e-05
0.0102067	3.01657e-05
0.0103496	3.14011e-05
0.0104946	3.26865e-05
0.0106416	3.40237e-05
0.0107906	3.54148e-05
0.0109417	3.6862e-05
0.011095	3.83674e-05
0.0112504	3.99334e-05
0.011408	4.15624e-05
0.0115678	4.32567e-05
0.0117298	4.5019e-05
0.0118941	4.6852e-05
0.0120607	4.87584e-05
0.0122296	5.07411e-05
0.0124009	5.2803e-05
0.0125746	5.49474e-05
0.0127507	5.71773e-05
0.0129293	5.94961e-05
0.0131104	6.19074e-05
0.013294	6.44146e-05
0.0134802	6.70214e-05
0.013669	6.97319e-05
0.0138604	7.25498e-05
0.0140546	7.54795e-05
0.0142514	7.85253e-05
0.014451	8.16915e-05
0.0146534	8.49828e-05
0.0148587	8.84041e-05
0.0150668	9.19603e-05
0.0152778	9.56566e-05
0.0154918	9.94983e-05
0.0157088	0.000103491
0.0159288	0.00010764
0.0161519	0.000111953
0.0163782	0.000116434
0.0166075	0.00012109
0.0168402	0.000125928
0.017076	0.000130955
0.0173152	0.000136178
0.0175577	0.000141605
0.0178036	0.000147242
0.018053	0.000153098
0.0183059	0.000159181
0.0185623	0.0001655
0.0188222	0.000172063
0.0190859	0.00017888
0.0193532	0.000185959
0.0196243	0.000193311
0.0198991	0.000200946
0.0201778	0.000208873
0.0204604	0.000217105
0.020747	0.000225652
0.0210376	0.000234525
0.0213323	0.000243737
0.0216311	0.0002533
0.021934	0.000263227
0.0222412	0.000273531
0.0225528	0.000284225
0.0228686	0.000295325
0.0231889	0.000306843
0.0235137	0.000318796
0.0238431	0.0003312
0.024177	0.000344069
0.0245156	0.000357421
0.024859	0.000371274
0.0252072	0.000385644
0.0255603	0.000400551
0.0259183	0.000416012
0.0262813	0.000432049
0.0266494	0.00044868
0.0270226	0.000465927
0.0274011	0.000483811
0.0277849	0.000502355
0.0281741	0.000521581
0.0285687	0.000541512
0.0289688	0.000562174
0.0293746	0.000583592
0.029786	0.00060579
0.0302032	0.000628797
0.0306262	0.000652638
0.0310552	0.000677344
0.0314902	0.000702942
0.0319312	0.000729463
0.0323785	0.000756938
0.032832	0.000785399
0.0332918	0.000814878
0.0337581	0.000845409
0.0342309	0.000877028
0.0347104	0.000909769
0.0351965	0.000943669
0.0356895	0.000978767
0.0361894	0.0010151
0.0366963	0.00105271
0.0372102	0.00109164
0.0377314	0.00113193
0.0382599	0.00117361
0.0387958	0.00121675
0.0393392	0.00126138
0.0398901	0.00130755
0.0404489	0.00135531
0.0410154	0.0014047
0.0415899	0.00145579
0.0421724	0.00150861
0.0427631	0.00156322
0.043362	0.00161969
0.0439694	0.00167806
0.0445852	0.00173839
0.0452097	0.00180073
0.0458429	0.00186516
0.046485	0.00193173
0.0471361	0.00200051
0.0477963	0.00207155
0.0484657	0.00214493
0.0491445	0.00222071
0.0498329	0.00229896
0.0505308	0.00237975
0.0512386	0.00246315
0.0519562	0.00254924
0.052684	0.00263808
0.0534219	0.00272977
0.0541701	0.00282436
0.0549288	0.00292195
0.0556982	0.00302262
0.0564783	0.00312643
0.0572693	0.00323349
0.0580715	0.00334387
0.0588848	0.00345766
0.0597096	0.00357494
0.0605459	0.00369582
0.0613939	0.00382037
0.0622538	0.00394868
0.0631258	0.00408086
0.0640099	0.004217
0.0649065	0.00435719
0.0658156	0.00450153
0.0667374	0.00465011
0.0676721	0.00480304
0.06862	0.00496042
0.0695811	0.00512235
0.0705556	0.00528892
0.0715439	0.00546025
0.0725459	0.00563643
0.073562	0.00581757
0.0745923	0.00600378
0.0756371	0.00619516
0.0766965	0.00639181
0.0777707	0.00659386
0.07886	0.00680139
0.0799645	0.00701451
0.0810845	0.00723335
0.0822202	0.00745799
0.0833718	0.00768855
0.0845396	0.00792514
0.0857236	0.00816785
0.0869243	0.0084168
0.0881418	0.00867209
0.0893763	0.00893382
0.0906282	0.0092021
0.0918975	0.00947702
0.0931847	0.00975869
0.0944898	0.0100472
0.0958133	0.0103426
0.0971553	0.0106451
0.098516	0.0109547
0.0998959	0.0112715
0.101295	0.0115957
0.102714	0.0119272
0.104152	0.0122661
0.105611	0.0126126
0.10709	0.0129667
0.10859	0.0133285
0.110111	0.0136981
0.111654	0.0140754
0.113217	0.0144606
0.114803	0.0148538
0.116411	0.0152549
0.118042	0.0156639
0.119695	0.0160811
0.121371	0.0165062
0.123071	0.0169395
0.124795	0.0173809
0.126543	0.0178303
0.128315	0.0182879
0.130113	0.0187535
0.131935	0.0192272
0.133783	0.019709
0.135657	0.0201988
0.137557	0.0206965
0.139484	0.0212022
0.141437	0.0217157
0.143418	0.022237
0.145427	0.022766
0.147464	0.0233026
0.149529	0.0238466
0.151624	0.0243981
0.153747	0.0249568
0.155901	0.0255226
0.158084	0.0260953
0.160298	0.0266748
0.162544	0.0272609
0.16482	0.0278533
0.167129	0.028452
0.16947	0.0290566
0.171843	0.029667
0.17425	0.0302828
0.176691	0.0309038
0.179165	0.0315297
0.181675	0.0321602
0.18422	0.032795
0.1868	0.0334338
0.189416	0.0340762
0.192069	0.0347219
0.194759	0.0353704
0.197487	0.0360215
0.200253	0.0366746
0.203058	0.0373293
0.205902	0.0379853
0.208786	0.0386419
0.21171	0.0392989
0.214676	0.0399556
0.217682	0.0406116
0.220731	0.0412663
0.223823	0.0419192
0.226958	0.0425697
0.230137	0.0432173
0.23336	0.0438614
0.236629	0.0445014
0.239943	0.0451367
0.243303	0.0457666
0.246711	0.0463905
0.250167	0.0470077
0.253671	0.0476177
0.257224	0.0482196
0.260826	0.0488129
0.26448	0.0493968
0.268184	0.0499706
0.27194	0.0505336
0.275749	0.051085
0.279611	0.0516242
0.283528	0.0521504
0.287499	0.0526628
0.291526	0.0531607
0.295609	0.0536434
0.299749	0.05411
0.303947	0.0545599
0.308205	0.0549921
0.312521	0.0554061
0.316899	0.055801
0.321337	0.056176
0.325838	0.0565304
0.330402	0.0568635
0.335029	0.0571745
0.339722	0.0574626
0.34448	0.0577271
0.349305	0.0579673
0.354198	0.0581824
0.359159	0.0583718
0.364189	0.0585348
0.36929	0.0586707
0.374462	0.0587788
0.379707	0.0588584
0.385025	0.058909
0.390418	0.05893
0.395886	0.0589206
0.401431	0.0588804
0.407054	0.0588088
0.412755	0.0587053
0.418536	0.0585693
0.424398	0.0584004
0.430343	0.0581981
0.43637	0.0579619
0.442482	0.0576915
0.44868	0.0573864
0.454964	0.0570463
0.461336	0.0566708
0.467798	0.0562597
0.47435	0.0558125
0.480994	0.0553292
0.487731	0.0548094
0.494562	0.0542529
0.501489	0.0536595
0.508513	0.053029
0.515635	0.0523614
0.522857	0.0516566
0.530181	0.0509143
0.537607	0.0501346
0.545136	0.0493174
0.552772	0.0484627
0.560514	0.0475706
0.568365	0.0466409
0.576325	0.0456739
0.584398	0.0446695
0.592583	0.0436278
0.600883	0.042549
0.609299	0.0414331
0.617833	0.0402804
0.626486	0.039091
0.635261	0.0378651
0.644159	0.0366029
0.653181	0.0353046
0.66233	0.0339704
0.671606	0.0326006
0.681013	0.0311955
0.690551	0.0297554
0.700224	0.0282805
0.710031	0.0267711
0.719976	0.0252277
0.73006	0.0236504
0.740285	0.0220398
0.750654	0.0203961
0.761168	0.0187197
0.771829	0.017011
0.78264	0.0152704
0.793601	0.0134984
0.804717	0.0116953
0.815988	0.00986164
0.827417	0.00799777
0.839006	0.00610417
0.850757	0.00418131
0.862673	0.00222964
0.874756	0.000249657
0.887008	-0.00175817
0.899432	-0.00379335
0.912029	-0.0058554
0.924803	-0.0079438
0.937756	-0.0100581
0.950891	-0.0121977
0.964209	-0.0143622
0.977714	-0.016551
0.991408	-0.0187636
1.00529	-0.0209996
1.01937	-0.0232584
1.03365	-0.0255394
1.04813	-0.0278422
1.06281	-0.0301663
1.0777	-0.0325112
1.09279	-0.0348763
1.1081	-0.0372611
1.12362	-0.0396653
1.13935	-0.0420881
1.15531	-0.0445292
1.17149	-0.0469881
1.1879	-0.0494643
1.20454	-0.0519573
1.22141	-0.0544666
1.23852	-0.0569917
1.25587	-0.0595322
1.27346	-0.0620876
1.29129	-0.0646575
1.30938	-0.0672414
1.32772	-0.0698389
1.34631	-0.0724494
1.36517	-0.0750727
1.38429	-0.0777082
1.40368	-0.0803555
1.42334	-0.0830143
1.44328	-0.0856841
1.46349	-0.0883646
1.48399	-0.0910553
1.50478	-0.093756
1.52585	-0.0964662
1.54722	-0.0991856
1.56889	-0.101914
1.59087	-0.104651
1.61315	-0.107396
1.63574	-0.110149
1.65866	-0.11291
1.68189	-0.115679
1.70544	-0.118455
1.72933	-0.121237
1.75355	-0.124027
1.77811	-0.126824
1.80302	-0.129627
1.82827	-0.132436
1.85388	-0.135252
1.87984	-0.138074
1.90617	-0.140902
1.93287	-0.143736
1.95994	-0.146577
1.9874	-0.149423
2.01523	-0.152275
2.04346	-0.155133
2.07208	-0.157997
2.1011	-0.160866
2.13053	-0.163742
2.16037	-0.166623
2.19063	-0.16951
2.22131	-0.172403
2.25242	-0.175301
2.28397	-0.178206
2.31596	-0.181116
2.3484	-0.184032
2.38129	-0.186953
2.41465	-0.18988
2.44847	-0.192812
2.48276	-0.195749
2.51753	-0.198691
2.55279	-0.201639
2.58855	-0.20459
2.62481	-0.207546
2.66157	-0.210506
2.69885	-0.21347
2.73665	-0.216437
2.77498	-0.219406
2.81385	-0.222378
2.85326	-0.225351
2.89322	-0.228324
2.93374	-0.231298
2.97483	-0.234272
3.0165	-0.237243
3.05875	-0.240212
3.10159	-0.243178
3.14503	-0.246138
3.18908	-0.249093
3.23375	-0.25204
3.27904	-0.254978
3.32497	-0.257906
3.37154	-0.260823
3.41876	-0.263725
3.46665	-0.266612
3.5152	-0.269482
3.56444	-0.272332
3.61436	-0.275161
3.66499	-0.277965
3.71632	-0.280743
3.76837	-0.283492
3.82115	-0.28621
3.87467	-0.288893
3.92894	-0.291538
3.98397	-0.294144
4.03977	-0.296705
4.09635	-0.29922
4.15373	-0.301684
4.21191	-0.304093
4.2709	-0.306445
4.33072	-0.308735
4.39138	-0.31096
4.45288	-0.313114
4.51525	-0.315193
4.57849	-0.317194
4.64262	-0.319111
4.70765	-0.320939
4.77358	-0.322674
4.84044	-0.32431
4.90824	-0.325842
4.97699	-0.327264
5.04669	-0.328571
5.11738	-0.329757
5.18906	-0.330816
5.26173	-0.331742
5.33543	-0.332529
5.41016	-0.333169
5.48594	-0.333657
5.56277	-0.333985
5.64069	-0.334146
5.71969	-0.334134
5.7998	-0.33394
5.88104	-0.333558
5.96341	-0.33298
6.04693	-0.332197
6.13163	-0.331202
6.21751	-0.329987
6.3046	-0.328543
6.3929	-0.326862
6.48244	-0.324935
6.57323	-0.322754
6.6653	-0.320309
6.75866	-0.317593
6.85332	-0.314595
6.94931	-0.311307
7.04664	-0.30772
7.14534	-0.303825
7.24542	-0.299612
7.3469	-0.295074
7.4498	-0.2902
7.55415	-0.284982
7.65995	-0.279412
7.76724	-0.273481
7.87603	-0.26718
7.98634	-0.260503
8.0982	-0.253442
8.21163	-0.245989
8.32664	-0.238138
8.44327	-0.229885
8.56153	-0.221222
8.68144	-0.212147
8.80304	-0.202655
8.92633	-0.192744
9.05136	-0.182414
9.17813	-0.171663
9.30668	-0.160494
9.43704	-0.148908
9.56921	-0.136911
9.70324	-0.124508
9.83915	-0.111709
9.97696	-0.0985224
10.1167	-0.0849618
10.2584	-0.0710421
10.4021	-0.0567809
10.5478	-0.0421988
10.6955	-0.0273191
10.8453	-0.0121684
10.9972	0.00322335
11.1512	0.0188228
11.3074	0.0345928
11.4658	0.0504926
11.6264	0.0664776
11.7892	0.0824988
11.9544	0.0985034
12.1218	0.114434
12.2916	0.13023
12.4637	0.145825
12.6383	0.161149
12.8153	0.176129
12.9948	0.190685
13.1768	0.204737
13.3614	0.218198
13.5485	0.230979
13.7383	0.242989
13.9307	0.254132
14.1258	0.264312
14.3237	0.273431
14.5243	0.281391
14.7277	0.288092
14.934	0.293437
15.1432	0.29733
15.3553	0.299679
15.5704	0.300396
15.7884	0.299398
16.0096	0.296609
16.2338	0.291963
16.4612	0.285404
16.6917	0.276886
16.9255	0.266378
17.1626	0.253865
17.403	0.239349
17.6467	0.22285
17.8939	0.204409
18.1445	0.18409
18.3987	0.161981
18.6564	0.138195
18.9177	0.112873
19.1826	0.086182
19.4513	0.0583181
19.7237	0.0295064
