4.40141e-06	0.00156298
8.80282e-06	0.00312592
1.32042e-05	0.0046888
1.76056e-05	0.0062516
2.2007e-05	0.00781427
2.64085e-05	0.00937679
3.08099e-05	0.0109391
3.52113e-05	0.0125013
3.96127e-05	0.0140632
4.40141e-05	0.0156248
4.84155e-05	0.0171861
5.28169e-05	0.0187472
5.72183e-05	0.0203079
6.16197e-05	0.0218683
6.60211e-05	0.0234283
7.04225e-05	0.0249879
7.48239e-05	0.0265471
7.92254e-05	0.0281059
8.36268e-05	0.0296642
8.80282e-05	0.0312222
9.24296e-05	0.0327797
9.6831e-05	0.0343367
0.000101232	0.0358934
0.000105634	0.0374496
0.000110035	0.0390053
0.000114437	0.0405606
0.000118838	0.0421155
0.000123239	0.0436699
0.000127641	0.0452239
0.000132042	0.0467775
0.000136444	0.0483306
0.000140845	0.0498833
0.000145246	0.0514355
0.000149648	0.0529873
0.000154049	0.0545387
0.000158451	0.0560896
0.000162852	0.0576401
0.000167254	0.0591901
0.000171655	0.0607397
0.000176056	0.0622889
0.000180458	0.0638377
0.000184859	0.065386
0.000189261	0.0669338
0.000193662	0.0684813
0.000198063	0.0700282
0.000202465	0.0715748
0.000206866	0.0731209
0.000211268	0.0746666
0.000215669	0.0762118
0.00022007	0.0777566
0.000224472	0.079301
0.000228873	0.080845
0.000233275	0.0823884
0.000237676	0.0839315
0.000242077	0.0854741
0.000246479	0.0870163
0.00025088	0.0885581
0.000255282	0.0900994
0.000259683	0.0916403
0.000264085	0.0931807
0.000268486	0.0947207
0.000272887	0.0962603
0.000277289	0.0977994
0.00028169	0.0993382
0.000286092	0.100876
0.000290493	0.102414
0.000294894	0.103952
0.000299296	0.105489
0.000303697	0.107025
0.000308099	0.108561
0.0003125	0.110097
0.000316853	0.111615
0.000321267	0.113154
0.000325742	0.114714
0.000330279	0.116296
0.00033488	0.117898
0.000339544	0.119523
0.000344274	0.12117
0.000349069	0.122839
0.000353932	0.124531
0.000358862	0.126246
0.000363861	0.127985
0.000368929	0.129747
0.000374068	0.131533
0.000379278	0.133343
0.000384562	0.135178
0.000389918	0.137037
0.00039535	0.138922
0.000400857	0.140833
0.00040644	0.142769
0.000412102	0.144732
0.000417842	0.146722
0.000423662	0.148738
0.000429564	0.150781
0.000435547	0.152853
0.000441614	0.154952
0.000447766	0.15708
0.000454003	0.159236
0.000460327	0.161422
0.000466739	0.163637
0.00047324	0.165883
0.000479832	0.168158
0.000486516	0.170464
0.000493293	0.172801
0.000500164	0.17517
0.000507131	0.177571
0.000514195	0.180004
0.000521358	0.18247
0.00052862	0.184969
0.000535983	0.187501
0.000543449	0.190068
0.000551019	0.192669
0.000558695	0.195305
0.000566477	0.197977
0.000574368	0.200684
0.000582368	0.203428
0.00059048	0.206208
0.000598705	0.209026
0.000607045	0.211881
0.000615501	0.214775
0.000624074	0.217707
0.000632767	0.220678
0.000641581	0.223689
0.000650518	0.226741
0.00065958	0.229833
0.000668767	0.232966
0.000678083	0.236141
0.000687528	0.239358
0.000697105	0.242618
0.000706815	0.245922
0.000716661	0.249269
0.000726643	0.252661
0.000736765	0.256098
0.000747028	0.25958
0.000757433	0.263108
0.000767984	0.266684
0.000778682	0.270306
0.000789528	0.273976
0.000800526	0.277695
0.000811677	0.281463
0.000822983	0.285281
0.000834446	0.289149
0.00084607	0.293068
0.000857855	0.297039
0.000869805	0.301061
0.00088192	0.305137
0.000894205	0.309266
0.000906661	0.313449
0.00091929	0.317687
0.000932095	0.321981
0.000945079	0.326331
0.000958243	0.330737
0.000971591	0.335201
0.000985125	0.339724
0.000998847	0.344305
0.00101276	0.348946
0.00102687	0.353647
0.00104117	0.358409
0.00105567	0.363233
0.00107038	0.36812
0.00108529	0.37307
0.00110041	0.378084
0.00111573	0.383163
0.00113128	0.388308
0.00114703	0.393518
0.00116301	0.398796
0.00117921	0.404142
0.00119564	0.409556
0.00121229	0.41504
0.00122918	0.420595
0.0012463	0.42622
0.00126366	0.431918
0.00128126	0.437688
0.00129911	0.443531
0.00131721	0.44945
0.00133555	0.455443
0.00135416	0.461513
0.00137302	0.467659
0.00139214	0.473884
0.00141154	0.480187
0.0014312	0.48657
0.00145113	0.493033
0.00147135	0.499578
0.00149184	0.506205
0.00151262	0.512916
0.00153369	0.51971
0.00155506	0.52659
0.00157672	0.533555
0.00159868	0.540608
0.00162095	0.547748
0.00164353	0.554977
0.00166642	0.562296
0.00168963	0.569706
0.00171317	0.577207
0.00173703	0.584801
0.00176123	0.592489
0.00178576	0.600271
0.00181064	0.608148
0.00183586	0.616123
0.00186143	0.624194
0.00188736	0.632365
0.00191365	0.640635
0.0019403	0.649005
0.00196733	0.657477
0.00199473	0.666052
0.00202252	0.67473
0.00205069	0.683512
0.00207926	0.692401
0.00210822	0.701396
0.00213759	0.710499
0.00216736	0.71971
0.00219755	0.729031
0.00222816	0.738463
0.0022592	0.748007
0.00229067	0.757664
0.00232258	0.767434
0.00235493	0.77732
0.00238773	0.787322
0.00242099	0.79744
0.00245471	0.807677
0.00248891	0.818033
0.00252358	0.828509
0.00255873	0.839106
0.00259437	0.849825
0.00263051	0.860668
0.00266715	0.871635
0.0027043	0.882727
0.00274197	0.893946
0.00278016	0.905292
0.00281889	0.916767
0.00285816	0.928371
0.00289797	0.940105
0.00293834	0.951971
0.00297927	0.96397
0.00302076	0.976101
0.00306284	0.988368
0.00310551	1.00077
0.00314876	1.01331
0.00319262	1.02598
0.0032371	1.0388
0.00328219	1.05175
0.00332791	1.06484
0.00337426	1.07808
0.00342126	1.09145
0.00346892	1.10497
0.00351724	1.11863
0.00356623	1.13244
0.00361591	1.14639
0.00366628	1.16049
0.00371734	1.17474
0.00376912	1.18913
0.00382163	1.20367
0.00387486	1.21837
0.00392883	1.23321
0.00398356	1.2482
0.00403905	1.26335
0.00409531	1.27864
0.00415236	1.29409
0.0042102	1.30969
0.00426884	1.32545
0.0043283	1.34136
0.00438859	1.35743
0.00444973	1.37365
0.00451171	1.39003
0.00457455	1.40656
0.00463827	1.42326
0.00470288	1.44011
0.00476839	1.45711
0.00483481	1.47428
0.00490216	1.4916
0.00497044	1.50908
0.00503968	1.52672
0.00510988	1.54452
0.00518105	1.56248
0.00525322	1.58059
0.0053264	1.59887
0.00540059	1.6173
0.00547582	1.63589
0.00555209	1.65464
0.00562943	1.67355
0.00570785	1.69262
0.00578735	1.71184
0.00586797	1.73122
0.00594971	1.75076
0.00603258	1.77046
0.00611661	1.79031
0.00620181	1.81031
0.0062882	1.83047
0.00637579	1.85078
0.0064646	1.87125
0.00655465	1.89187
0.00664595	1.91263
0.00673853	1.93355
0.00683239	1.95462
0.00692756	1.97583
0.00702406	1.99719
0.0071219	2.01869
0.0072211	2.04034
0.00732169	2.06213
0.00742368	2.08406
0.00752708	2.10612
0.00763193	2.12832
0.00773824	2.15066
0.00784603	2.17313
0.00795532	2.19572
0.00806613	2.21845
0.00817849	2.2413
0.00829241	2.26427
0.00840792	2.28736
0.00852504	2.31057
0.00864379	2.3339
0.00876419	2.35733
0.00888627	2.38088
0.00901005	2.40453
0.00913555	2.42828
0.00926281	2.45213
0.00939183	2.47607
0.00952266	2.50011
0.0096553	2.52423
0.00978979	2.54843
0.00992616	2.57272
0.0100644	2.59708
0.0102046	2.6215
0.0103468	2.646
0.0104909	2.67055
0.010637	2.69517
0.0107852	2.71983
0.0109354	2.74454
0.0110877	2.76928
0.0112422	2.79407
0.0113988	2.81888
0.0115576	2.84372
0.0117186	2.86857
0.0118818	2.89344
0.0120473	2.91831
0.0122151	2.94318
0.0123853	2.96804
0.0125578	2.99288
0.0127327	3.01771
0.0129101	3.0425
0.0130899	3.06726
0.0132722	3.09198
0.0134571	3.11664
0.0136445	3.14124
0.0138346	3.16578
0.0140273	3.19024
0.0142227	3.21461
0.0144208	3.2389
0.0146217	3.26308
0.0148254	3.28715
0.0150319	3.3111
0.0152413	3.33492
0.0154536	3.35861
0.0156688	3.38214
0.0158871	3.40552
0.0161084	3.42873
0.0163328	3.45176
0.0165603	3.47461
0.0167909	3.49725
0.0170248	3.51968
0.017262	3.5419
0.0175024	3.56388
0.0177462	3.58562
0.0179934	3.60711
0.018244	3.62833
0.0184982	3.64927
0.0187558	3.66992
0.0190171	3.69028
0.019282	3.71032
0.0195506	3.73003
0.0198229	3.74941
0.020099	3.76844
0.020379	3.7871
0.0206629	3.80539
0.0209507	3.8233
0.0212425	3.8408
0.0215384	3.85789
0.0218384	3.87455
0.0221426	3.89077
0.0224511	3.90655
0.0227638	3.92185
0.0230809	3.93667
0.0234024	3.95101
0.0237284	3.96483
0.0240589	3.97814
0.024394	3.99092
0.0247338	4.00315
0.0250783	4.01482
0.0254277	4.02592
0.0257819	4.03643
0.026141	4.04635
0.0265051	4.05565
0.0268743	4.06433
0.0272487	4.07237
0.0276282	4.07975
0.0280131	4.08648
0.0284033	4.09253
0.0287989	4.09789
0.0292001	4.10255
0.0296068	4.1065
0.0300192	4.10972
0.0304374	4.11221
0.0308613	4.11395
0.0312912	4.11493
0.0317271	4.11515
0.032169	4.11458
0.0326171	4.11322
0.0330715	4.11106
0.0335321	4.10809
0.0339992	4.1043
0.0344728	4.09968
0.034953	4.09423
0.0354399	4.08793
0.0359335	4.08077
0.036434	4.07276
0.0369416	4.06388
0.0374561	4.05413
0.0379779	4.0435
0.0385069	4.03199
0.0390433	4.01959
0.0395871	4.00629
0.0401385	3.9921
0.0406976	3.97701
0.0412645	3.96102
0.0418393	3.94413
0.0424221	3.92634
0.043013	3.90764
0.0436122	3.88803
0.0442197	3.86753
0.0448356	3.84612
0.0454602	3.82382
0.0460934	3.80062
0.0467355	3.77653
0.0473865	3.75155
0.0480465	3.7257
0.0487158	3.69897
0.0493944	3.67137
0.0500824	3.64292
0.05078	3.61361
0.0514873	3.58347
0.0522045	3.5525
0.0529317	3.52071
0.053669	3.48811
0.0544166	3.45473
0.0551746	3.42056
0.0559431	3.38563
0.0567224	3.34996
0.0575125	3.31355
0.0583136	3.27643
0.0591259	3.23861
0.0599495	3.20011
0.0607846	3.16096
0.0616312	3.12117
0.0624897	3.08077
0.0633602	3.03978
0.0642428	2.99821
0.0651376	2.9561
0.0660449	2.91346
0.0669649	2.87033
0.0678977	2.82673
0.0688435	2.78268
0.0698024	2.73822
0.0707747	2.69336
0.0717606	2.64814
0.0727602	2.60259
0.0737737	2.55674
0.0748013	2.51061
0.0758432	2.46423
0.0768997	2.41764
0.0779709	2.37087
0.0790569	2.32395
0.0801582	2.2769
0.0812747	2.22976
0.0824068	2.18257
0.0835547	2.13535
0.0847186	2.08814
0.0858987	2.04096
0.0870952	1.99385
0.0883084	1.94685
0.0895384	1.89998
0.0907857	1.85327
0.0920503	1.80676
0.0933325	1.76047
0.0946325	1.71444
0.0959507	1.6687
0.0972872	1.62328
0.0986424	1.5782
0.100016	1.5335
0.10141	1.4892
0.102822	1.44534
0.104254	1.40193
0.105707	1.35901
0.107179	1.3166
0.108672	1.27472
0.110186	1.2334
0.111721	1.19266
0.113277	1.15252
0.114855	1.11301
0.116455	1.07414
0.118077	1.03594
0.119721	0.99841
0.121389	0.961581
0.12308	0.925465
0.124794	0.890075
0.126533	0.855425
0.128295	0.821527
0.130082	0.788392
0.131894	0.756029
0.133731	0.724447
0.135594	0.693652
0.137483	0.66365
0.139398	0.634447
0.14134	0.606045
0.143309	0.578447
0.145305	0.551654
0.147329	0.525665
0.149381	0.50048
0.151462	0.476095
0.153572	0.452507
0.155711	0.429711
0.15788	0.407702
0.160079	0.386472
0.162309	0.366015
0.16457	0.34632
0.166862	0.327378
0.169186	0.309179
0.171543	0.291711
0.173932	0.274962
0.176355	0.258919
0.178812	0.243569
0.181302	0.228896
0.183828	0.214886
0.186388	0.201524
0.188985	0.188793
0.191617	0.176678
0.194286	0.165161
0.196993	0.154225
0.199737	0.143853
0.202519	0.134027
0.20534	0.12473
0.2082	0.115943
0.2111	0.107649
0.214041	0.099829
0.217022	0.0924657
0.220045	0.0855408
0.22311	0.0790367
0.226218	0.0729354
0.229369	0.0672195
0.232564	0.0618718
0.235804	0.0568751
0.239088	0.0522128
0.242418	0.0478683
0.245795	0.0438257
0.249219	0.0400692
0.25269	0.0365836
0.25621	0.0333539
0.259779	0.0303657
0.263398	0.0276051
0.267067	0.0250584
0.270787	0.0227128
0.274559	0.0205556
0.278383	0.0185747
0.282261	0.0167587
0.286193	0.0150964
0.290179	0.0135772
0.294221	0.0121913
0.298319	0.0109288
0.302475	0.0097808
0.306688	0.00873866
0.31096	0.00779424
0.315292	0.00693986
0.319684	0.00616831
0.324137	0.00547281
0.328652	0.00484699
0.333229	0.0042849
0.337871	0.00378099
0.342578	0.00333009
0.347349	0.0029274
0.352188	0.00256845
0.357094	0.00224912
0.362068	0.0019656
0.367111	0.00171437
0.372225	0.00149223
0.37741	0.00129619
0.382667	0.00112356
0.387997	0.000971869
0.393402	0.000838854
0.398881	0.000722473
0.404438	0.00062087
0.410071	0.000532367
0.415783	0.000455448
0.421575	0.00038875
0.427447	0.000331051
0.433401	0.000281252
0.439438	0.000238375
0.445559	0.000201547
0.451766	0.000169991
0.458059	0.000143021
0.464439	0.000120027
0.470908	0.000100473
0.477468	8.38879e-05
0.484119	6.98572e-05
0.490862	5.80189e-05
0.4977	4.80574e-05
0.504632	3.96978e-05
0.511662	3.27019e-05
0.518789	2.68635e-05
0.526015	2.2005e-05
0.533342	1.79734e-05
0.540771	1.46377e-05
0.548304	1.1886e-05
0.555942	9.6227e-06
0.563686	7.76679e-06
0.571537	6.24959e-06
0.579499	5.01312e-06
0.587571	4.00862e-06
0.595755	3.19516e-06
0.604054	2.53853e-06
0.612468	2.01023e-06
0.620999	1.58659e-06
0.629649	1.24801e-06
0.63842	9.78332e-07
0.647313	7.64278e-07
0.65633	5.94965e-07
0.665472	4.61516e-07
0.674741	3.56712e-07
0.68414	2.74701e-07
0.69367	2.10764e-07
0.703332	1.61103e-07
0.713129	1.22676e-07
0.723063	9.30562e-08
0.733135	7.03127e-08
0.743347	5.29181e-08
0.753701	3.96675e-08
0.7642	2.96142e-08
0.774845	2.2018e-08
0.785638	1.63022e-08
0.796581	1.20192e-08
0.807677	8.82364e-09
0.818928	6.44962e-09
0.830335	4.69364e-09
0.841901	3.40056e-09
0.853628	2.45261e-09
0.865519	1.76084e-09
0.877575	1.25833e-09
0.889799	8.95018e-10
0.902193	6.33575e-10
0.91476	4.46344e-10
0.927502	3.1291e-10
0.940422	2.18281e-10
0.953522	1.51505e-10
0.966804	1.04624e-10
0.980271	7.18768e-11
0.993925	4.91242e-11
1.00777	3.33989e-11
1.02181	2.25845e-11
1.03604	1.51881e-11
1.05047	1.01562e-11
1.0651	6.75452e-12
1.07994	4.46732e-12
1.09498	2.93684e-12
1.11024	1.92034e-12
1.1257	1.24959e-12
1.14138	8.07777e-13
1.15728	5.19427e-13
1.1734	3.29948e-13
1.18975	2.08746e-13
1.20632	1.30744e-13
1.22312	8.12676e-14
1.24016	5.14072e-14
1.25743	3.28702e-14
1.27495	2.04751e-14
1.29271	1.28719e-14
1.31071	7.46233e-15
1.32897	4.27272e-15
1.34748	4.81147e-16
1.36625	1.433e-15
1.38528	1.40216e-15
1.40458	-8.45956e-17
1.42415	2.56392e-15
1.44398	8.10557e-16
1.4641	-6.29418e-16
1.48449	-5.57134e-16
1.50517	-1.14919e-16
1.52614	7.66527e-16
1.54739	-3.43941e-16
1.56895	1.79147e-16
1.5908	1.81246e-15
1.61296	4.97701e-16
1.63543	3.36251e-16
1.65821	-1.46649e-16
1.68131	-1.29717e-16
1.70473	5.35087e-16
1.72847	2.17002e-16
1.75255	5.86963e-17
1.77696	-9.79593e-16
1.80171	-4.45151e-16
1.82681	3.24967e-16
1.85226	2.13818e-15
1.87806	-2.35247e-15
1.90422	-8.70939e-17
1.93074	1.13667e-15
1.95764	6.14776e-16
1.98491	-8.62583e-16
2.01255	-9.16235e-16
2.04059	1.07456e-15
2.06901	1.37376e-15
2.09783	4.20751e-16
2.12705	-3.91324e-16
2.15668	-2.63516e-16
2.18672	-4.09407e-16
2.21718	9.28779e-16
2.24807	9.85421e-16
2.27938	-1.61088e-16
2.31113	1.5233e-16
2.34333	2.07381e-17
2.37597	2.73583e-16
2.40906	1.33212e-15
2.44262	1.61711e-16
2.47664	1.163e-15
2.51114	-8.88665e-16
2.54612	-5.6899e-16
2.58159	-7.2969e-17
2.61755	3.40275e-16
2.65401	-9.84811e-16
2.69098	-1.25701e-15
2.72846	1.18519e-15
2.76647	1.07412e-15
2.805	-5.88563e-16
2.84407	-2.71582e-16
2.88369	5.44857e-16
2.92386	5.86553e-16
2.96459	8.82807e-16
3.00588	-6.05453e-16
3.04775	-3.06578e-16
3.0902	5.66107e-16
3.13325	4.53269e-17
3.17689	-1.52949e-15
3.22115	9.85495e-16
3.26601	2.41478e-16
3.31151	-8.56754e-16
3.35763	3.57395e-16
3.4044	6.15854e-16
3.45183	2.30708e-16
3.49991	4.10693e-16
3.54866	9.63511e-16
3.59809	-7.52706e-16
3.64821	1.54472e-15
3.69903	-7.01278e-16
3.75055	4.3507e-17
3.8028	-9.62375e-16
3.85577	9.52325e-16
3.90948	-6.29749e-16
3.96393	1.3999e-16
4.01915	5.77934e-16
4.07513	-9.20054e-16
4.1319	5.35652e-16
4.18945	-3.3303e-16
4.24781	5.16412e-16
4.30698	-4.57427e-16
4.36697	6.34865e-17
4.4278	-7.2419e-17
4.48948	9.3334e-17
4.55201	-1.96958e-17
4.61542	1.10019e-17
4.67971	3.49642e-19
4.74489	1.77078e-18
4.81099	-7.38875e-19
4.878	2.05292e-19
4.94595	-5.55905e-20
5.01484	1.71345e-20
5.0847	-9.95562e-21
5.15553	4.86286e-22
5.22734	-5.53375e-22
5.30015	1.30696e-22
5.37398	1.04117e-24
5.44884	4.28784e-24
5.52474	-1.43726e-24
5.60169	7.13707e-26
5.67972	-5.01627e-26
5.75884	1.48971e-26
5.83905	-2.07351e-27
5.92039	3.59036e-28
6.00286	-6.00089e-29
6.08647	6.47618e-31
6.17125	-1.33922e-30
6.25722	3.62829e-31
6.34437	-2.52815e-32
6.43275	4.61938e-33
6.52235	6.30782e-35
6.61321	1.16534e-35
6.70532	-6.66795e-36
6.79872	3.7782e-37
6.89343	-2.09605e-37
6.98945	-5.62059e-39
7.08681	-5.97277e-40
7.18552	1.89823e-40
7.28561	-2.2745e-41
7.3871	2.9411e-42
7.48999	-7.75128e-44
7.59433	1.89741e-44
7.70011	-1.65684e-45
7.80737	1.21599e-46
7.91612	-1.70692e-48
8.02639	1.08435e-48
8.13819	8.96692e-51
8.25155	2.4283e-52
8.36649	-2.89832e-52
8.48303	1.23372e-53
8.60119	-2.85631e-54
8.721	1.58534e-55
8.84248	-1.13144e-56
8.96565	7.35259e-58
9.09054	1.07152e-59
9.21717	1.20745e-61
9.34556	-1.50153e-61
9.47573	2.24722e-63
9.60773	-7.00079e-64
9.74156	6.31567e-66
9.87725	-1.28093e-66
10.0148	7.16338e-68
10.1543	-3.59693e-69
10.2958	1.30958e-71
10.4392	2.17019e-72
10.5846	-9.05776e-74
10.732	-8.01688e-75
10.8815	8.78095e-77
11.0331	-9.84877e-78
11.1868	6.02511e-79
11.3426	-7.86841e-81
11.5006	9.70917e-82
11.6608	-2.62771e-83
11.8232	1.02736e-84
11.9879	-2.48012e-86
12.1549	1.04599e-88
12.3242	-3.57327e-89
12.4959	1.62004e-91
12.67	-3.32705e-92
12.8464	3.81836e-94
13.0254	6.84044e-96
13.2068	-1.94428e-98
13.3908	-1.09917e-98
13.5773	3.13939e-100
13.7664	9.75928e-103
13.9582	3.85907e-104
14.1526	-2.68056e-105
14.3498	-7.76408e-107
14.5496	-5.33714e-108
14.7523	5.21957e-110
14.9578	-4.30916e-112
15.1662	2.35799e-113
15.3774	-6.59527e-115
15.5916	-1.20116e-116
15.8088	-1.50791e-118
16.029	3.29609e-120
16.2523	-5.45128e-122
16.4787	5.23561e-124
16.7082	-1.98952e-125
16.9409	1.54861e-127
17.1769	-9.90472e-130
17.4162	2.59395e-132
17.6588	4.64582e-133
17.9047	1.0685e-134
18.1542	-1.90981e-136
18.407	1.92848e-138
18.6634	-7.22699e-141
18.9234	2.91356e-142
19.187	-3.76432e-144
19.4543	3.04391e-146
19.7252	-1.3099e-148
