0     127.2983     107.5991     -762.4417     0     -66.86772     -1.294187     -595.7062          -595.7062  -1600.065       1  0  0.5  1        1  0  -0.5  1        2  0  0.5  1        2  0  -0.5  1        2  1  0.5  3        2  1  -0.5  3        3  0  0.5  1        3  0  -0.5  1        3  1  0.5  3        3  1  -0.5  3        3  2  -0.5  5        3  2  0.5  1            -288.0121    -288.0121    -72.00478    -72.00478    -72.00163    -72.00163    -32.00335    -32.00335    -32.00194    -32.00194    -32.00058    -32.00058    -18.00284    -18.00284    -18.00204    -18.00204    -18.00106    -18.00106    -18.00029    -18.00029    -11.52261    -11.52261    -11.52209    -11.52209    -11.52138    -11.52138    -11.52067    -11.52067    -11.52017    -11.52017

1     923.6221     391.9742     -2890.369     209.5265     -57.607     -2.302126     -1425.155          -1215.629  -1810.446       1  0  -0.5  1        1  0  0.5  1        2  0  0.5  1        2  0  -0.5  1        2  1  0.5  3        2  1  -0.5  3        3  0  0.5  1        3  0  -0.5  1        3  1  0.5  3        3  1  -0.5  3        3  2  -0.5  5        3  2  0.5  1            -278.7486    -278.7486    -77.34146    -77.34146    -75.29122    -75.29122    -47.48474    -47.48474    -46.6697    -46.6697    -45.25518    -45.25518    -39.03487    -39.03487    -38.69816    -38.69816    -38.16648    -38.16648    -37.72119    -37.72119    -35.34607    -35.34607    -35.17737    -35.17737    -34.92189    -34.92189    -34.7253    -34.7253    -34.70851    -34.70851

2     826.8473     297.9155     -2637.94     307.1007     -49.89767     -2.167368     -1258.141          -951.0406  -2018.677       1  0  0.5  1        1  0  -0.5  1        2  0  0.5  1        2  0  -0.5  1        2  1  0.5  3        2  1  -0.5  3        3  0  0.5  1        3  0  -0.5  1        3  1  0.5  3        3  1  -0.5  3        3  2  -0.5  5        3  2  0.5  1            -275.6337    -275.6337    -83.44972    -83.44972    -80.33666    -80.33666    -60.10683    -60.10683    -59.08298    -59.08298    -57.2965    -57.2965    -55.15073    -55.15073    -54.77035    -54.77035    -54.15104    -54.15104    -53.80926    -53.80926    -53.08093    -53.08093    -52.89387    -52.89387    -52.59493    -52.59493    -52.47269    -52.47269    -52.42628    -52.42628

3     767.9222     235.4991     -2433.434     336.2964     -43.49773     -2.012024     -1139.226          -802.93  -2209.339       1  0  -0.5  1        1  0  0.5  1        2  0  0.5  1        2  0  -0.5  1        2  1  0.5  3        2  1  -0.5  3        3  0  0.5  1        3  0  -0.5  1        3  1  0.5  3        3  1  -0.5  3        3  2  -0.5  5        3  2  0.5  1            -276.2633    -276.2633    -89.66908    -89.66908    -86.039    -86.039    -70.10706    -70.10706    -69.16263    -69.16263    -67.67502    -67.67502    -67.33283    -67.33283    -67.02042    -67.02042    -66.4839    -66.4839    -66.36849    -66.36849    -66.21652    -66.21652    -66.06399    -66.06399    -65.80126    -65.80126    -65.7865    -65.7865    -65.72855    -65.72855

4     741.2034     216.1282     -2278.082     326.189     -38.51725     -1.816648     -1034.895          -708.7061  -2378.06       1  0  0.5  1        1  0  -0.5  1        2  0  0.5  1        2  0  -0.5  1        2  1  0.5  3        2  1  -0.5  3        3  0  0.5  1        3  0  -0.5  1        3  1  0.5  3        3  1  -0.5  3        4  0  0.5  1        4  0  -0.5  1        3  2  -0.5  4            -279.0411    -279.0411    -95.7413    -95.7413    -91.86869    -91.86869    -77.94326    -77.94326    -77.16845    -77.16845    -76.51468    -76.51468    -76.33924    -76.33924    -76.30723    -76.30723    -75.98368    -75.98368    -75.96506    -75.96506    -75.93217    -75.93217    -75.87825    -75.87825    -75.73396    -75.73396    -75.68671    -75.68671    -75.67839    -75.67839

5     720.3992     183.6934     -2171.419     303.1555     -35.83027     -1.63473     -1001.636          -698.4803  -2523.521       1  0  -0.5  1        1  0  0.5  1        2  0  0.5  1        2  0  -0.5  1        2  1  0.5  3        2  1  -0.5  3        3  0  0.5  1        3  0  -0.5  1        3  1  0.5  3        3  1  -0.5  3        4  0  0.5  1        4  0  -0.5  1        4  1  0.5  3        4  1  -0.5  1            -282.8184    -282.8184    -101.4768    -101.4768    -97.48682    -97.48682    -84.17797    -84.17797    -83.5278    -83.5278    -83.47483    -83.47483    -83.38426    -83.38426    -83.36044    -83.36044    -83.29955    -83.29955    -83.27858    -83.27858    -83.24054    -83.24054    -83.22145    -83.22145    -83.20336    -83.20336    -83.15164    -83.15164    -83.08698    -83.08698

6     712.8802     175.2421     -2081.629     271.5057     -33.48587     -1.453044     -956.9395          -685.4338  -2643.349       1  0  0.5  1        1  0  -0.5  1        2  0  0.5  1        2  0  -0.5  1        2  1  0.5  3        2  1  -0.5  3        3  0  0.5  1        3  0  -0.5  1        4  0  0.5  1        4  0  -0.5  1        3  1  0.5  3        3  1  -0.5  3        3  2  -0.5  4            -286.5341    -286.5341    -106.3841    -106.3841    -102.334    -102.334    -89.10284    -89.10284    -88.79036    -88.79036    -88.78005    -88.78005    -88.76025    -88.76025    -88.73213    -88.73213    -88.6967    -88.6967    -88.65362    -88.65362    -88.63815    -88.63815    -88.60806    -88.60806    -88.56704    -88.56704    -88.472    -88.472    -88.41985    -88.41985

7     718.6313     173.5845     -2126.564     275.334     -37.30257     -1.531473     -997.8485          -722.5145  -2738.693       1  0  -0.5  1        1  0  0.5  1        2  0  0.5  1        2  0  -0.5  1        2  1  0.5  3        2  1  -0.5  3        3  0  0.5  1        3  0  -0.5  1        3  1  -0.5  3        3  1  0.5  3        4  0  0.5  1        4  0  -0.5  1        4  1  0.5  3        4  1  -0.5  1            -290.426    -290.426    -110.9791    -110.9791    -106.9015    -106.9015    -93.4162    -93.4162    -92.53186    -92.53186    -92.07992    -92.07992    -92.07246    -92.07246    -92.0577    -92.0577    -92.03587    -92.03587    -92.00727    -92.00727    -91.88176    -91.88176    -91.86698    -91.86698    -91.84181    -91.84181    -91.80675    -91.80675    -91.65619    -91.65619

8     720.845     185.1719     -2196.811     302.1704     -36.48692     -1.664576     -1026.775          -724.6042  -2784.525       1  0  0.5  1        1  0  -0.5  1        2  0  0.5  1        2  0  -0.5  1        2  1  0.5  3        2  1  -0.5  3        3  0  0.5  1        3  0  -0.5  1        3  1  -0.5  3        3  1  0.5  3        4  0  0.5  1        4  0  -0.5  1        4  1  0.5  3        4  1  -0.5  1            -291.3359    -291.3359    -112.5635    -112.5635    -108.4458    -108.4458    -95.43105    -95.43105    -94.61345    -94.61345    -94.58928    -94.58928    -94.58255    -94.58255    -94.56917    -94.56917    -94.54924    -94.54924    -94.52291    -94.52291    -94.33186    -94.33186    -94.32016    -94.32016    -94.29866    -94.29866    -94.26779    -94.26779    -94.09441    -94.09441

9     712.9881     192.8633     -2137.285     287.1261     -33.22154     -1.53949     -979.0684          -691.9424  -2821.539       1  0  -0.5  1        1  0  0.5  1        2  0  0.5  1        2  0  -0.5  1        2  1  0.5  3        2  1  -0.5  3        3  0  0.5  1        3  0  -0.5  1        4  0  0.5  1        4  0  -0.5  1        3  1  -0.5  3        3  1  0.5  3        3  2  -0.5  4            -292.3019    -292.3019    -113.9048    -113.9048    -109.7695    -109.7695    -96.93815    -96.93815    -96.3956    -96.3956    -96.38922    -96.38922    -96.37651    -96.37651    -96.35754    -96.35754    -96.3324    -96.3324    -96.16832    -96.16832    -96.10369    -96.10369    -96.09266    -96.09266    -96.07279    -96.07279    -96.04375    -96.04375    -95.86888    -95.86888

10     715.2333     170.9683     -2118.526     270.7031     -37.52114     -1.520651     -1000.663          -729.9602  -2864.289       1  0  0.5  1        1  0  -0.5  1        2  0  0.5  1        2  0  -0.5  1        2  1  0.5  3        2  1  -0.5  3        3  0  0.5  1        3  0  -0.5  1        3  1  0.5  3        3  1  -0.5  3        4  0  -0.5  1        4  0  0.5  1        5  0  0.5  1        5  0  -0.5  1        4  1  0.5  2            -294.6484    -294.6484    -116.3337    -116.3337    -112.2055    -112.2055    -98.96721    -98.96721    -98.07258    -98.07258    -97.12359    -97.12359    -97.1199    -97.1199    -97.11733    -97.11733    -97.10505    -97.10505    -97.08671    -97.08671    -97.06239    -97.06239    -96.97838    -96.97838    -96.95123    -96.95123    -96.79427    -96.79427    -96.76418    -96.76418

11     706.4987     169.9928     -2061.888     262.4514     -33.19758     -1.427499     -957.5703          -695.1189  -2870.806       1  0  -0.5  1        1  0  0.5  1        2  0  0.5  1        2  0  -0.5  1        2  1  0.5  3        2  1  -0.5  3        3  0  0.5  1        3  0  -0.5  1        4  0  -0.5  1        4  0  0.5  1        3  1  0.5  3        3  1  -0.5  3        3  2  0.5  4            -294.147    -294.147    -116.1258    -116.1258    -111.9767    -111.9767    -99.1455    -99.1455    -98.35138    -98.35138    -98.34541    -98.34541    -98.3335    -98.3335    -98.3325    -98.3325    -98.31571    -98.31571    -98.29209    -98.29209    -98.03706    -98.03706    -98.02456    -98.02456    -98.00483    -98.00483    -97.97704    -97.97704    -97.84774    -97.84774

12     722.9047     186.9114     -2226.173     300.8995     -39.4425     -1.78224     -1056.682          -755.7822  -2899.896       1  0  0.5  1        1  0  -0.5  1        2  0  0.5  1        2  0  -0.5  1        2  1  0.5  3        2  1  -0.5  3        3  0  0.5  1        3  0  -0.5  1        3  1  -0.5  3        3  1  0.5  3        4  0  -0.5  1        4  0  0.5  1        3  2  0.5  4            -295.9562    -295.9562    -117.8894    -117.8894    -113.7528    -113.7528    -100.5254    -100.5254    -99.61708    -99.61708    -98.55258    -98.55258    -98.45742    -98.45742    -98.43845    -98.43845    -98.43267    -98.43267    -98.42111    -98.42111    -98.40385    -98.40385    -98.38093    -98.38093    -98.37204    -98.37204    -98.11419    -98.11419    -98.07224    -98.07224

13     704.1578     169.0909     -2054.535     263.7     -33.06076     -1.453209     -952.1004          -688.4004  -2885.233       1  0  -0.5  1        1  0  0.5  1        2  0  0.5  1        2  0  -0.5  1        2  1  0.5  3        2  1  -0.5  3        3  0  0.5  1        3  0  -0.5  1        4  0  0.5  1        4  0  -0.5  1        3  1  0.5  3        3  1  -0.5  3        3  2  0.5  4            -294.3177    -294.3177    -116.4801    -116.4801    -112.3234    -112.3234    -99.66571    -99.66571    -99.20602    -99.20602    -99.20006    -99.20006    -99.1882    -99.1882    -99.17052    -99.17052    -99.14713    -99.14713    -98.96991    -98.96991    -98.96072    -98.96072    -98.93111    -98.93111    -98.92985    -98.92985    -98.90008    -98.90008    -98.80072    -98.80072

14     715.5581     172.8372     -2133.495     276.2631     -37.34074     -1.550081     -1007.727          -731.4641  -2909.205       1  0  0.5  1        1  0  -0.5  1        2  0  0.5  1        2  0  -0.5  1        2  1  0.5  3        2  1  -0.5  3        3  0  0.5  1        3  0  -0.5  1        3  1  -0.5  3        3  1  0.5  3        4  0  -0.5  1        4  0  0.5  1        5  0  0.5  1        5  0  -0.5  1        4  1  0.5  2            -296.1163    -296.1163    -118.1612    -118.1612    -114.0208    -114.0208    -100.8829    -100.8829    -99.99201    -99.99201    -99.1372    -99.1372    -99.13561    -99.13561    -99.13086    -99.13086    -99.11968    -99.11968    -99.10299    -99.10299    -99.08086    -99.08086    -98.99722    -98.99722    -98.96403    -98.96403    -98.84503    -98.84503    -98.81895    -98.81895

15     705.2756     169.229     -2057.529     261.151     -33.08963     -1.419392     -956.3821          -695.2311  -2903.723       1  0  -0.5  1        1  0  0.5  1        2  0  0.5  1        2  0  -0.5  1        2  1  0.5  3        2  1  -0.5  3        3  0  0.5  1        3  0  -0.5  1        4  0  0.5  1        4  0  -0.5  1        3  1  0.5  3        3  1  -0.5  3        3  2  0.5  4            -295.2444    -295.2444    -117.4514    -117.4514    -113.296    -113.296    -100.5125    -100.5125    -99.8022    -99.8022    -99.79689    -99.79689    -99.7863    -99.7863    -99.77048    -99.77048    -99.74949    -99.74949    -99.70314    -99.70314    -99.52319    -99.52319    -99.51411    -99.51411    -99.49828    -99.49828    -99.47583    -99.47583    -99.35589    -99.35589

16     720.7732     178.1903     -2165.864     282.6868     -37.56812     -1.612784     -1023.394          -740.7075  -2922.823       1  0  0.5  1        1  0  -0.5  1        2  0  0.5  1        2  0  -0.5  1        2  1  0.5  3        2  1  -0.5  3        3  0  0.5  1        3  0  -0.5  1        3  1  0.5  3        3  1  -0.5  3        4  0  -0.5  1        4  0  0.5  1        5  0  0.5  1        5  0  -0.5  1        4  1  -0.5  2            -296.7549    -296.7549    -118.8366    -118.8366    -114.6965    -114.6965    -101.4973    -101.4973    -100.589    -100.589    -99.55444    -99.55444    -99.45847    -99.45847    -99.45348    -99.45348    -99.44351    -99.44351    -99.44154    -99.44154    -99.42859    -99.42859    -99.40881    -99.40881    -99.38785    -99.38785    -99.17188    -99.17188    -99.14988    -99.14988

17     717.614     183.0396     -2189.456     297.3897     -36.31971     -1.63305     -1029.365          -731.9756  -2911.303       1  0  -0.5  1        1  0  0.5  1        2  0  0.5  1        2  0  -0.5  1        2  1  0.5  3        2  1  -0.5  3        3  0  0.5  1        3  0  -0.5  1        3  1  0.5  3        3  1  -0.5  3        4  0  -0.5  1        4  0  0.5  1        4  1  0.5  3        4  1  -0.5  1            -295.6044    -295.6044    -117.8542    -117.8542    -113.6972    -113.6972    -100.9058    -100.9058    -100.0798    -100.0798    -99.98853    -99.98853    -99.98384    -99.98384    -99.97449    -99.97449    -99.96052    -99.96052    -99.94199    -99.94199    -99.73598    -99.73598    -99.72989    -99.72989    -99.71859    -99.71859    -99.70214    -99.70214    -99.5728    -99.5728

18     710.2346     191.4058     -2129.626     282.8396     -32.94772     -1.514678     -979.6088          -696.7692  -2910.024       1  0  0.5  1        1  0  -0.5  1        2  0  0.5  1        2  0  -0.5  1        2  1  0.5  3        2  1  -0.5  3        3  0  0.5  1        3  0  -0.5  1        4  0  -0.5  1        4  0  0.5  1        3  1  0.5  3        3  1  -0.5  3        3  2  -0.5  4            -295.3633    -295.3633    -117.6345    -117.6345    -113.4757    -113.4757    -100.7855    -100.7855    -100.1401    -100.1401    -100.1357    -100.1357    -100.1271    -100.1271    -100.1141    -100.1141    -100.0969    -100.0969    -100.0113    -100.0113    -99.90609    -99.90609    -99.90098    -99.90098    -99.89098    -99.89098    -99.87619    -99.87619    -99.72189    -99.72189

19     720.1827     183.3717     -2210.227     296.5297     -38.93509     -1.758205     -1050.836          -754.3061  -2927.807       1  0  -0.5  1        1  0  0.5  1        2  0  0.5  1        2  0  -0.5  1        2  1  0.5  3        2  1  -0.5  3        3  0  0.5  1        3  0  -0.5  1        3  1  -0.5  3        3  1  0.5  3        4  0  0.5  1        4  0  -0.5  1        3  2  -0.5  4            -296.8828    -296.8828    -119.0019    -119.0019    -114.8602    -114.8602    -101.7089    -101.7089    -100.8112    -100.8112    -99.86188    -99.86188    -99.71708    -99.71708    -99.69871    -99.69871    -99.68836    -99.68836    -99.68433    -99.68433    -99.67629    -99.67629    -99.66426    -99.66426    -99.6483    -99.6483    -99.44882    -99.44882    -99.43407    -99.43407

20     703.6372     168.8966     -2050.5     260.9512     -32.89606     -1.421182     -951.332          -690.3808  -2907.326       1  0  0.5  1        1  0  -0.5  1        2  0  0.5  1        2  0  -0.5  1        2  1  0.5  3        2  1  -0.5  3        3  0  0.5  1        3  0  -0.5  1        4  0  0.5  1        4  0  -0.5  1        3  1  0.5  3        3  1  -0.5  3        3  2  -0.5  4            -295.1468    -295.1468    -117.4169    -117.4169    -113.259    -113.259    -100.5877    -100.5877    -100.1286    -100.1286    -100.1245    -100.1245    -100.1163    -100.1163    -100.104    -100.104    -100.0877    -100.0877    -99.9391    -99.9391    -99.93284    -99.93284    -99.92109    -99.92109    -99.90473    -99.90473    -99.88182    -99.88182    -99.81123    -99.81123

21     717.8123     175.742     -2154.714     281.3746     -37.30424     -1.58833     -1018.678          -737.303  -2925.378       1  0  -0.5  1        1  0  0.5  1        2  0  0.5  1        2  0  -0.5  1        2  1  0.5  3        2  1  -0.5  3        3  0  0.5  1        3  0  -0.5  1        3  1  -0.5  3        3  1  0.5  3        4  0  -0.5  1        4  0  0.5  1        5  0  0.5  1        5  0  -0.5  1        4  1  -0.5  2            -296.7444    -296.7444    -118.8614    -118.8614    -114.7204    -114.7204    -101.5748    -101.5748    -100.6818    -100.6818    -99.83657    -99.83657    -99.73476    -99.73476    -99.73093    -99.73093    -99.72329    -99.72329    -99.71186    -99.71186    -99.70349    -99.70349    -99.6967    -99.6967    -99.6609    -99.6609    -99.51103    -99.51103    -99.49519    -99.49519

22     705.3272     169.0411     -2053.871     258.6713     -34.92286     -1.397104     -957.1517          -698.4804  -2914.627       1  0  0.5  1        1  0  -0.5  1        2  0  0.5  1        2  0  -0.5  1        2  1  0.5  3        2  1  -0.5  3        3  0  0.5  1        3  0  -0.5  1        4  0  -0.5  1        4  0  0.5  1        3  1  -0.5  3        3  1  0.5  3        4  1  0.5  3        4  1  -0.5  1            -295.6999    -295.6999    -117.9566    -117.9566    -113.8007    -113.8007    -101.0132    -101.0132    -100.212    -100.212    -100.2084    -100.2084    -100.2023    -100.2023    -100.201    -100.201    -100.19    -100.19    -100.1755    -100.1755    -99.98575    -99.98575    -99.97951    -99.97951    -99.96914    -99.96914    -99.95412    -99.95412    -99.86087    -99.86087

23     709.8507     169.2191     -2098.251     269.0448     -36.32318     -1.490278     -987.9503          -718.9055  -2919.689       1  0  -0.5  1        1  0  0.5  1        2  0  0.5  1        2  0  -0.5  1        2  1  0.5  3        2  1  -0.5  3        3  0  0.5  1        3  0  -0.5  1        3  1  -0.5  3        3  1  0.5  3        4  0  -0.5  1        4  0  0.5  1        4  1  0.5  3        4  1  -0.5  1            -296.0517    -296.0517    -118.2663    -118.2663    -114.1151    -114.1151    -101.2414    -101.2414    -100.4127    -100.4127    -100.2362    -100.2362    -100.2326    -100.2326    -100.2255    -100.2255    -100.2148    -100.2148    -100.2006    -100.2006    -100.062    -100.062    -99.9986    -99.9986    -99.9793    -99.9793    -99.96376    -99.96376    -99.93074    -99.93074

24     710.7099     191.1109     -2127.668     280.6461     -32.94459     -1.509326     -979.6547          -699.0086  -2915.304       1  0  0.5  1        1  0  -0.5  1        2  0  0.5  1        2  0  -0.5  1        2  1  0.5  3        2  1  -0.5  3        3  0  0.5  1        3  0  -0.5  1        4  0  -0.5  1        4  0  0.5  1        3  1  -0.5  3        3  1  0.5  3        3  2  -0.5  4            -295.6782    -295.6782    -117.9324    -117.9324    -113.777    -113.777    -101.0363    -101.0363    -100.2843    -100.2843    -100.2808    -100.2808    -100.2737    -100.2737    -100.2632    -100.2632    -100.2628    -100.2628    -100.2493    -100.2493    -100.1097    -100.1097    -100.0425    -100.0425    -100.0177    -100.0177    -100.0014    -100.0014    -99.98551    -99.98551

25     720.0257     182.8714     -2208.252     294.5438     -38.8893     -1.75341     -1051.454          -756.9098  -2932.946       1  0  -0.5  1        1  0  0.5  1        2  0  0.5  1        2  0  -0.5  1        2  1  0.5  3        2  1  -0.5  3        3  0  0.5  1        3  0  -0.5  1        3  1  0.5  3        3  1  -0.5  3        4  0  0.5  1        4  0  -0.5  1        3  2  -0.5  4            -297.1201    -297.1201    -119.2308    -119.2308    -115.0911    -115.0911    -101.9087    -101.9087    -101.0094    -101.0094    -100.0715    -100.0715    -99.9202    -99.9202    -99.91354    -99.91354    -99.73577    -99.73577    -99.7323    -99.7323    -99.72536    -99.72536    -99.71497    -99.71497    -99.70116    -99.70116    -99.64221    -99.64221    -99.58818    -99.58818

26     704.1597     168.9379     -2049.737     259.7377     -32.90318     -1.421194     -951.2266          -691.489  -2909.766       1  0  0.5  1        1  0  -0.5  1        2  0  0.5  1        2  0  -0.5  1        2  1  0.5  3        2  1  -0.5  3        3  0  0.5  1        3  0  -0.5  1        4  0  0.5  1        4  0  -0.5  1        3  1  -0.5  3        3  1  0.5  3        3  2  -0.5  4            -295.3261    -295.3261    -117.593    -117.593    -113.4362    -113.4362    -100.7405    -100.7405    -100.1579    -100.1579    -100.1543    -100.1543    -100.147    -100.147    -100.1361    -100.1361    -100.1217    -100.1217    -100.0495    -100.0495    -100.04    -100.04    -99.97818    -99.97818    -99.9753    -99.9753    -99.94003    -99.94003    -99.92927    -99.92927

27     717.9082     176.7695     -2189.691     291.7168     -37.97557     -1.717073     -1042.989          -751.2726  -2928.3       1  0  -0.5  1        1  0  0.5  1        2  0  0.5  1        2  0  -0.5  1        2  1  0.5  3        2  1  -0.5  3        3  0  0.5  1        3  0  -0.5  1        3  1  0.5  3        3  1  -0.5  3        4  0  -0.5  1        4  0  0.5  1        4  1  0.5  3        4  1  -0.5  1            -296.8799    -296.8799    -118.9962    -118.9962    -114.8558    -114.8558    -101.696    -101.696    -100.8015    -100.8015    -99.95541    -99.95541    -99.82534    -99.82534    -99.77997    -99.77997    -99.73962    -99.73962    -99.73607    -99.73607    -99.729    -99.729    -99.71841    -99.71841    -99.70434    -99.70434    -99.59011    -99.59011    -99.56448    -99.56448

28     704.6926     169.2139     -2055.787     260.8496     -32.9345     -1.378566     -955.3439          -694.4942  -2912.97       1  0  0.5  1        1  0  -0.5  1        2  0  0.5  1        2  0  -0.5  1        2  1  0.5  3        2  1  -0.5  3        3  0  0.5  1        3  0  -0.5  1        4  0  -0.5  1        4  0  0.5  1        3  1  0.5  3        3  1  -0.5  3        3  2  0.5  4            -295.4883    -295.4883    -117.7582    -117.7582    -113.6013    -113.6013    -100.8361    -100.8361    -100.272    -100.272    -100.2683    -100.2683    -100.2608    -100.2608    -100.2497    -100.2497    -100.235    -100.235    -100.1273    -100.1273    -100.1164    -100.1164    -100.097    -100.097    -100.0739    -100.0739    -100.0611    -100.0611    -100.0209    -100.0209

29     718.6296     175.8828     -2156.651     280.3038     -37.44344     -1.588747     -1020.867          -740.5634  -2929.58       1  0  -0.5  1        1  0  0.5  1        2  0  0.5  1        2  0  -0.5  1        2  1  0.5  3        2  1  -0.5  3        3  0  0.5  1        3  0  -0.5  1        3  1  -0.5  3        3  1  0.5  3        4  0  0.5  1        4  0  -0.5  1        5  0  0.5  1        5  0  -0.5  1        4  1  0.5  2            -296.9738    -296.9738    -119.0961    -119.0961    -114.9553    -114.9553    -101.7652    -101.7652    -100.8585    -100.8585    -99.90285    -99.90285    -99.80719    -99.80719    -99.80361    -99.80361    -99.79645    -99.79645    -99.78575    -99.78575    -99.77567    -99.77567    -99.77155    -99.77155    -99.75408    -99.75408    -99.61123    -99.61123    -99.58051    -99.58051

30     717.238     183.07     -2192.785     298.3164     -36.26536     -1.607804     -1032.033          -733.7171  -2916.993       1  0  0.5  1        1  0  -0.5  1        2  0  0.5  1        2  0  -0.5  1        2  1  0.5  3        2  1  -0.5  3        3  0  0.5  1        3  0  -0.5  1        3  1  -0.5  3        3  1  0.5  3        4  0  0.5  1        4  0  -0.5  1        4  1  -0.5  3        4  1  0.5  1            -295.8091    -295.8091    -118.0818    -118.0818    -113.9247    -113.9247    -101.1293    -101.1293    -100.3039    -100.3039    -100.2659    -100.2659    -100.2623    -100.2623    -100.2553    -100.2553    -100.2448    -100.2448    -100.2308    -100.2308    -100.0534    -100.0534    -100.0397    -100.0397    -100.0251    -100.0251    -100.0069    -100.0069    -99.95557    -99.95557

31     710.2065     190.0052     -2124.462     280.763     -32.93174     -1.503503     -977.9227          -697.1597  -2914.491       1  0  -0.5  1        1  0  0.5  1        2  0  0.5  1        2  0  -0.5  1        2  1  0.5  3        2  1  -0.5  3        3  0  0.5  1        3  0  -0.5  1        4  0  0.5  1        4  0  -0.5  1        3  1  -0.5  3        3  1  0.5  3        3  2  -0.5  4            -295.5336    -295.5336    -117.819    -117.819    -113.6605    -113.6605    -100.9635    -100.9635    -100.3299    -100.3299    -100.3264    -100.3264    -100.3195    -100.3195    -100.3091    -100.3091    -100.2953    -100.2953    -100.1928    -100.1928    -100.1107    -100.1107    -100.0881    -100.0881    -100.0737    -100.0737    -100.0559    -100.0559    -100.0149    -100.0149

32     719.4568     178.6751     -2205.166     294.5297     -38.14498     -1.747848     -1052.397          -757.8672  -2931.47       1  0  0.5  1        1  0  -0.5  1        2  0  0.5  1        2  0  -0.5  1        2  1  0.5  3        2  1  -0.5  3        3  0  0.5  1        3  0  -0.5  1        3  1  0.5  3        3  1  -0.5  3        4  0  -0.5  1        4  0  0.5  1        4  1  0.5  3        4  1  -0.5  1            -297.026    -297.026    -119.155    -119.155    -115.0133    -115.0133    -101.8583    -101.8583    -100.9598    -100.9598    -100.0255    -100.0255    -99.8756    -99.8756    -99.87367    -99.87367    -99.77268    -99.77268    -99.76923    -99.76923    -99.76234    -99.76234    -99.75203    -99.75203    -99.73831    -99.73831    -99.63394    -99.63394    -99.58129    -99.58129

33     709.5685     186.6601     -2113.218     277.4754     -32.9377     -1.473443     -973.9254          -696.45  -2913.505       1  0  -0.5  1        1  0  0.5  1        2  0  0.5  1        2  0  -0.5  1        2  1  0.5  3        2  1  -0.5  3        3  0  0.5  1        3  0  -0.5  1        4  0  -0.5  1        4  0  0.5  1        3  1  0.5  3        3  1  -0.5  3        3  2  0.5  4            -295.5247    -295.5247    -117.8102    -117.8102    -113.6518    -113.6518    -100.907    -100.907    -100.2646    -100.2646    -100.261    -100.261    -100.2537    -100.2537    -100.2429    -100.2429    -100.2286    -100.2286    -100.1161    -100.1161    -100.1128    -100.1128    -100.0929    -100.0929    -100.0768    -100.0768    -100.0524    -100.0524    -100.0105    -100.0105

34     719.363     178.2579     -2205.686     295.064     -38.11073     -1.742744     -1052.855          -757.7906  -2930.41       1  0  0.5  1        1  0  -0.5  1        2  0  0.5  1        2  0  -0.5  1        2  1  0.5  3        2  1  -0.5  3        3  0  0.5  1        3  0  -0.5  1        3  1  -0.5  3        3  1  0.5  3        4  0  0.5  1        4  0  -0.5  1        4  1  -0.5  3        4  1  0.5  1            -297.0048    -297.0048    -119.1364    -119.1364    -114.9946    -114.9946    -101.8177    -101.8177    -100.9111    -100.9111    -99.93427    -99.93427    -99.79747    -99.79747    -99.79358    -99.79358    -99.77505    -99.77505    -99.77151    -99.77151    -99.76447    -99.76447    -99.75392    -99.75392    -99.7399    -99.7399    -99.60779    -99.60779    -99.55837    -99.55837

35     704.8101     168.9624     -2054.354     260.0722     -32.93941     -1.384478     -954.8333          -694.7611  -2914.151       1  0  -0.5  1        1  0  0.5  1        2  0  0.5  1        2  0  -0.5  1        2  1  0.5  3        2  1  -0.5  3        3  0  0.5  1        3  0  -0.5  1        4  0  0.5  1        4  0  -0.5  1        3  1  -0.5  3        3  1  0.5  3        3  2  -0.5  4            -295.5193    -295.5193    -117.8098    -117.8098    -113.6509    -113.6509    -100.8944    -100.8944    -100.3221    -100.3221    -100.3184    -100.3184    -100.311    -100.311    -100.3    -100.3    -100.2854    -100.2854    -100.1671    -100.1671    -100.1585    -100.1585    -100.1427    -100.1427    -100.1215    -100.1215    -100.0908    -100.0908    -100.0511    -100.0511

36     719.1499     176.345     -2158.566     280.5642     -37.48964     -1.592374     -1021.589          -741.0249  -2930.228       1  0  0.5  1        1  0  -0.5  1        2  0  0.5  1        2  0  -0.5  1        2  1  0.5  3        2  1  -0.5  3        3  0  0.5  1        3  0  -0.5  1        3  1  0.5  3        3  1  -0.5  3        4  0  -0.5  1        4  0  0.5  1        5  0  0.5  1        5  0  -0.5  1        4  1  -0.5  2            -296.9951    -296.9951    -119.1307    -119.1307    -114.9885    -114.9885    -101.808    -101.808    -100.8979    -100.8979    -99.88726    -99.88726    -99.81869    -99.81869    -99.81512    -99.81512    -99.808    -99.808    -99.79735    -99.79735    -99.78321    -99.78321    -99.75872    -99.75872    -99.75487    -99.75487    -99.61486    -99.61486    -99.58796    -99.58796

37     717.4881     183.1504     -2191.911     297.7752     -36.31632     -1.610883     -1031.425          -733.6497  -2917.207       1  0  -0.5  1        1  0  0.5  1        2  0  0.5  1        2  0  -0.5  1        2  1  0.5  3        2  1  -0.5  3        3  0  0.5  1        3  0  -0.5  1        3  1  0.5  3        3  1  -0.5  3        4  0  -0.5  1        4  0  0.5  1        4  1  0.5  3        4  1  -0.5  1            -295.8071    -295.8071    -118.091    -118.091    -113.9328    -113.9328    -101.1499    -101.1499    -100.3204    -100.3204    -100.2677    -100.2677    -100.2642    -100.2642    -100.2572    -100.2572    -100.2467    -100.2467    -100.2328    -100.2328    -100.05    -100.05    -100.04    -100.04    -100.0264    -100.0264    -100.0085    -100.0085    -99.94826    -99.94826

38     710.4484     190.894     -2126.801     281.489     -32.92846     -1.509057     -978.4076          -696.9186  -2914.141       1  0  0.5  1        1  0  -0.5  1        2  0  0.5  1        2  0  -0.5  1        2  1  0.5  3        2  1  -0.5  3        3  0  0.5  1        3  0  -0.5  1        4  0  -0.5  1        4  0  0.5  1        3  1  0.5  3        3  1  -0.5  3        3  2  0.5  4            -295.5144    -295.5144    -117.8096    -117.8096    -113.65    -113.65    -100.9695    -100.9695    -100.3097    -100.3097    -100.3062    -100.3062    -100.2993    -100.2993    -100.2889    -100.2889    -100.2751    -100.2751    -100.1947    -100.1947    -100.0876    -100.0876    -100.0676    -100.0676    -100.0534    -100.0534    -100.0356    -100.0356    -99.99084    -99.99084

39     719.6765     182.7022     -2207.431     295.2105     -38.87423     -1.75118     -1050.467          -755.2569  -2931.39       1  0  -0.5  1        1  0  0.5  1        2  0  0.5  1        2  0  -0.5  1        2  1  0.5  3        2  1  -0.5  3        3  0  0.5  1        3  0  -0.5  1        3  1  -0.5  3        3  1  0.5  3        4  0  0.5  1        4  0  -0.5  1        3  2  0.5  4            -297.0143    -297.0143    -119.149    -119.149    -115.0068    -115.0068    -101.8626    -101.8626    -100.9641    -100.9641    -100.0162    -100.0162    -99.87014    -99.87014    -99.86251    -99.86251    -99.7547    -99.7547    -99.75125    -99.75125    -99.74438    -99.74438    -99.73408    -99.73408    -99.72038    -99.72038    -99.6186    -99.6186    -99.56222    -99.56222

40     704.0715     168.8674     -2049.428     260.0472     -32.89525     -1.420755     -950.7581          -690.7109  -2909.477       1  0  0.5  1        1  0  -0.5  1        2  0  0.5  1        2  0  -0.5  1        2  1  0.5  3        2  1  -0.5  3        3  0  0.5  1        3  0  -0.5  1        4  0  0.5  1        4  0  -0.5  1        3  1  0.5  3        3  1  -0.5  3        3  2  0.5  4            -295.2587    -295.2587    -117.5384    -117.5384    -113.3803    -113.3803    -100.7091    -100.7091    -100.1873    -100.1873    -100.1837    -100.1837    -100.1765    -100.1765    -100.1656    -100.1656    -100.1513    -100.1513    -100.0593    -100.0593    -100.043    -100.043    -100.0095    -100.0095    -99.99295    -99.99295    -99.9806    -99.9806    -99.95111    -99.95111

41     717.686     176.5806     -2187.873     291.5565     -37.93161     -1.711013     -1041.693          -750.1362  -2927.603       1  0  -0.5  1        1  0  0.5  1        2  0  0.5  1        2  0  -0.5  1        2  1  0.5  3        2  1  -0.5  3        3  0  0.5  1        3  0  -0.5  1        3  1  -0.5  3        3  1  0.5  3        4  0  -0.5  1        4  0  0.5  1        4  1  0.5  3        4  1  -0.5  1            -296.8359    -296.8359    -118.9596    -118.9596    -114.8184    -114.8184    -101.6743    -101.6743    -100.7802    -100.7802    -99.92956    -99.92956    -99.80328    -99.80328    -99.76518    -99.76518    -99.76164    -99.76164    -99.7572    -99.7572    -99.75457    -99.75457    -99.74405    -99.74405    -99.73004    -99.73004    -99.59234    -99.59234    -99.5653    -99.5653

42     704.7058     169.0247     -2054.349     260.4314     -32.93353     -1.382774     -954.5034          -694.0721  -2913.331       1  0  0.5  1        1  0  -0.5  1        2  0  0.5  1        2  0  -0.5  1        2  1  0.5  3        2  1  -0.5  3        3  0  0.5  1        3  0  -0.5  1        4  0  0.5  1        4  0  -0.5  1        3  1  0.5  3        3  1  -0.5  3        3  2  -0.5  4            -295.4737    -295.4737    -117.7463    -117.7463    -113.5891    -113.5891    -100.8309    -100.8309    -100.3134    -100.3134    -100.3097    -100.3097    -100.3023    -100.3023    -100.2912    -100.2912    -100.2766    -100.2766    -100.1638    -100.1638    -100.1547    -100.1547    -100.1382    -100.1382    -100.1164    -100.1164    -100.0789    -100.0789    -100.0492    -100.0492

43     718.6505     175.9168     -2156.664     280.3772     -37.44422     -1.588537     -1020.752          -740.3752  -2929.542       1  0  -0.5  1        1  0  0.5  1        2  0  0.5  1        2  0  -0.5  1        2  1  0.5  3        2  1  -0.5  3        3  0  0.5  1        3  0  -0.5  1        3  1  -0.5  3        3  1  0.5  3        4  0  -0.5  1        4  0  0.5  1        5  0  -0.5  1        5  0  0.5  1        4  1  0.5  2            -296.9647    -296.9647    -119.0885    -119.0885    -114.9475    -114.9475    -101.7622    -101.7622    -100.8554    -100.8554    -99.89174    -99.89174    -99.82949    -99.82949    -99.82592    -99.82592    -99.81879    -99.81879    -99.80813    -99.80813    -99.79397    -99.79397    -99.76558    -99.76558    -99.7463    -99.7463    -99.62586    -99.62586    -99.60093    -99.60093

44     717.2896     182.9792     -2190.374     297.486     -36.27301     -1.609337     -1030.502          -733.016  -2917.023       1  0  0.5  1        1  0  -0.5  1        2  0  0.5  1        2  0  -0.5  1        2  1  0.5  3        2  1  -0.5  3        3  0  0.5  1        3  0  -0.5  1        3  1  -0.5  3        3  1  0.5  3        4  0  -0.5  1        4  0  0.5  1        4  1  -0.5  3        4  1  0.5  1            -295.8028    -295.8028    -118.0763    -118.0763    -113.9191    -113.9191    -101.127    -101.127    -100.3012    -100.3012    -100.2838    -100.2838    -100.2803    -100.2803    -100.2733    -100.2733    -100.2628    -100.2628    -100.2488    -100.2488    -100.0666    -100.0666    -100.057    -100.057    -100.0434    -100.0434    -100.0255    -100.0255    -99.96431    -99.96431

45     710.2397     190.1202     -2124.74     280.8865     -32.93132     -1.504236     -977.9293          -697.0428  -2914.535       1  0  -0.5  1        1  0  0.5  1        2  0  0.5  1        2  0  -0.5  1        2  1  0.5  3        2  1  -0.5  3        3  0  0.5  1        3  0  -0.5  1        4  0  -0.5  1        4  0  0.5  1        3  1  -0.5  3        3  1  0.5  3        3  2  0.5  4            -295.5268    -295.5268    -117.813    -117.813    -113.6544    -113.6544    -100.9607    -100.9607    -100.3392    -100.3392    -100.3357    -100.3357    -100.3288    -100.3288    -100.3184    -100.3184    -100.3046    -100.3046    -100.1895    -100.1895    -100.1128    -100.1128    -100.0969    -100.0969    -100.0833    -100.0833    -100.0657    -100.0657    -100.017    -100.017

46     719.4923     178.7354     -2205.544     294.6727     -38.14576     -1.748515     -1052.538          -757.865  -2931.389       1  0  0.5  1        1  0  -0.5  1        2  0  0.5  1        2  0  -0.5  1        2  1  0.5  3        2  1  -0.5  3        3  0  0.5  1        3  0  -0.5  1        3  1  0.5  3        3  1  -0.5  3        4  0  0.5  1        4  0  -0.5  1        4  1  0.5  3        4  1  -0.5  1            -297.0216    -297.0216    -119.1511    -119.1511    -115.0094    -115.0094    -101.8564    -101.8564    -100.9581    -100.9581    -100.0212    -100.0212    -99.87082    -99.87082    -99.87055    -99.87055    -99.7782    -99.7782    -99.77476    -99.77476    -99.76788    -99.76788    -99.75758    -99.75758    -99.74388    -99.74388    -99.63119    -99.63119    -99.57797    -99.57797

47     708.9367     184.4801     -2106.211     275.4548     -32.9373     -1.460513     -971.7376          -696.2828  -2913.536       1  0  -0.5  1        1  0  0.5  1        2  0  0.5  1        2  0  -0.5  1        2  1  0.5  3        2  1  -0.5  3        3  0  0.5  1        3  0  -0.5  1        4  0  0.5  1        4  0  -0.5  1        3  1  0.5  3        3  1  -0.5  3        3  2  -0.5  4            -295.5213    -295.5213    -117.807    -117.807    -113.6485    -113.6485    -100.9053    -100.9053    -100.2702    -100.2702    -100.2666    -100.2666    -100.2593    -100.2593    -100.2485    -100.2485    -100.2342    -100.2342    -100.1162    -100.1162    -100.1153    -100.1153    -100.0967    -100.0967    -100.0822    -100.0822    -100.0584    -100.0584    -100.0133    -100.0133

48     719.3797     178.287     -2205.864     295.1331     -38.11034     -1.743043     -1052.917          -757.7841  -2930.367       1  0  0.5  1        1  0  -0.5  1        2  0  0.5  1        2  0  -0.5  1        2  1  0.5  3        2  1  -0.5  3        3  0  0.5  1        3  0  -0.5  1        3  1  -0.5  3        3  1  0.5  3        4  0  -0.5  1        4  0  0.5  1        4  1  -0.5  3        4  1  0.5  1            -297.0026    -297.0026    -119.1343    -119.1343    -114.9925    -114.9925    -101.8165    -101.8165    -100.9101    -100.9101    -99.93222    -99.93222    -99.79521    -99.79521    -99.79204    -99.79204    -99.77819    -99.77819    -99.77465    -99.77465    -99.76761    -99.76761    -99.75707    -99.75707    -99.74306    -99.74306    -99.60725    -99.60725    -99.55893    -99.55893

49     704.8187     168.9511     -2054.226     260.0341     -32.93978     -1.384916     -954.7469          -694.7128  -2914.2       1  0  -0.5  1        1  0  0.5  1        2  0  0.5  1        2  0  -0.5  1        2  1  0.5  3        2  1  -0.5  3        3  0  0.5  1        3  0  -0.5  1        4  0  -0.5  1        4  0  0.5  1        3  1  -0.5  3        3  1  0.5  3        3  2  0.5  4            -295.5179    -295.5179    -117.8084    -117.8084    -113.6494    -113.6494    -100.8935    -100.8935    -100.3276    -100.3276    -100.3239    -100.3239    -100.3165    -100.3165    -100.3055    -100.3055    -100.2909    -100.2909    -100.1709    -100.1709    -100.1624    -100.1624    -100.1468    -100.1468    -100.1259    -100.1259    -100.0909    -100.0909    -100.0537    -100.0537

50     719.1616     176.3587     -2158.601     280.579     -37.48977     -1.592484     -1021.584          -741.0051  -2930.221       1  0  0.5  1        1  0  -0.5  1        2  0  0.5  1        2  0  -0.5  1        2  1  0.5  3        2  1  -0.5  3        3  0  0.5  1        3  0  -0.5  1        3  1  0.5  3        3  1  -0.5  3        4  0  0.5  1        4  0  -0.5  1        5  0  -0.5  1        5  0  0.5  1        4  1  -0.5  2            -296.9943    -296.9943    -119.1299    -119.1299    -114.9877    -114.9877    -101.8076    -101.8076    -100.8975    -100.8975    -99.88651    -99.88651    -99.82011    -99.82011    -99.81655    -99.81655    -99.80943    -99.80943    -99.79879    -99.79879    -99.78466    -99.78466    -99.7582    -99.7582    -99.75394    -99.75394    -99.61522    -99.61522    -99.58877    -99.58877

51     717.4883     183.1461     -2191.82     297.7474     -36.31629     -1.610939     -1031.366          -733.6181  -2917.203       1  0  -0.5  1        1  0  0.5  1        2  0  0.5  1        2  0  -0.5  1        2  1  0.5  3        2  1  -0.5  3        3  0  0.5  1        3  0  -0.5  1        3  1  0.5  3        3  1  -0.5  3        4  0  0.5  1        4  0  -0.5  1        4  1  0.5  3        4  1  -0.5  1            -295.8066    -295.8066    -118.0904    -118.0904    -113.9322    -113.9322    -101.1495    -101.1495    -100.3201    -100.3201    -100.2682    -100.2682    -100.2647    -100.2647    -100.2577    -100.2577    -100.2472    -100.2472    -100.2333    -100.2333    -100.05    -100.05    -100.0402    -100.0402    -100.0266    -100.0266    -100.0087    -100.0087    -99.948    -99.948

52     710.4521     190.9008     -2126.818     281.4954     -32.92856     -1.509122     -978.4072          -696.9118  -2914.136       1  0  0.5  1        1  0  -0.5  1        2  0  0.5  1        2  0  -0.5  1        2  1  0.5  3        2  1  -0.5  3        3  0  0.5  1        3  0  -0.5  1        4  0  0.5  1        4  0  -0.5  1        3  1  0.5  3        3  1  -0.5  3        3  2  -0.5  4            -295.5141    -295.5141    -117.8093    -117.8093    -113.6497    -113.6497    -100.9693    -100.9693    -100.3095    -100.3095    -100.3061    -100.3061    -100.2991    -100.2991    -100.2888    -100.2888    -100.275    -100.275    -100.1945    -100.1945    -100.0872    -100.0872    -100.0674    -100.0674    -100.0531    -100.0531    -100.0354    -100.0354    -99.9904    -99.9904

53     719.6804     182.7095     -2207.46     295.2197     -38.87489     -1.751245     -1050.476          -755.2567  -2931.387       1  0  -0.5  1        1  0  0.5  1        2  0  0.5  1        2  0  -0.5  1        2  1  0.5  3        2  1  -0.5  3        3  0  0.5  1        3  0  -0.5  1        3  1  -0.5  3        3  1  0.5  3        4  0  -0.5  1        4  0  0.5  1        3  2  -0.5  4            -297.0142    -297.0142    -119.1489    -119.1489    -115.0067    -115.0067    -101.8625    -101.8625    -100.9641    -100.9641    -100.016    -100.016    -99.87002    -99.87002    -99.86227    -99.86227    -99.75439    -99.75439    -99.75095    -99.75095    -99.74407    -99.74407    -99.73378    -99.73378    -99.72008    -99.72008    -99.61828    -99.61828    -99.56187    -99.56187

54     704.0721     168.8674     -2049.425     260.0477     -32.89523     -1.420757     -950.7534          -690.7058  -2909.468       1  0  0.5  1        1  0  -0.5  1        2  0  0.5  1        2  0  -0.5  1        2  1  0.5  3        2  1  -0.5  3        3  0  0.5  1        3  0  -0.5  1        4  0  -0.5  1        4  0  0.5  1        3  1  0.5  3        3  1  -0.5  3        3  2  -0.5  4            -295.2584    -295.2584    -117.5381    -117.5381    -113.38    -113.38    -100.7088    -100.7088    -100.1869    -100.1869    -100.1833    -100.1833    -100.176    -100.176    -100.1652    -100.1652    -100.1509    -100.1509    -100.059    -100.059    -100.0427    -100.0427    -100.0092    -100.0092    -99.99266    -99.99266    -99.9803    -99.9803    -99.95074    -99.95074

55     717.687     176.5837     -2187.916     291.5715     -37.93171     -1.711195     -1041.717          -750.1453  -2927.6       1  0  -0.5  1        1  0  0.5  1        2  0  0.5  1        2  0  -0.5  1        2  1  0.5  3        2  1  -0.5  3        3  0  0.5  1        3  0  -0.5  1        3  1  -0.5  3        3  1  0.5  3        4  0  0.5  1        4  0  -0.5  1        4  1  0.5  3        4  1  -0.5  1            -296.8358    -296.8358    -118.9594    -118.9594    -114.8182    -114.8182    -101.6741    -101.6741    -100.78    -100.78    -99.92948    -99.92948    -99.80316    -99.80316    -99.76493    -99.76493    -99.76139    -99.76139    -99.75711    -99.75711    -99.75433    -99.75433    -99.7438    -99.7438    -99.72979    -99.72979    -99.5922    -99.5922    -99.56515    -99.56515

56     704.7054     169.0248     -2054.35     260.4326     -32.9335     -1.382752     -954.5036          -694.0709  -2913.326       1  0  0.5  1        1  0  -0.5  1        2  0  0.5  1        2  0  -0.5  1        2  1  0.5  3        2  1  -0.5  3        3  0  0.5  1        3  0  -0.5  1        4  0  -0.5  1        4  0  0.5  1        3  1  0.5  3        3  1  -0.5  3        3  2  0.5  4            -295.4736    -295.4736    -117.7461    -117.7461    -113.589    -113.589    -100.8307    -100.8307    -100.3132    -100.3132    -100.3095    -100.3095    -100.3021    -100.3021    -100.291    -100.291    -100.2764    -100.2764    -100.1637    -100.1637    -100.1546    -100.1546    -100.138    -100.138    -100.1163    -100.1163    -100.0787    -100.0787    -100.0491    -100.0491

57     718.6505     175.9169     -2156.664     280.3778     -37.44416     -1.588539     -1020.751          -740.3733  -2929.54       1  0  -0.5  1        1  0  0.5  1        2  0  0.5  1        2  0  -0.5  1        2  1  0.5  3        2  1  -0.5  3        3  0  0.5  1        3  0  -0.5  1        3  1  -0.5  3        3  1  0.5  3        4  0  0.5  1        4  0  -0.5  1        5  0  0.5  1        5  0  -0.5  1        4  1  0.5  2            -296.9646    -296.9646    -119.0884    -119.0884    -114.9474    -114.9474    -101.7621    -101.7621    -100.8553    -100.8553    -99.89171    -99.89171    -99.82942    -99.82942    -99.82585    -99.82585    -99.81872    -99.81872    -99.80806    -99.80806    -99.79391    -99.79391    -99.76555    -99.76555    -99.74626    -99.74626    -99.62586    -99.62586    -99.60093    -99.60093

58     717.2889     182.9788     -2190.372     297.486     -36.27292     -1.60932     -1030.501          -733.015  -2917.022       1  0  0.5  1        1  0  -0.5  1        2  0  0.5  1        2  0  -0.5  1        2  1  0.5  3        2  1  -0.5  3        3  0  0.5  1        3  0  -0.5  1        3  1  -0.5  3        3  1  0.5  3        4  0  0.5  1        4  0  -0.5  1        4  1  -0.5  3        4  1  0.5  1            -295.8027    -295.8027    -118.0762    -118.0762    -113.9191    -113.9191    -101.127    -101.127    -100.3012    -100.3012    -100.2837    -100.2837    -100.2802    -100.2802    -100.2732    -100.2732    -100.2627    -100.2627    -100.2488    -100.2488    -100.0666    -100.0666    -100.057    -100.057    -100.0434    -100.0434    -100.0255    -100.0255    -99.9643    -99.9643

59     710.2396     190.1193     -2124.738     280.8858     -32.93133     -1.50423     -977.9284          -697.0427  -2914.535       1  0  -0.5  1        1  0  0.5  1        2  0  0.5  1        2  0  -0.5  1        2  1  0.5  3        2  1  -0.5  3        3  0  0.5  1        3  0  -0.5  1        4  0  0.5  1        4  0  -0.5  1        3  1  -0.5  3        3  1  0.5  3        3  2  -0.5  4            -295.5268    -295.5268    -117.813    -117.813    -113.6544    -113.6544    -100.9606    -100.9606    -100.3392    -100.3392    -100.3357    -100.3357    -100.3288    -100.3288    -100.3184    -100.3184    -100.3046    -100.3046    -100.1895    -100.1895    -100.1128    -100.1128    -100.0969    -100.0969    -100.0833    -100.0833    -100.0657    -100.0657    -100.017    -100.017

60     719.4922     178.7352     -2205.542     294.6723     -38.14575     -1.748512     -1052.537          -757.8645  -2931.389       1  0  0.5  1        1  0  -0.5  1        2  0  0.5  1        2  0  -0.5  1        2  1  0.5  3        2  1  -0.5  3        3  0  0.5  1        3  0  -0.5  1        3  1  0.5  3        3  1  -0.5  3        4  0  -0.5  1        4  0  0.5  1        4  1  0.5  3        4  1  -0.5  1            -297.0217    -297.0217    -119.1511    -119.1511    -115.0094    -115.0094    -101.8564    -101.8564    -100.958    -100.958    -100.0212    -100.0212    -99.87083    -99.87083    -99.87055    -99.87055    -99.7782    -99.7782    -99.77476    -99.77476    -99.76788    -99.76788    -99.75758    -99.75758    -99.74388    -99.74388    -99.6312    -99.6312    -99.57798    -99.57798

61     708.9323     184.4649     -2106.163     275.4405     -32.9373     -1.460422     -971.7226          -696.2821  -2913.536       1  0  -0.5  1        1  0  0.5  1        2  0  0.5  1        2  0  -0.5  1        2  1  0.5  3        2  1  -0.5  3        3  0  0.5  1        3  0  -0.5  1        4  0  -0.5  1        4  0  0.5  1        3  1  0.5  3        3  1  -0.5  3        3  2  0.5  4            -295.5213    -295.5213    -117.807    -117.807    -113.6485    -113.6485    -100.9053    -100.9053    -100.2702    -100.2702    -100.2666    -100.2666    -100.2593    -100.2593    -100.2485    -100.2485    -100.2342    -100.2342    -100.1162    -100.1162    -100.1153    -100.1153    -100.0967    -100.0967    -100.0822    -100.0822    -100.0584    -100.0584    -100.0133    -100.0133

62     719.3797     178.2869     -2205.863     295.1328     -38.11033     -1.743041     -1052.917          -757.7839  -2930.367       1  0  0.5  1        1  0  -0.5  1        2  0  0.5  1        2  0  -0.5  1        2  1  0.5  3        2  1  -0.5  3        3  0  0.5  1        3  0  -0.5  1        3  1  -0.5  3        3  1  0.5  3        4  0  0.5  1        4  0  -0.5  1        4  1  -0.5  3        4  1  0.5  1            -297.0026    -297.0026    -119.1343    -119.1343    -114.9925    -114.9925    -101.8165    -101.8165    -100.9101    -100.9101    -99.93222    -99.93222    -99.79521    -99.79521    -99.79204    -99.79204    -99.77821    -99.77821    -99.77467    -99.77467    -99.76763    -99.76763    -99.75709    -99.75709    -99.74308    -99.74308    -99.60727    -99.60727    -99.55896    -99.55896

63     704.8188     168.951     -2054.226     260.0339     -32.93978     -1.384918     -954.7467          -694.7128  -2914.201       1  0  -0.5  1        1  0  0.5  1        2  0  0.5  1        2  0  -0.5  1        2  1  0.5  3        2  1  -0.5  3        3  0  0.5  1        3  0  -0.5  1        4  0  0.5  1        4  0  -0.5  1        3  1  -0.5  3        3  1  0.5  3        3  2  -0.5  4            -295.5179    -295.5179    -117.8084    -117.8084    -113.6494    -113.6494    -100.8935    -100.8935    -100.3276    -100.3276    -100.3239    -100.3239    -100.3165    -100.3165    -100.3055    -100.3055    -100.2909    -100.2909    -100.1709    -100.1709    -100.1625    -100.1625    -100.1469    -100.1469    -100.1259    -100.1259    -100.0909    -100.0909    -100.0537    -100.0537

64     719.1616     176.3587     -2158.601     280.5789     -37.48977     -1.592484     -1021.584          -741.0052  -2930.222       1  0  0.5  1        1  0  -0.5  1        2  0  0.5  1        2  0  -0.5  1        2  1  0.5  3        2  1  -0.5  3        3  0  0.5  1        3  0  -0.5  1        3  1  0.5  3        3  1  -0.5  3        4  0  -0.5  1        4  0  0.5  1        5  0  0.5  1        5  0  -0.5  1        4  1  -0.5  2            -296.9943    -296.9943    -119.1299    -119.1299    -114.9877    -114.9877    -101.8076    -101.8076    -100.8975    -100.8975    -99.88651    -99.88651    -99.82013    -99.82013    -99.81657    -99.81657    -99.80945    -99.80945    -99.79881    -99.79881    -99.78468    -99.78468    -99.75821    -99.75821    -99.75395    -99.75395    -99.61524    -99.61524    -99.58879    -99.58879

65     717.4883     183.1461     -2191.819     297.7469     -36.31629     -1.61094     -1031.365          -733.6178  -2917.203       1  0  -0.5  1        1  0  0.5  1        2  0  0.5  1        2  0  -0.5  1        2  1  0.5  3        2  1  -0.5  3        3  0  0.5  1        3  0  -0.5  1        3  1  0.5  3        3  1  -0.5  3        4  0  -0.5  1        4  0  0.5  1        4  1  0.5  3        4  1  -0.5  1            -295.8066    -295.8066    -118.0904    -118.0904    -113.9322    -113.9322    -101.1495    -101.1495    -100.3201    -100.3201    -100.2682    -100.2682    -100.2647    -100.2647    -100.2577    -100.2577    -100.2472    -100.2472    -100.2333    -100.2333    -100.05    -100.05    -100.0402    -100.0402    -100.0266    -100.0266    -100.0088    -100.0088    -99.94801    -99.94801

66     710.4521     190.9008     -2126.818     281.4953     -32.92856     -1.509122     -978.4072          -696.9119  -2914.136       1  0  0.5  1        1  0  -0.5  1        2  0  0.5  1        2  0  -0.5  1        2  1  0.5  3        2  1  -0.5  3        3  0  0.5  1        3  0  -0.5  1        4  0  -0.5  1        4  0  0.5  1        3  1  0.5  3        3  1  -0.5  3        3  2  0.5  4            -295.5141    -295.5141    -117.8093    -117.8093    -113.6497    -113.6497    -100.9693    -100.9693    -100.3095    -100.3095    -100.3061    -100.3061    -100.2992    -100.2992    -100.2888    -100.2888    -100.275    -100.275    -100.1945    -100.1945    -100.0872    -100.0872    -100.0674    -100.0674    -100.0531    -100.0531    -100.0354    -100.0354    -99.99041    -99.99041

67     719.6804     182.7094     -2207.46     295.2197     -38.87489     -1.751245     -1050.476          -755.2568  -2931.388       1  0  -0.5  1        1  0  0.5  1        2  0  0.5  1        2  0  -0.5  1        2  1  0.5  3        2  1  -0.5  3        3  0  0.5  1        3  0  -0.5  1        3  1  -0.5  3        3  1  0.5  3        4  0  0.5  1        4  0  -0.5  1        3  2  0.5  4            -297.0142    -297.0142    -119.1489    -119.1489    -115.0067    -115.0067    -101.8625    -101.8625    -100.9641    -100.9641    -100.016    -100.016    -99.87002    -99.87002    -99.86227    -99.86227    -99.7544    -99.7544    -99.75096    -99.75096    -99.74408    -99.74408    -99.73378    -99.73378    -99.72009    -99.72009    -99.61828    -99.61828    -99.56187    -99.56187

68     704.0721     168.8674     -2049.425     260.0476     -32.89523     -1.420757     -950.7535          -690.7058  -2909.469       1  0  0.5  1        1  0  -0.5  1        2  0  0.5  1        2  0  -0.5  1        2  1  0.5  3        2  1  -0.5  3        3  0  0.5  1        3  0  -0.5  1        4  0  0.5  1        4  0  -0.5  1        3  1  0.5  3        3  1  -0.5  3        3  2  0.5  4            -295.2584    -295.2584    -117.5381    -117.5381    -113.38    -113.38    -100.7088    -100.7088    -100.1869    -100.1869    -100.1833    -100.1833    -100.176    -100.176    -100.1652    -100.1652    -100.1509    -100.1509    -100.059    -100.059    -100.0427    -100.0427    -100.0092    -100.0092    -99.99266    -99.99266    -99.98031    -99.98031    -99.95074    -99.95074

69     717.687     176.5837     -2187.915     291.5712     -37.93171     -1.711191     -1041.716          -750.1451  -2927.6       1  0  -0.5  1        1  0  0.5  1        2  0  0.5  1        2  0  -0.5  1        2  1  0.5  3        2  1  -0.5  3        3  0  0.5  1        3  0  -0.5  1        3  1  -0.5  3        3  1  0.5  3        4  0  -0.5  1        4  0  0.5  1        4  1  0.5  3        4  1  -0.5  1            -296.8358    -296.8358    -118.9594    -118.9594    -114.8182    -114.8182    -101.6741    -101.6741    -100.78    -100.78    -99.92948    -99.92948    -99.80316    -99.80316    -99.76493    -99.76493    -99.7614    -99.7614    -99.75711    -99.75711    -99.75433    -99.75433    -99.74381    -99.74381    -99.7298    -99.7298    -99.59221    -99.59221    -99.56515    -99.56515

70     704.7054     169.0248     -2054.35     260.4326     -32.9335     -1.382753     -954.5035          -694.0709  -2913.326       1  0  0.5  1        1  0  -0.5  1        2  0  0.5  1        2  0  -0.5  1        2  1  0.5  3        2  1  -0.5  3        3  0  0.5  1        3  0  -0.5  1        4  0  0.5  1        4  0  -0.5  1        3  1  0.5  3        3  1  -0.5  3        3  2  -0.5  4            -295.4736    -295.4736    -117.7461    -117.7461    -113.589    -113.589    -100.8307    -100.8307    -100.3132    -100.3132    -100.3095    -100.3095    -100.3021    -100.3021    -100.291    -100.291    -100.2764    -100.2764    -100.1637    -100.1637    -100.1546    -100.1546    -100.138    -100.138    -100.1163    -100.1163    -100.0787    -100.0787    -100.0491    -100.0491

71     718.6505     175.9169     -2156.664     280.3778     -37.44416     -1.588539     -1020.751          -740.3733  -2929.54       1  0  -0.5  1        1  0  0.5  1        2  0  0.5  1        2  0  -0.5  1        2  1  0.5  3        2  1  -0.5  3        3  0  0.5  1        3  0  -0.5  1        3  1  -0.5  3        3  1  0.5  3        4  0  -0.5  1        4  0  0.5  1        5  0  -0.5  1        5  0  0.5  1        4  1  0.5  2            -296.9646    -296.9646    -119.0884    -119.0884    -114.9474    -114.9474    -101.7621    -101.7621    -100.8553    -100.8553    -99.89171    -99.89171    -99.82942    -99.82942    -99.82585    -99.82585    -99.81873    -99.81873    -99.80807    -99.80807    -99.79391    -99.79391    -99.76555    -99.76555    -99.74626    -99.74626    -99.62586    -99.62586    -99.60093    -99.60093

72     717.2889     182.9788     -2190.372     297.4859     -36.27292     -1.60932     -1030.501          -733.015  -2917.022       1  0  0.5  1        1  0  -0.5  1        2  0  0.5  1        2  0  -0.5  1        2  1  0.5  3        2  1  -0.5  3        3  0  0.5  1        3  0  -0.5  1        3  1  -0.5  3        3  1  0.5  3        4  0  -0.5  1        4  0  0.5  1        4  1  -0.5  3        4  1  0.5  1            -295.8027    -295.8027    -118.0762    -118.0762    -113.9191    -113.9191    -101.127    -101.127    -100.3012    -100.3012    -100.2838    -100.2838    -100.2802    -100.2802    -100.2732    -100.2732    -100.2627    -100.2627    -100.2488    -100.2488    -100.0666    -100.0666    -100.057    -100.057    -100.0434    -100.0434    -100.0255    -100.0255    -99.9643    -99.9643

73     710.2396     190.1193     -2124.738     280.8858     -32.93133     -1.50423     -977.9284          -697.0427  -2914.535       1  0  -0.5  1        1  0  0.5  1        2  0  0.5  1        2  0  -0.5  1        2  1  0.5  3        2  1  -0.5  3        3  0  0.5  1        3  0  -0.5  1        4  0  -0.5  1        4  0  0.5  1        3  1  -0.5  3        3  1  0.5  3        3  2  0.5  4            -295.5268    -295.5268    -117.813    -117.813    -113.6544    -113.6544    -100.9607    -100.9607    -100.3392    -100.3392    -100.3357    -100.3357    -100.3288    -100.3288    -100.3184    -100.3184    -100.3046    -100.3046    -100.1895    -100.1895    -100.1128    -100.1128    -100.0969    -100.0969    -100.0833    -100.0833    -100.0657    -100.0657    -100.017    -100.017

74     719.4922     178.7352     -2205.542     294.6723     -38.14575     -1.748512     -1052.537          -757.8645  -2931.389       1  0  0.5  1        1  0  -0.5  1        2  0  0.5  1        2  0  -0.5  1        2  1  0.5  3        2  1  -0.5  3        3  0  0.5  1        3  0  -0.5  1        3  1  0.5  3        3  1  -0.5  3        4  0  0.5  1        4  0  -0.5  1        4  1  0.5  3        4  1  -0.5  1            -297.0217    -297.0217    -119.1511    -119.1511    -115.0094    -115.0094    -101.8564    -101.8564    -100.958    -100.958    -100.0212    -100.0212    -99.87083    -99.87083    -99.87055    -99.87055    -99.7782    -99.7782    -99.77476    -99.77476    -99.76788    -99.76788    -99.75758    -99.75758    -99.74388    -99.74388    -99.6312    -99.6312    -99.57798    -99.57798

75     708.9323     184.4646     -2106.162     275.4403     -32.9373     -1.460421     -971.7224          -696.2821  -2913.536       1  0  -0.5  1        1  0  0.5  1        2  0  0.5  1        2  0  -0.5  1        2  1  0.5  3        2  1  -0.5  3        3  0  0.5  1        3  0  -0.5  1        4  0  0.5  1        4  0  -0.5  1        3  1  0.5  3        3  1  -0.5  3        3  2  -0.5  4            -295.5213    -295.5213    -117.807    -117.807    -113.6485    -113.6485    -100.9053    -100.9053    -100.2702    -100.2702    -100.2666    -100.2666    -100.2594    -100.2594    -100.2485    -100.2485    -100.2342    -100.2342    -100.1162    -100.1162    -100.1153    -100.1153    -100.0967    -100.0967    -100.0822    -100.0822    -100.0584    -100.0584    -100.0133    -100.0133

76     719.3797     178.2869     -2205.863     295.1328     -38.11033     -1.743041     -1052.917          -757.7839  -2930.367       1  0  0.5  1        1  0  -0.5  1        2  0  0.5  1        2  0  -0.5  1        2  1  0.5  3        2  1  -0.5  3        3  0  0.5  1        3  0  -0.5  1        3  1  -0.5  3        3  1  0.5  3        4  0  -0.5  1        4  0  0.5  1        4  1  -0.5  3        4  1  0.5  1            -297.0026    -297.0026    -119.1343    -119.1343    -114.9925    -114.9925    -101.8165    -101.8165    -100.9101    -100.9101    -99.93222    -99.93222    -99.79521    -99.79521    -99.79204    -99.79204    -99.77821    -99.77821    -99.77467    -99.77467    -99.76763    -99.76763    -99.75709    -99.75709    -99.74308    -99.74308    -99.60727    -99.60727    -99.55896    -99.55896

77     704.8188     168.951     -2054.226     260.0339     -32.93978     -1.384918     -954.7467          -694.7128  -2914.201       1  0  -0.5  1        1  0  0.5  1        2  0  0.5  1        2  0  -0.5  1        2  1  0.5  3        2  1  -0.5  3        3  0  0.5  1        3  0  -0.5  1        4  0  -0.5  1        4  0  0.5  1        3  1  -0.5  3        3  1  0.5  3        3  2  0.5  4            -295.5179    -295.5179    -117.8084    -117.8084    -113.6494    -113.6494    -100.8935    -100.8935    -100.3276    -100.3276    -100.3239    -100.3239    -100.3165    -100.3165    -100.3055    -100.3055    -100.2909    -100.2909    -100.1709    -100.1709    -100.1625    -100.1625    -100.1469    -100.1469    -100.1259    -100.1259    -100.0909    -100.0909    -100.0537    -100.0537

78     719.1616     176.3587     -2158.601     280.5789     -37.48977     -1.592484     -1021.584          -741.0052  -2930.222       1  0  0.5  1        1  0  -0.5  1        2  0  0.5  1        2  0  -0.5  1        2  1  0.5  3        2  1  -0.5  3        3  0  0.5  1        3  0  -0.5  1        3  1  0.5  3        3  1  -0.5  3        4  0  0.5  1        4  0  -0.5  1        5  0  -0.5  1        5  0  0.5  1        4  1  -0.5  2            -296.9943    -296.9943    -119.1299    -119.1299    -114.9877    -114.9877    -101.8076    -101.8076    -100.8975    -100.8975    -99.88651    -99.88651    -99.82013    -99.82013    -99.81657    -99.81657    -99.80945    -99.80945    -99.79881    -99.79881    -99.78468    -99.78468    -99.75821    -99.75821    -99.75395    -99.75395    -99.61525    -99.61525    -99.58879    -99.58879

79     717.4883     183.1461     -2191.819     297.7469     -36.31629     -1.61094     -1031.365          -733.6178  -2917.203       1  0  -0.5  1        1  0  0.5  1        2  0  0.5  1        2  0  -0.5  1        2  1  0.5  3        2  1  -0.5  3        3  0  0.5  1        3  0  -0.5  1        3  1  0.5  3        3  1  -0.5  3        4  0  0.5  1        4  0  -0.5  1        4  1  0.5  3        4  1  -0.5  1            -295.8066    -295.8066    -118.0904    -118.0904    -113.9322    -113.9322    -101.1495    -101.1495    -100.3201    -100.3201    -100.2682    -100.2682    -100.2647    -100.2647    -100.2577    -100.2577    -100.2472    -100.2472    -100.2333    -100.2333    -100.05    -100.05    -100.0402    -100.0402    -100.0266    -100.0266    -100.0088    -100.0088    -99.94801    -99.94801

80     710.4521     190.9008     -2126.818     281.4953     -32.92856     -1.509122     -978.4072          -696.9119  -2914.136       1  0  0.5  1        1  0  -0.5  1        2  0  0.5  1        2  0  -0.5  1        2  1  0.5  3        2  1  -0.5  3        3  0  0.5  1        3  0  -0.5  1        4  0  0.5  1        4  0  -0.5  1        3  1  0.5  3        3  1  -0.5  3        3  2  -0.5  4            -295.5141    -295.5141    -117.8093    -117.8093    -113.6497    -113.6497    -100.9693    -100.9693    -100.3095    -100.3095    -100.3061    -100.3061    -100.2992    -100.2992    -100.2888    -100.2888    -100.275    -100.275    -100.1945    -100.1945    -100.0872    -100.0872    -100.0674    -100.0674    -100.0531    -100.0531    -100.0354    -100.0354    -99.99041    -99.99041

81     719.6804     182.7094     -2207.46     295.2197     -38.87489     -1.751245     -1050.476          -755.2568  -2931.388       1  0  -0.5  1        1  0  0.5  1        2  0  0.5  1        2  0  -0.5  1        2  1  0.5  3        2  1  -0.5  3        3  0  0.5  1        3  0  -0.5  1        3  1  -0.5  3        3  1  0.5  3        4  0  -0.5  1        4  0  0.5  1        3  2  -0.5  4            -297.0142    -297.0142    -119.1489    -119.1489    -115.0067    -115.0067    -101.8625    -101.8625    -100.9641    -100.9641    -100.016    -100.016    -99.87002    -99.87002    -99.86227    -99.86227    -99.7544    -99.7544    -99.75096    -99.75096    -99.74408    -99.74408    -99.73378    -99.73378    -99.72009    -99.72009    -99.61828    -99.61828    -99.56187    -99.56187

82     704.0721     168.8674     -2049.425     260.0476     -32.89523     -1.420757     -950.7535          -690.7058  -2909.469       1  0  0.5  1        1  0  -0.5  1        2  0  0.5  1        2  0  -0.5  1        2  1  0.5  3        2  1  -0.5  3        3  0  0.5  1        3  0  -0.5  1        4  0  -0.5  1        4  0  0.5  1        3  1  0.5  3        3  1  -0.5  3        3  2  -0.5  4            -295.2584    -295.2584    -117.5381    -117.5381    -113.38    -113.38    -100.7088    -100.7088    -100.1869    -100.1869    -100.1833    -100.1833    -100.176    -100.176    -100.1652    -100.1652    -100.1509    -100.1509    -100.059    -100.059    -100.0427    -100.0427    -100.0092    -100.0092    -99.99266    -99.99266    -99.98031    -99.98031    -99.95074    -99.95074

83     717.687     176.5837     -2187.915     291.5712     -37.93171     -1.711191     -1041.716          -750.1451  -2927.6       1  0  -0.5  1        1  0  0.5  1        2  0  0.5  1        2  0  -0.5  1        2  1  0.5  3        2  1  -0.5  3        3  0  0.5  1        3  0  -0.5  1        3  1  -0.5  3        3  1  0.5  3        4  0  0.5  1        4  0  -0.5  1        4  1  0.5  3        4  1  -0.5  1            -296.8358    -296.8358    -118.9594    -118.9594    -114.8182    -114.8182    -101.6741    -101.6741    -100.78    -100.78    -99.92948    -99.92948    -99.80316    -99.80316    -99.76493    -99.76493    -99.7614    -99.7614    -99.75711    -99.75711    -99.75433    -99.75433    -99.74381    -99.74381    -99.7298    -99.7298    -99.59221    -99.59221    -99.56515    -99.56515

84     704.7054     169.0248     -2054.35     260.4326     -32.9335     -1.382753     -954.5035          -694.0709  -2913.326       1  0  0.5  1        1  0  -0.5  1        2  0  0.5  1        2  0  -0.5  1        2  1  0.5  3        2  1  -0.5  3        3  0  0.5  1        3  0  -0.5  1        4  0  -0.5  1        4  0  0.5  1        3  1  0.5  3        3  1  -0.5  3        3  2  0.5  4            -295.4736    -295.4736    -117.7461    -117.7461    -113.589    -113.589    -100.8307    -100.8307    -100.3132    -100.3132    -100.3095    -100.3095    -100.3021    -100.3021    -100.291    -100.291    -100.2764    -100.2764    -100.1637    -100.1637    -100.1546    -100.1546    -100.138    -100.138    -100.1163    -100.1163    -100.0787    -100.0787    -100.0491    -100.0491

85     718.6505     175.9169     -2156.664     280.3778     -37.44416     -1.588539     -1020.751          -740.3733  -2929.54       1  0  -0.5  1        1  0  0.5  1        2  0  0.5  1        2  0  -0.5  1        2  1  0.5  3        2  1  -0.5  3        3  0  0.5  1        3  0  -0.5  1        3  1  -0.5  3        3  1  0.5  3        4  0  0.5  1        4  0  -0.5  1        5  0  0.5  1        5  0  -0.5  1        4  1  0.5  2            -296.9646    -296.9646    -119.0884    -119.0884    -114.9474    -114.9474    -101.7621    -101.7621    -100.8553    -100.8553    -99.89171    -99.89171    -99.82942    -99.82942    -99.82585    -99.82585    -99.81873    -99.81873    -99.80807    -99.80807    -99.79391    -99.79391    -99.76555    -99.76555    -99.74626    -99.74626    -99.62586    -99.62586    -99.60093    -99.60093

86     717.2889     182.9788     -2190.372     297.4859     -36.27292     -1.60932     -1030.501          -733.015  -2917.022       1  0  0.5  1        1  0  -0.5  1        2  0  0.5  1        2  0  -0.5  1        2  1  0.5  3        2  1  -0.5  3        3  0  0.5  1        3  0  -0.5  1        3  1  -0.5  3        3  1  0.5  3        4  0  0.5  1        4  0  -0.5  1        4  1  -0.5  3        4  1  0.5  1            -295.8027    -295.8027    -118.0762    -118.0762    -113.9191    -113.9191    -101.127    -101.127    -100.3012    -100.3012    -100.2838    -100.2838    -100.2802    -100.2802    -100.2732    -100.2732    -100.2627    -100.2627    -100.2488    -100.2488    -100.0666    -100.0666    -100.057    -100.057    -100.0434    -100.0434    -100.0255    -100.0255    -99.9643    -99.9643

87     710.2396     190.1193     -2124.738     280.8858     -32.93133     -1.50423     -977.9284          -697.0427  -2914.535       1  0  -0.5  1        1  0  0.5  1        2  0  0.5  1        2  0  -0.5  1        2  1  0.5  3        2  1  -0.5  3        3  0  0.5  1        3  0  -0.5  1        4  0  0.5  1        4  0  -0.5  1        3  1  -0.5  3        3  1  0.5  3        3  2  -0.5  4            -295.5268    -295.5268    -117.813    -117.813    -113.6544    -113.6544    -100.9607    -100.9607    -100.3392    -100.3392    -100.3357    -100.3357    -100.3288    -100.3288    -100.3184    -100.3184    -100.3046    -100.3046    -100.1895    -100.1895    -100.1128    -100.1128    -100.0969    -100.0969    -100.0833    -100.0833    -100.0657    -100.0657    -100.017    -100.017

88     719.4922     178.7352     -2205.542     294.6723     -38.14575     -1.748512     -1052.537          -757.8645  -2931.389       1  0  0.5  1        1  0  -0.5  1        2  0  0.5  1        2  0  -0.5  1        2  1  0.5  3        2  1  -0.5  3        3  0  0.5  1        3  0  -0.5  1        3  1  0.5  3        3  1  -0.5  3        4  0  -0.5  1        4  0  0.5  1        4  1  0.5  3        4  1  -0.5  1            -297.0217    -297.0217    -119.1511    -119.1511    -115.0094    -115.0094    -101.8564    -101.8564    -100.958    -100.958    -100.0212    -100.0212    -99.87083    -99.87083    -99.87055    -99.87055    -99.7782    -99.7782    -99.77476    -99.77476    -99.76788    -99.76788    -99.75758    -99.75758    -99.74388    -99.74388    -99.6312    -99.6312    -99.57798    -99.57798

89     708.9323     184.4646     -2106.162     275.4403     -32.9373     -1.460421     -971.7224          -696.2821  -2913.536       1  0  -0.5  1        1  0  0.5  1        2  0  0.5  1        2  0  -0.5  1        2  1  0.5  3        2  1  -0.5  3        3  0  0.5  1        3  0  -0.5  1        4  0  -0.5  1        4  0  0.5  1        3  1  0.5  3        3  1  -0.5  3        3  2  0.5  4            -295.5213    -295.5213    -117.807    -117.807    -113.6485    -113.6485    -100.9053    -100.9053    -100.2702    -100.2702    -100.2666    -100.2666    -100.2594    -100.2594    -100.2485    -100.2485    -100.2342    -100.2342    -100.1162    -100.1162    -100.1153    -100.1153    -100.0967    -100.0967    -100.0822    -100.0822    -100.0584    -100.0584    -100.0133    -100.0133

90     719.3797     178.2869     -2205.863     295.1328     -38.11033     -1.743041     -1052.917          -757.7839  -2930.367       1  0  0.5  1        1  0  -0.5  1        2  0  0.5  1        2  0  -0.5  1        2  1  0.5  3        2  1  -0.5  3        3  0  0.5  1        3  0  -0.5  1        3  1  -0.5  3        3  1  0.5  3        4  0  0.5  1        4  0  -0.5  1        4  1  -0.5  3        4  1  0.5  1            -297.0026    -297.0026    -119.1343    -119.1343    -114.9925    -114.9925    -101.8165    -101.8165    -100.9101    -100.9101    -99.93222    -99.93222    -99.79521    -99.79521    -99.79204    -99.79204    -99.77821    -99.77821    -99.77467    -99.77467    -99.76763    -99.76763    -99.75709    -99.75709    -99.74308    -99.74308    -99.60727    -99.60727    -99.55896    -99.55896

91     704.8188     168.951     -2054.226     260.0339     -32.93978     -1.384918     -954.7467          -694.7128  -2914.201       1  0  -0.5  1        1  0  0.5  1        2  0  0.5  1        2  0  -0.5  1        2  1  0.5  3        2  1  -0.5  3        3  0  0.5  1        3  0  -0.5  1        4  0  0.5  1        4  0  -0.5  1        3  1  -0.5  3        3  1  0.5  3        3  2  -0.5  4            -295.5179    -295.5179    -117.8084    -117.8084    -113.6494    -113.6494    -100.8935    -100.8935    -100.3276    -100.3276    -100.3239    -100.3239    -100.3165    -100.3165    -100.3055    -100.3055    -100.2909    -100.2909    -100.1709    -100.1709    -100.1625    -100.1625    -100.1469    -100.1469    -100.1259    -100.1259    -100.0909    -100.0909    -100.0537    -100.0537

92     719.1616     176.3587     -2158.601     280.5789     -37.48977     -1.592484     -1021.584          -741.0052  -2930.222       1  0  0.5  1        1  0  -0.5  1        2  0  0.5  1        2  0  -0.5  1        2  1  0.5  3        2  1  -0.5  3        3  0  0.5  1        3  0  -0.5  1        3  1  0.5  3        3  1  -0.5  3        4  0  -0.5  1        4  0  0.5  1        5  0  0.5  1        5  0  -0.5  1        4  1  -0.5  2            -296.9943    -296.9943    -119.1299    -119.1299    -114.9877    -114.9877    -101.8076    -101.8076    -100.8975    -100.8975    -99.88651    -99.88651    -99.82013    -99.82013    -99.81657    -99.81657    -99.80945    -99.80945    -99.79881    -99.79881    -99.78468    -99.78468    -99.75821    -99.75821    -99.75395    -99.75395    -99.61525    -99.61525    -99.58879    -99.58879

93     717.4883     183.1461     -2191.819     297.7469     -36.31629     -1.61094     -1031.365          -733.6178  -2917.203       1  0  -0.5  1        1  0  0.5  1        2  0  0.5  1        2  0  -0.5  1        2  1  0.5  3        2  1  -0.5  3        3  0  0.5  1        3  0  -0.5  1        3  1  0.5  3        3  1  -0.5  3        4  0  -0.5  1        4  0  0.5  1        4  1  0.5  3        4  1  -0.5  1            -295.8066    -295.8066    -118.0904    -118.0904    -113.9322    -113.9322    -101.1495    -101.1495    -100.3201    -100.3201    -100.2682    -100.2682    -100.2647    -100.2647    -100.2577    -100.2577    -100.2472    -100.2472    -100.2333    -100.2333    -100.05    -100.05    -100.0402    -100.0402    -100.0266    -100.0266    -100.0088    -100.0088    -99.94801    -99.94801

94     710.4521     190.9008     -2126.818     281.4953     -32.92856     -1.509122     -978.4072          -696.9119  -2914.136       1  0  0.5  1        1  0  -0.5  1        2  0  0.5  1        2  0  -0.5  1        2  1  0.5  3        2  1  -0.5  3        3  0  0.5  1        3  0  -0.5  1        4  0  -0.5  1        4  0  0.5  1        3  1  0.5  3        3  1  -0.5  3        3  2  0.5  4            -295.5141    -295.5141    -117.8093    -117.8093    -113.6497    -113.6497    -100.9693    -100.9693    -100.3095    -100.3095    -100.3061    -100.3061    -100.2992    -100.2992    -100.2888    -100.2888    -100.275    -100.275    -100.1945    -100.1945    -100.0872    -100.0872    -100.0674    -100.0674    -100.0531    -100.0531    -100.0354    -100.0354    -99.99041    -99.99041

95     719.6804     182.7094     -2207.46     295.2197     -38.87489     -1.751245     -1050.476          -755.2568  -2931.388       1  0  -0.5  1        1  0  0.5  1        2  0  0.5  1        2  0  -0.5  1        2  1  0.5  3        2  1  -0.5  3        3  0  0.5  1        3  0  -0.5  1        3  1  -0.5  3        3  1  0.5  3        4  0  0.5  1        4  0  -0.5  1        3  2  0.5  4            -297.0142    -297.0142    -119.1489    -119.1489    -115.0067    -115.0067    -101.8625    -101.8625    -100.9641    -100.9641    -100.016    -100.016    -99.87002    -99.87002    -99.86227    -99.86227    -99.7544    -99.7544    -99.75096    -99.75096    -99.74408    -99.74408    -99.73378    -99.73378    -99.72009    -99.72009    -99.61828    -99.61828    -99.56187    -99.56187

96     704.0721     168.8674     -2049.425     260.0476     -32.89523     -1.420757     -950.7535          -690.7058  -2909.469       1  0  0.5  1        1  0  -0.5  1        2  0  0.5  1        2  0  -0.5  1        2  1  0.5  3        2  1  -0.5  3        3  0  0.5  1        3  0  -0.5  1        4  0  0.5  1        4  0  -0.5  1        3  1  0.5  3        3  1  -0.5  3        3  2  0.5  4            -295.2584    -295.2584    -117.5381    -117.5381    -113.38    -113.38    -100.7088    -100.7088    -100.1869    -100.1869    -100.1833    -100.1833    -100.176    -100.176    -100.1652    -100.1652    -100.1509    -100.1509    -100.059    -100.059    -100.0427    -100.0427    -100.0092    -100.0092    -99.99266    -99.99266    -99.98031    -99.98031    -99.95074    -99.95074

97     717.687     176.5837     -2187.915     291.5712     -37.93171     -1.711191     -1041.716          -750.1451  -2927.6       1  0  -0.5  1        1  0  0.5  1        2  0  0.5  1        2  0  -0.5  1        2  1  0.5  3        2  1  -0.5  3        3  0  0.5  1        3  0  -0.5  1        3  1  -0.5  3        3  1  0.5  3        4  0  -0.5  1        4  0  0.5  1        4  1  0.5  3        4  1  -0.5  1            -296.8358    -296.8358    -118.9594    -118.9594    -114.8182    -114.8182    -101.6741    -101.6741    -100.78    -100.78    -99.92948    -99.92948    -99.80316    -99.80316    -99.76493    -99.76493    -99.7614    -99.7614    -99.75711    -99.75711    -99.75433    -99.75433    -99.74381    -99.74381    -99.7298    -99.7298    -99.59221    -99.59221    -99.56515    -99.56515

98     704.7054     169.0248     -2054.35     260.4326     -32.9335     -1.382753     -954.5035          -694.0709  -2913.326       1  0  0.5  1        1  0  -0.5  1        2  0  0.5  1        2  0  -0.5  1        2  1  0.5  3        2  1  -0.5  3        3  0  0.5  1        3  0  -0.5  1        4  0  0.5  1        4  0  -0.5  1        3  1  0.5  3        3  1  -0.5  3        3  2  -0.5  4            -295.4736    -295.4736    -117.7461    -117.7461    -113.589    -113.589    -100.8307    -100.8307    -100.3132    -100.3132    -100.3095    -100.3095    -100.3021    -100.3021    -100.291    -100.291    -100.2764    -100.2764    -100.1637    -100.1637    -100.1546    -100.1546    -100.138    -100.138    -100.1163    -100.1163    -100.0787    -100.0787    -100.0491    -100.0491

99     718.6505     175.9169     -2156.664     280.3778     -37.44416     -1.588539     -1020.751          -740.3733  -2929.54       1  0  -0.5  1        1  0  0.5  1        2  0  0.5  1        2  0  -0.5  1        2  1  0.5  3        2  1  -0.5  3        3  0  0.5  1        3  0  -0.5  1        3  1  -0.5  3        3  1  0.5  3        4  0  -0.5  1        4  0  0.5  1        5  0  -0.5  1        5  0  0.5  1        4  1  0.5  2            -296.9646    -296.9646    -119.0884    -119.0884    -114.9474    -114.9474    -101.7621    -101.7621    -100.8553    -100.8553    -99.89171    -99.89171    -99.82942    -99.82942    -99.82585    -99.82585    -99.81873    -99.81873    -99.80807    -99.80807    -99.79391    -99.79391    -99.76555    -99.76555    -99.74626    -99.74626    -99.62586    -99.62586    -99.60093    -99.60093

100     717.2889     182.9788     -2190.372     297.4859     -36.27292     -1.60932     -1030.501          -733.015  -2917.022       1  0  0.5  1        1  0  -0.5  1        2  0  0.5  1        2  0  -0.5  1        2  1  0.5  3        2  1  -0.5  3        3  0  0.5  1        3  0  -0.5  1        3  1  -0.5  3        3  1  0.5  3        4  0  -0.5  1        4  0  0.5  1        4  1  -0.5  3        4  1  0.5  1            -295.8027    -295.8027    -118.0762    -118.0762    -113.9191    -113.9191    -101.127    -101.127    -100.3012    -100.3012    -100.2838    -100.2838    -100.2802    -100.2802    -100.2732    -100.2732    -100.2627    -100.2627    -100.2488    -100.2488    -100.0666    -100.0666    -100.057    -100.057    -100.0434    -100.0434    -100.0255    -100.0255    -99.9643    -99.9643

101     710.2396     190.1193     -2124.738     280.8858     -32.93133     -1.50423     -977.9284          -697.0427  -2914.535       1  0  -0.5  1        1  0  0.5  1        2  0  0.5  1        2  0  -0.5  1        2  1  0.5  3        2  1  -0.5  3        3  0  0.5  1        3  0  -0.5  1        4  0  -0.5  1        4  0  0.5  1        3  1  -0.5  3        3  1  0.5  3        3  2  0.5  4            -295.5268    -295.5268    -117.813    -117.813    -113.6544    -113.6544    -100.9607    -100.9607    -100.3392    -100.3392    -100.3357    -100.3357    -100.3288    -100.3288    -100.3184    -100.3184    -100.3046    -100.3046    -100.1895    -100.1895    -100.1128    -100.1128    -100.0969    -100.0969    -100.0833    -100.0833    -100.0657    -100.0657    -100.017    -100.017

