4.26803e-06	1.73031e-09
8.53606e-06	6.92123e-09
1.28041e-05	1.55726e-08
1.70721e-05	2.76843e-08
2.13402e-05	4.3256e-08
2.56082e-05	6.22874e-08
2.98762e-05	8.4778e-08
3.41443e-05	1.10727e-07
3.84123e-05	1.40135e-07
4.26803e-05	1.73e-07
4.69484e-05	2.09323e-07
5.12164e-05	2.49101e-07
5.54844e-05	2.92335e-07
5.97525e-05	3.39024e-07
6.40205e-05	3.89166e-07
6.82885e-05	4.42762e-07
7.25566e-05	4.99809e-07
7.68246e-05	5.60308e-07
8.10926e-05	6.24257e-07
8.53606e-05	6.91656e-07
8.96287e-05	7.62504e-07
9.38967e-05	8.36799e-07
9.81647e-05	9.14541e-07
0.000102433	9.9573e-07
0.000106701	1.08037e-06
0.000110969	1.16844e-06
0.000115237	1.25997e-06
0.000119505	1.35494e-06
0.000123773	1.45335e-06
0.000128041	1.5552e-06
0.000132309	1.66049e-06
0.000136577	1.76923e-06
0.000140845	1.8814e-06
0.000145113	1.99702e-06
0.000149381	2.11607e-06
0.000153649	2.23856e-06
0.000157917	2.36449e-06
0.000162185	2.49385e-06
0.000166453	2.62665e-06
0.000170721	2.76288e-06
0.000174989	2.90255e-06
0.000179257	3.04565e-06
0.000183525	3.19219e-06
0.000187793	3.34215e-06
0.000192061	3.49555e-06
0.000196329	3.65238e-06
0.000200598	3.81264e-06
0.000204866	3.97632e-06
0.000209134	4.14344e-06
0.000213402	4.31398e-06
0.00021767	4.48795e-06
0.000221938	4.66535e-06
0.000226206	4.84617e-06
0.000230474	5.03041e-06
0.000234742	5.21808e-06
0.00023901	5.40918e-06
0.000243278	5.60369e-06
0.000247546	5.80163e-06
0.000251814	6.00299e-06
0.000256082	6.20777e-06
0.00026035	6.41597e-06
0.000264618	6.62759e-06
0.000268886	6.84262e-06
0.000273154	7.06108e-06
0.000277422	7.28295e-06
0.00028169	7.50823e-06
0.000285958	7.73693e-06
0.000290226	7.96905e-06
0.000294494	8.20458e-06
0.000298762	8.44352e-06
0.00030303	8.68588e-06
0.000307263	8.92961e-06
0.000311555	9.18016e-06
0.000315907	9.43774e-06
0.00032032	9.70254e-06
0.000324794	9.97475e-06
0.000329331	1.02546e-05
0.000333931	1.05423e-05
0.000338596	1.0838e-05
0.000343325	1.1142e-05
0.000348121	1.14546e-05
0.000352984	1.17759e-05
0.000357914	1.21062e-05
0.000362914	1.24457e-05
0.000367983	1.27948e-05
0.000373123	1.31536e-05
0.000378335	1.35225e-05
0.00038362	1.39017e-05
0.000388979	1.42915e-05
0.000394412	1.46922e-05
0.000399921	1.51042e-05
0.000405508	1.55277e-05
0.000411172	1.5963e-05
0.000416915	1.64105e-05
0.000422739	1.68705e-05
0.000428644	1.73434e-05
0.000434632	1.78296e-05
0.000440703	1.83293e-05
0.000446859	1.88431e-05
0.0004531	1.93712e-05
0.00045943	1.9914e-05
0.000465847	2.04721e-05
0.000472354	2.10457e-05
0.000478952	2.16355e-05
0.000485642	2.22416e-05
0.000492426	2.28648e-05
0.000499305	2.35053e-05
0.000506279	2.41638e-05
0.000513351	2.48407e-05
0.000520522	2.55365e-05
0.000527793	2.62517e-05
0.000535165	2.6987e-05
0.00054264	2.77427e-05
0.00055022	2.85196e-05
0.000557906	2.93182e-05
0.000565699	3.01391e-05
0.000573601	3.0983e-05
0.000581613	3.18504e-05
0.000589737	3.2742e-05
0.000597975	3.36585e-05
0.000606328	3.46006e-05
0.000614797	3.5569e-05
0.000623385	3.65645e-05
0.000632093	3.75877e-05
0.000640922	3.86395e-05
0.000649875	3.97206e-05
0.000658953	4.08319e-05
0.000668157	4.19742e-05
0.00067749	4.31484e-05
0.000686954	4.43553e-05
0.000696549	4.55959e-05
0.000706279	4.68711e-05
0.000716145	4.81818e-05
0.000726148	4.95291e-05
0.000736291	5.09139e-05
0.000746576	5.23374e-05
0.000757004	5.38005e-05
0.000767579	5.53043e-05
0.0007783	5.68501e-05
0.000789172	5.84389e-05
0.000800196	6.0072e-05
0.000811373	6.17505e-05
0.000822707	6.34758e-05
0.000834199	6.52492e-05
0.000845851	6.70719e-05
0.000857666	6.89453e-05
0.000869646	7.08708e-05
0.000881794	7.285e-05
0.000894111	7.48842e-05
0.000906601	7.69749e-05
0.000919264	7.91239e-05
0.000932105	8.13325e-05
0.000945125	8.36026e-05
0.000958327	8.59358e-05
0.000971713	8.83338e-05
0.000985287	9.07985e-05
0.00099905	9.33316e-05
0.001013	9.59351e-05
0.00102715	9.8611e-05
0.0010415	0.000101361
0.00105605	0.000104188
0.0010708	0.000107092
0.00108576	0.000110078
0.00110093	0.000113146
0.0011163	0.0001163
0.0011319	0.000119541
0.00114771	0.000122872
0.00116374	0.000126295
0.00118	0.000129813
0.00119648	0.000133429
0.00121319	0.000137145
0.00123014	0.000140963
0.00124732	0.000144888
0.00126474	0.000148921
0.00128241	0.000153066
0.00130032	0.000157325
0.00131849	0.000161703
0.0013369	0.000166201
0.00135558	0.000170824
0.00137451	0.000175575
0.00139371	0.000180457
0.00141318	0.000185474
0.00143292	0.00019063
0.00145294	0.000195928
0.00147323	0.000201372
0.00149381	0.000206967
0.00151468	0.000212716
0.00153583	0.000218624
0.00155729	0.000224694
0.00157904	0.000230933
0.0016011	0.000237343
0.00162346	0.00024393
0.00164614	0.000250698
0.00166913	0.000257653
0.00169245	0.000264799
0.00171609	0.000272142
0.00174006	0.000279688
0.00176437	0.000287441
0.00178901	0.000295407
0.001814	0.000303592
0.00183934	0.000312002
0.00186503	0.000320643
0.00189108	0.000329522
0.0019175	0.000338644
0.00194428	0.000348017
0.00197144	0.000357647
0.00199898	0.000367542
0.0020269	0.000377707
0.00205522	0.000388152
0.00208392	0.000398882
0.00211303	0.000409907
0.00214255	0.000421233
0.00217248	0.000432869
0.00220282	0.000444824
0.00223359	0.000457105
0.00226479	0.000469723
0.00229643	0.000482685
0.00232851	0.000496001
0.00236103	0.000509681
0.00239401	0.000523734
0.00242745	0.000538171
0.00246136	0.000553001
0.00249574	0.000568236
0.0025306	0.000583886
0.00256595	0.000599961
0.00260179	0.000616475
0.00263814	0.000633437
0.00267499	0.000650861
0.00271235	0.000668759
0.00275024	0.000687143
0.00278866	0.000706026
0.00282761	0.000725421
0.00286711	0.000745343
0.00290715	0.000765805
0.00294776	0.000786821
0.00298894	0.000808406
0.00303069	0.000830576
0.00307302	0.000853345
0.00311595	0.00087673
0.00315947	0.000900747
0.00320361	0.000925413
0.00324836	0.000950744
0.00329373	0.000976759
0.00333974	0.00100348
0.00338639	0.00103091
0.00343369	0.00105909
0.00348165	0.00108802
0.00353029	0.00111773
0.0035796	0.00114824
0.0036296	0.00117957
0.0036803	0.00121174
0.00373171	0.00124477
0.00378384	0.00127869
0.00383669	0.00131351
0.00389028	0.00134927
0.00394462	0.00138598
0.00399972	0.00142368
0.00405559	0.00146238
0.00411224	0.00150212
0.00416969	0.00154291
0.00422793	0.00158479
0.00428699	0.00162779
0.00434687	0.00167193
0.00440759	0.00171724
0.00446916	0.00176376
0.00453158	0.00181151
0.00459488	0.00186053
0.00465906	0.00191084
0.00472414	0.00196249
0.00479013	0.0020155
0.00485704	0.00206992
0.00492489	0.00212577
0.00499368	0.00218309
0.00506344	0.00224192
0.00513416	0.0023023
0.00520588	0.00236427
0.0052786	0.00242787
0.00535233	0.00249313
0.0054271	0.00256011
0.0055029	0.00262884
0.00557977	0.00269937
0.00565771	0.00277174
0.00573674	0.002846
0.00581687	0.0029222
0.00589813	0.00300038
0.00598051	0.00308059
0.00606405	0.00316289
0.00614876	0.00324733
0.00623465	0.00333396
0.00632173	0.00342282
0.00641004	0.00351399
0.00649958	0.00360751
0.00659037	0.00370345
0.00668242	0.00380185
0.00677577	0.00390279
0.00687041	0.00400632
0.00696638	0.00411251
0.00706369	0.00422142
0.00716236	0.00433312
0.00726241	0.00444767
0.00736385	0.00456514
0.00746671	0.00468561
0.00757101	0.00480914
0.00767676	0.00493581
0.007784	0.00506569
0.00789273	0.00519886
0.00800298	0.0053354
0.00811477	0.00547539
0.00822812	0.0056189
0.00834305	0.00576602
0.00845959	0.00591684
0.00857776	0.00607145
0.00869757	0.00622992
0.00881906	0.00639235
0.00894225	0.00655883
0.00906716	0.00672946
0.00919382	0.00690433
0.00932224	0.00708353
0.00945246	0.00726717
0.00958449	0.00745535
0.00971837	0.00764817
0.00985412	0.00784573
0.00999177	0.00804815
0.0101313	0.00825552
0.0102729	0.00846797
0.0104164	0.0086856
0.0105619	0.00890852
0.0107094	0.00913686
0.010859	0.00937074
0.0110107	0.00961027
0.0111645	0.00985558
0.0113204	0.0101068
0.0114785	0.010364
0.0116389	0.0106274
0.0118015	0.0108971
0.0119663	0.0111732
0.0121335	0.0114559
0.0123029	0.0117453
0.0124748	0.0120415
0.012649	0.0123447
0.0128257	0.012655
0.0130049	0.0129726
0.0131865	0.0132977
0.0133707	0.0136302
0.0135575	0.0139706
0.0137469	0.0143188
0.0139389	0.014675
0.0141336	0.0150394
0.014331	0.0154122
0.0145312	0.0157935
0.0147342	0.0161835
0.01494	0.0165823
0.0151487	0.0169902
0.0153603	0.0174072
0.0155749	0.0178336
0.0157924	0.0182696
0.016013	0.0187153
0.0162367	0.0191708
0.0164635	0.0196365
0.0166935	0.0201124
0.0169266	0.0205987
0.0171631	0.0210957
0.0174028	0.0216034
0.0176459	0.0221222
0.0178924	0.0226522
0.0181423	0.0231935
0.0183957	0.0237463
0.0186527	0.024311
0.0189133	0.0248876
0.0191774	0.0254763
0.0194453	0.0260773
0.0197169	0.0266909
0.0199924	0.0273172
0.0202716	0.0279564
0.0205548	0.0286087
0.0208419	0.0292742
0.021133	0.0299533
0.0214282	0.0306461
0.0217275	0.0313527
0.022031	0.0320734
0.0223388	0.0328084
0.0226508	0.0335578
0.0229672	0.0343218
0.023288	0.0351007
0.0236133	0.0358945
0.0239432	0.0367035
0.0242776	0.0375279
0.0246167	0.0383677
0.0249606	0.0392233
0.0253092	0.0400948
0.0256628	0.0409822
0.0260212	0.0418859
0.0263847	0.0428059
0.0267533	0.0437424
0.027127	0.0446955
0.0275059	0.0456654
0.0278901	0.0466522
0.0282797	0.0476561
0.0286747	0.0486771
0.0290753	0.0497154
0.0294814	0.050771
0.0298932	0.0518442
0.0303108	0.0529348
0.0307342	0.0540432
0.0311635	0.0551692
0.0315988	0.056313
0.0320401	0.0574746
0.0324877	0.0586541
0.0329415	0.0598514
0.0334016	0.0610666
0.0338682	0.0622998
0.0343413	0.0635507
0.034821	0.0648196
0.0353074	0.0661063
0.0358006	0.0674107
0.0363006	0.0687327
0.0368077	0.0700724
0.0373219	0.0714295
0.0378432	0.072804
0.0383718	0.0741957
0.0389078	0.0756044
0.0394513	0.07703
0.0400023	0.0784722
0.0405611	0.0799308
0.0411277	0.0814056
0.0417022	0.0828963
0.0422847	0.0844025
0.0428753	0.085924
0.0434742	0.0874605
0.0440815	0.0890114
0.0446973	0.0905765
0.0453216	0.0921553
0.0459547	0.0937473
0.0465966	0.095352
0.0472475	0.0969689
0.0479074	0.0985975
0.0485766	0.100237
0.0492552	0.101887
0.0499432	0.103547
0.0506408	0.105216
0.0513482	0.106893
0.0520654	0.108578
0.0527927	0.11027
0.0535301	0.111968
0.0542779	0.11367
0.0550361	0.115377
0.0558048	0.117087
0.0565843	0.1188
0.0573747	0.120513
0.0581762	0.122226
0.0589888	0.123939
0.0598128	0.125649
0.0606483	0.127355
0.0614954	0.129057
0.0623544	0.130753
0.0632254	0.132441
0.0641086	0.13412
0.0650041	0.135789
0.0659121	0.137446
0.0668327	0.13909
0.0677663	0.140719
0.0687129	0.142332
0.0696727	0.143926
0.0706459	0.145499
0.0716327	0.147051
0.0726333	0.14858
0.0736479	0.150082
0.0746766	0.151558
0.0757197	0.153003
0.0767774	0.154417
0.0778499	0.155798
0.0789373	0.157142
0.08004	0.158449
0.081158	0.159715
0.0822916	0.160939
0.0834411	0.162119
0.0846067	0.163251
0.0857885	0.164333
0.0869868	0.165364
0.0882019	0.16634
0.0894339	0.16726
0.0906832	0.16812
0.0919499	0.168918
0.0932343	0.169651
0.0945366	0.170317
0.0958571	0.170914
0.0971961	0.171437
0.0985538	0.171886
0.0999304	0.172257
0.101326	0.172547
0.102742	0.172754
0.104177	0.172874
0.105632	0.172906
0.107108	0.172846
0.108604	0.172692
0.110121	0.172441
0.111659	0.17209
0.113219	0.171637
0.1148	0.171079
0.116404	0.170413
0.11803	0.169637
0.119678	0.168748
0.12135	0.167743
0.123045	0.166621
0.124764	0.165378
0.126507	0.164013
0.128274	0.162522
0.130065	0.160905
0.131882	0.159158
0.133724	0.157279
0.135592	0.155267
0.137486	0.15312
0.139407	0.150836
0.141354	0.148413
0.143329	0.145849
0.145331	0.143144
0.147361	0.140296
0.149419	0.137303
0.151506	0.134165
0.153623	0.130881
0.155768	0.12745
0.157944	0.123872
0.160151	0.120146
0.162388	0.116272
0.164656	0.112249
0.166956	0.108079
0.169288	0.103761
0.171653	0.0992968
0.17405	0.0946859
0.176482	0.08993
0.178947	0.08503
0.181446	0.0799876
0.183981	0.0748044
0.186551	0.0694822
0.189157	0.0640234
0.191799	0.0584303
0.194478	0.0527056
0.197195	0.0468523
0.199949	0.0408735
0.202742	0.0347726
0.205574	0.0285536
0.208446	0.0222203
0.211357	0.015777
0.214309	0.00922839
0.217303	0.0025792
0.220338	-0.00416544
0.223416	-0.0110001
0.226537	-0.0179192
0.229701	-0.0249167
0.23291	-0.0319863
0.236163	-0.0391217
0.239462	-0.0463161
0.242807	-0.0535623
0.246199	-0.0608532
0.249638	-0.0681812
0.253125	-0.0755385
0.25666	-0.0829171
0.260246	-0.0903086
0.263881	-0.0977046
0.267567	-0.105096
0.271304	-0.112475
0.275094	-0.119831
0.278937	-0.127156
0.282833	-0.13444
0.286784	-0.141672
0.29079	-0.148845
0.294851	-0.155946
0.29897	-0.162967
0.303146	-0.169897
0.307381	-0.176726
0.311674	-0.183443
0.316028	-0.190039
0.320442	-0.196502
0.324918	-0.202822
0.329457	-0.208988
0.334059	-0.21499
0.338725	-0.220818
0.343457	-0.226461
0.348254	-0.231908
0.353119	-0.23715
0.358051	-0.242176
0.363053	-0.246976
0.368124	-0.25154
0.373266	-0.255859
0.37848	-0.259923
0.383767	-0.263722
0.389127	-0.267247
0.394563	-0.27049
0.400074	-0.273443
0.405663	-0.276095
0.411329	-0.278441
0.417075	-0.280472
0.422901	-0.28218
0.428808	-0.283559
0.434798	-0.284603
0.440871	-0.285304
0.44703	-0.285657
0.453274	-0.285658
0.459605	-0.2853
0.466025	-0.28458
0.472535	-0.283494
0.479135	-0.282037
0.485828	-0.280207
0.492615	-0.278002
0.499496	-0.275419
0.506473	-0.272456
0.513547	-0.269112
0.520721	-0.265388
0.527994	-0.261282
0.53537	-0.256795
0.542848	-0.251928
0.550431	-0.246682
0.558119	-0.24106
0.565915	-0.235063
0.57382	-0.228695
0.581836	-0.221959
0.589963	-0.214858
0.598204	-0.207398
0.60656	-0.199582
0.615033	-0.191417
0.623624	-0.182907
0.632335	-0.17406
0.641167	-0.164881
0.650123	-0.155377
0.659205	-0.145557
0.668413	-0.135428
0.677749	-0.124998
0.687216	-0.114277
0.696816	-0.103272
0.706549	-0.0919928
0.716419	-0.0804501
0.726426	-0.0686535
0.736573	-0.0566133
0.746862	-0.0443403
0.757294	-0.0318454
0.767872	-0.0191399
0.778598	-0.00623541
0.789474	0.00685635
0.800502	0.0201233
0.811683	0.0335533
0.823021	0.0471337
0.834518	0.060852
0.846175	0.0746952
0.857994	0.0886505
0.869979	0.102705
0.882131	0.116844
0.894453	0.131056
0.906947	0.145327
0.919616	0.159643
0.932462	0.17399
0.945487	0.188356
0.958694	0.202726
0.972085	0.217086
0.985664	0.231423
0.999432	0.245724
1.01339	0.259974
1.02755	0.274161
1.0419	0.28827
1.05645	0.302289
1.07121	0.316204
1.08617	0.330002
1.10135	0.34367
1.11673	0.357196
1.13233	0.370566
1.14815	0.383769
1.16418	0.396793
1.18045	0.409624
1.19694	0.422252
1.21365	0.434665
1.23061	0.446852
1.2478	0.458802
1.26523	0.470504
1.2829	0.481947
1.30082	0.493122
1.31899	0.504019
1.33741	0.514628
1.3561	0.524941
1.37504	0.534947
1.39425	0.54464
1.41372	0.554011
1.43347	0.563052
1.45349	0.571755
1.4738	0.580114
1.49438	0.588123
1.51526	0.595775
1.53642	0.603064
1.55788	0.609985
1.57964	0.616533
1.60171	0.622704
1.62408	0.628493
1.64677	0.633898
1.66977	0.638914
1.6931	0.64354
1.71675	0.647774
1.74073	0.651613
1.76504	0.655056
1.7897	0.658102
1.81469	0.660752
1.84004	0.663005
1.86575	0.664863
1.89181	0.666325
1.91823	0.667395
1.94503	0.668073
1.9722	0.668363
1.99975	0.668267
2.02768	0.667789
2.056	0.666932
2.08472	0.665702
2.11384	0.664102
2.14337	0.662137
2.17331	0.659814
2.20367	0.657137
2.23445	0.654114
2.26566	0.65075
2.29731	0.647053
2.3294	0.64303
2.36193	0.638689
2.39493	0.634036
2.42838	0.629081
2.4623	0.623832
2.4967	0.618297
2.53157	0.612486
2.56693	0.606406
2.60279	0.600069
2.63914	0.593482
2.67601	0.586657
2.71339	0.579601
2.75129	0.572327
2.78972	0.564843
2.82869	0.557159
2.8682	0.549287
2.90827	0.541235
2.94889	0.533016
2.99008	0.524638
3.03185	0.516113
3.0742	0.507452
3.11714	0.498664
3.16068	0.489759
3.20483	0.48075
3.2496	0.471645
3.29499	0.462456
3.34102	0.453192
3.38768	0.443865
3.43501	0.434483
3.48299	0.425057
3.53164	0.415598
3.58097	0.406114
3.63099	0.396616
3.68171	0.387113
3.73314	0.377615
3.78528	0.36813
3.83816	0.358668
3.89177	0.349237
3.94613	0.339847
4.00125	0.330505
4.05715	0.321221
4.11382	0.312001
4.17128	0.302853
4.22955	0.293786
4.28863	0.284807
4.34853	0.275921
4.40927	0.267137
4.47087	0.258461
4.53332	0.249898
4.59664	0.241455
4.66085	0.233137
4.72595	0.22495
4.79197	0.216898
4.8589	0.208986
4.92677	0.201219
4.99559	0.193601
5.06537	0.186135
5.13613	0.178825
5.20787	0.171673
5.28062	0.164683
5.35438	0.157858
5.42917	0.151198
5.50501	0.144707
5.58191	0.138385
5.65988	0.132234
5.73893	0.126255
5.8191	0.120447
5.90038	0.114813
5.9828	0.109351
6.06637	0.104061
6.15111	0.098943
6.23703	0.0939958
6.32415	0.0892184
6.41249	0.0846095
6.50206	0.0801674
6.59289	0.0758903
6.68498	0.0717763
6.77836	0.067823
6.87304	0.0640281
6.96905	0.0603888
7.06639	0.0569025
7.1651	0.053566
7.26518	0.0503764
7.36667	0.0473304
7.46957	0.0444246
7.57391	0.0416554
7.6797	0.0390194
7.78697	0.0365129
7.89575	0.0341321
8.00604	0.0318732
8.11787	0.0297324
8.23126	0.0277058
8.34624	0.0257895
8.46282	0.0239796
8.58104	0.0222721
8.7009	0.0206631
8.82244	0.0191487
8.94567	0.0177251
9.07063	0.0163885
9.19733	0.015135
9.32581	0.0139609
9.45607	0.0128625
9.58816	0.0118363
9.72209	0.0108786
9.85789	0.00998615
9.99559	0.00915546
10.1352	0.00838328
10.2768	0.00766644
10.4203	0.00700185
10.5659	0.00638651
10.7135	0.00581756
10.8631	0.00529221
11.0149	0.00480779
11.1687	0.00436173
11.3247	0.00395157
11.4829	0.00357496
11.6433	0.00322965
11.806	0.0029135
11.9709	0.00262447
12.1381	0.00236064
12.3076	0.00212016
12.4796	0.00190129
12.6539	0.00170241
12.8306	0.00152197
13.0099	0.00135852
13.1916	0.00121068
13.3759	0.00107719
13.5627	0.000956846
13.7521	0.00084853
13.9442	0.000751203
14.139	0.000663894
14.3365	0.000585705
14.5368	0.0005158
14.7398	0.000453409
14.9457	0.000397817
15.1545	0.000348369
15.3662	0.000304458
15.5808	0.000265531
15.7985	0.000231076
16.0191	0.000200628
16.2429	0.00017376
16.4698	0.000150082
16.6998	0.000129239
16.9331	0.000110907
17.1696	9.47898e-05
17.4095	8.06188e-05
17.6527	6.8148e-05
17.8992	5.71521e-05
18.1493	4.74242e-05
18.4028	3.87728e-05
18.6598	3.10194e-05
18.9205	2.39956e-05
19.1848	1.75398e-05
19.4528	1.14944e-05
19.7245	5.7017e-06
