4.26803e-06	8.17836e-31
8.53606e-06	1.79924e-29
1.28041e-05	1.25128e-28
1.70721e-05	5.10325e-28
2.13402e-05	1.53342e-27
2.56082e-05	3.78322e-27
2.98762e-05	8.13474e-27
3.41443e-05	1.58064e-26
3.84123e-05	2.84173e-26
4.26803e-05	4.80443e-26
4.69484e-05	7.72793e-26
5.12164e-05	1.19286e-25
5.54844e-05	1.77859e-25
5.97525e-05	2.57477e-25
6.40205e-05	3.63364e-25
6.82885e-05	5.01544e-25
7.25566e-05	6.789e-25
7.68246e-05	9.03228e-25
8.10926e-05	1.1833e-24
8.53606e-05	1.52891e-24
8.96287e-05	1.95094e-24
9.38967e-05	2.46142e-24
9.81647e-05	3.07359e-24
0.000102433	3.80192e-24
0.000106701	4.66222e-24
0.000110969	5.67166e-24
0.000115237	6.84883e-24
0.000119505	8.21383e-24
0.000123773	9.78829e-24
0.000128041	1.15954e-23
0.000132309	1.36601e-23
0.000136577	1.6009e-23
0.000140845	1.86704e-23
0.000145113	2.16745e-23
0.000149381	2.50535e-23
0.000153649	2.88413e-23
0.000157917	3.30739e-23
0.000162185	3.77895e-23
0.000166453	4.30282e-23
0.000170721	4.88323e-23
0.000174989	5.52466e-23
0.000179257	6.23177e-23
0.000183525	7.0095e-23
0.000187793	7.863e-23
0.000192061	8.79769e-23
0.000196329	9.8192e-23
0.000200598	1.09335e-22
0.000204866	1.21467e-22
0.000209134	1.34652e-22
0.000213402	1.48959e-22
0.00021767	1.64456e-22
0.000221938	1.81217e-22
0.000226206	1.99317e-22
0.000230474	2.18836e-22
0.000234742	2.39854e-22
0.00023901	2.62457e-22
0.000243278	2.86732e-22
0.000247546	3.12771e-22
0.000251814	3.40668e-22
0.000256082	3.7052e-22
0.00026035	4.02429e-22
0.000264618	4.365e-22
0.000268886	4.72839e-22
0.000273154	5.1156e-22
0.000277422	5.52775e-22
0.00028169	5.96605e-22
0.000285958	6.43172e-22
0.000290226	6.92601e-22
0.000294494	7.45024e-22
0.000298762	8.00573e-22
0.00030303	8.59386e-22
0.000307263	9.21079e-22
0.000311555	9.872e-22
0.000315907	1.05807e-21
0.00032032	1.13402e-21
0.000324794	1.21542e-21
0.000329331	1.30267e-21
0.000333931	1.39617e-21
0.000338596	1.49639e-21
0.000343325	1.6038e-21
0.000348121	1.71892e-21
0.000352984	1.84231e-21
0.000357914	1.97454e-21
0.000362914	2.11627e-21
0.000367983	2.26817e-21
0.000373123	2.43097e-21
0.000378335	2.60545e-21
0.00038362	2.79246e-21
0.000388979	2.99288e-21
0.000394412	3.20769e-21
0.000399921	3.43792e-21
0.000405508	3.68466e-21
0.000411172	3.94912e-21
0.000416915	4.23255e-21
0.000422739	4.53632e-21
0.000428644	4.86189e-21
0.000434632	5.21083e-21
0.000440703	5.5848e-21
0.000446859	5.98561e-21
0.0004531	6.41518e-21
0.00045943	6.87558e-21
0.000465847	7.36901e-21
0.000472354	7.89785e-21
0.000478952	8.46464e-21
0.000485642	9.07209e-21
0.000492426	9.72314e-21
0.000499305	1.04209e-20
0.000506279	1.11687e-20
0.000513351	1.19702e-20
0.000520522	1.28292e-20
0.000527793	1.37498e-20
0.000535165	1.47365e-20
0.00054264	1.5794e-20
0.00055022	1.69273e-20
0.000557906	1.81419e-20
0.000565699	1.94437e-20
0.000573601	2.08389e-20
0.000581613	2.23342e-20
0.000589737	2.39368e-20
0.000597975	2.56543e-20
0.000606328	2.74951e-20
0.000614797	2.94679e-20
0.000623385	3.15822e-20
0.000632093	3.38483e-20
0.000640922	3.62768e-20
0.000649875	3.88796e-20
0.000658953	4.16691e-20
0.000668157	4.46587e-20
0.00067749	4.78628e-20
0.000686954	5.12967e-20
0.000696549	5.49769e-20
0.000706279	5.89211e-20
0.000716145	6.31482e-20
0.000726148	6.76785e-20
0.000736291	7.25337e-20
0.000746576	7.77372e-20
0.000757004	8.33138e-20
0.000767579	8.92905e-20
0.0007783	9.56958e-20
0.000789172	1.0256e-19
0.000800196	1.09918e-19
0.000811373	1.17802e-19
0.000822707	1.26252e-19
0.000834199	1.35308e-19
0.000845851	1.45014e-19
0.000857666	1.55415e-19
0.000869646	1.66563e-19
0.000881794	1.7851e-19
0.000894111	1.91313e-19
0.000906601	2.05035e-19
0.000919264	2.1974e-19
0.000932105	2.355e-19
0.000945125	2.5239e-19
0.000958327	2.70491e-19
0.000971713	2.8989e-19
0.000985287	3.10679e-19
0.00099905	3.3296e-19
0.001013	3.56837e-19
0.00102715	3.82426e-19
0.0010415	4.0985e-19
0.00105605	4.3924e-19
0.0010708	4.70737e-19
0.00108576	5.04491e-19
0.00110093	5.40665e-19
0.0011163	5.79433e-19
0.0011319	6.20979e-19
0.00114771	6.65503e-19
0.00116374	7.13218e-19
0.00118	7.64354e-19
0.00119648	8.19154e-19
0.00121319	8.77882e-19
0.00123014	9.40819e-19
0.00124732	1.00827e-18
0.00126474	1.08055e-18
0.00128241	1.15801e-18
0.00130032	1.24102e-18
0.00131849	1.32998e-18
0.0013369	1.42532e-18
0.00135558	1.52748e-18
0.00137451	1.63697e-18
0.00139371	1.7543e-18
0.00141318	1.88004e-18
0.00143292	2.01479e-18
0.00145294	2.15919e-18
0.00147323	2.31393e-18
0.00149381	2.47976e-18
0.00151468	2.65747e-18
0.00153583	2.84791e-18
0.00155729	3.052e-18
0.00157904	3.2707e-18
0.0016011	3.50506e-18
0.00162346	3.75621e-18
0.00164614	4.02535e-18
0.00166913	4.31377e-18
0.00169245	4.62283e-18
0.00171609	4.95404e-18
0.00174006	5.30896e-18
0.00176437	5.68929e-18
0.00178901	6.09686e-18
0.001814	6.53361e-18
0.00183934	7.00164e-18
0.00186503	7.50317e-18
0.00189108	8.04061e-18
0.0019175	8.61652e-18
0.00194428	9.23366e-18
0.00197144	9.89498e-18
0.00199898	1.06036e-17
0.0020269	1.1363e-17
0.00205522	1.21767e-17
0.00208392	1.30487e-17
0.00211303	1.39831e-17
0.00214255	1.49843e-17
0.00217248	1.60572e-17
0.00220282	1.72069e-17
0.00223359	1.84388e-17
0.00226479	1.97589e-17
0.00229643	2.11734e-17
0.00232851	2.26892e-17
0.00236103	2.43133e-17
0.00239401	2.60537e-17
0.00242745	2.79185e-17
0.00246136	2.99167e-17
0.00249574	3.20578e-17
0.0025306	3.43521e-17
0.00256595	3.68105e-17
0.00260179	3.94446e-17
0.00263814	4.22671e-17
0.00267499	4.52915e-17
0.00271235	4.8532e-17
0.00275024	5.20043e-17
0.00278866	5.57248e-17
0.00282761	5.97112e-17
0.00286711	6.39827e-17
0.00290715	6.85594e-17
0.00294776	7.34632e-17
0.00298894	7.87175e-17
0.00303069	8.43473e-17
0.00307302	9.03794e-17
0.00311595	9.68425e-17
0.00315947	1.03767e-16
0.00320361	1.11187e-16
0.00324836	1.19137e-16
0.00329373	1.27654e-16
0.00333974	1.3678e-16
0.00338639	1.46558e-16
0.00343369	1.57034e-16
0.00348165	1.68258e-16
0.00353029	1.80283e-16
0.0035796	1.93168e-16
0.0036296	2.06972e-16
0.0036803	2.21761e-16
0.00373171	2.37607e-16
0.00378384	2.54583e-16
0.00383669	2.72771e-16
0.00389028	2.92257e-16
0.00394462	3.13133e-16
0.00399972	3.35499e-16
0.00405559	3.59461e-16
0.00411224	3.85132e-16
0.00416969	4.12635e-16
0.00422793	4.42099e-16
0.00428699	4.73664e-16
0.00434687	5.07481e-16
0.00440759	5.43709e-16
0.00446916	5.8252e-16
0.00453158	6.24098e-16
0.00459488	6.6864e-16
0.00465906	7.16357e-16
0.00472414	7.67475e-16
0.00479013	8.22235e-16
0.00485704	8.80898e-16
0.00492489	9.4374e-16
0.00499368	1.01106e-15
0.00506344	1.08317e-15
0.00513416	1.16043e-15
0.00520588	1.24318e-15
0.0052786	1.33182e-15
0.00535233	1.42678e-15
0.0054271	1.5285e-15
0.0055029	1.63746e-15
0.00557977	1.75417e-15
0.00565771	1.87919e-15
0.00573674	2.01311e-15
0.00581687	2.15655e-15
0.00589813	2.3102e-15
0.00598051	2.47478e-15
0.00606405	2.65106e-15
0.00614876	2.83988e-15
0.00623465	3.04213e-15
0.00632173	3.25875e-15
0.00641004	3.49077e-15
0.00649958	3.73928e-15
0.00659037	4.00546e-15
0.00668242	4.29054e-15
0.00677577	4.59588e-15
0.00687041	4.92291e-15
0.00696638	5.27316e-15
0.00706369	5.64829e-15
0.00716236	6.05005e-15
0.00726241	6.48033e-15
0.00736385	6.94115e-15
0.00746671	7.43467e-15
0.00757101	7.96321e-15
0.00767676	8.52925e-15
0.007784	9.13544e-15
0.00789273	9.78462e-15
0.00800298	1.04798e-14
0.00811477	1.12243e-14
0.00822812	1.20216e-14
0.00834305	1.28754e-14
0.00845959	1.37897e-14
0.00857776	1.47687e-14
0.00869757	1.58171e-14
0.00881906	1.69397e-14
0.00894225	1.81419e-14
0.00906716	1.94291e-14
0.00919382	2.08074e-14
0.00932224	2.22833e-14
0.00945246	2.38636e-14
0.00958449	2.55557e-14
0.00971837	2.73674e-14
0.00985412	2.93073e-14
0.00999177	3.13842e-14
0.0101313	3.3608e-14
0.0102729	3.59889e-14
0.0104164	3.8538e-14
0.0105619	4.12672e-14
0.0107094	4.4189e-14
0.010859	4.73172e-14
0.0110107	5.06661e-14
0.0111645	5.42514e-14
0.0113204	5.80896e-14
0.0114785	6.21985e-14
0.0116389	6.65971e-14
0.0118015	7.13059e-14
0.0119663	7.63465e-14
0.0121335	8.17423e-14
0.0123029	8.75182e-14
0.0124748	9.37008e-14
0.012649	1.00319e-13
0.0128257	1.07403e-13
0.0130049	1.14985e-13
0.0131865	1.23101e-13
0.0133707	1.31787e-13
0.0135575	1.41084e-13
0.0137469	1.51035e-13
0.0139389	1.61685e-13
0.0141336	1.73083e-13
0.014331	1.85282e-13
0.0145312	1.98337e-13
0.0147342	2.12309e-13
0.01494	2.27261e-13
0.0151487	2.43261e-13
0.0153603	2.60384e-13
0.0155749	2.78707e-13
0.0157924	2.98314e-13
0.016013	3.19295e-13
0.0162367	3.41745e-13
0.0164635	3.65766e-13
0.0166935	3.91469e-13
0.0169266	4.1897e-13
0.0171631	4.48394e-13
0.0174028	4.79876e-13
0.0176459	5.13558e-13
0.0178924	5.49592e-13
0.0181423	5.88144e-13
0.0183957	6.29386e-13
0.0186527	6.73507e-13
0.0189133	7.20706e-13
0.0191774	7.71196e-13
0.0194453	8.25205e-13
0.0197169	8.82977e-13
0.0199924	9.44774e-13
0.0202716	1.01087e-12
0.0205548	1.08157e-12
0.0208419	1.15719e-12
0.021133	1.23806e-12
0.0214282	1.32456e-12
0.0217275	1.41707e-12
0.022031	1.516e-12
0.0223388	1.62179e-12
0.0226508	1.73493e-12
0.0229672	1.85592e-12
0.023288	1.98529e-12
0.0236133	2.12362e-12
0.0239432	2.27154e-12
0.0242776	2.4297e-12
0.0246167	2.5988e-12
0.0249606	2.77959e-12
0.0253092	2.97289e-12
0.0256628	3.17953e-12
0.0260212	3.40045e-12
0.0263847	3.63662e-12
0.0267533	3.88907e-12
0.027127	4.15894e-12
0.0275059	4.4474e-12
0.0278901	4.75573e-12
0.0282797	5.08529e-12
0.0286747	5.43752e-12
0.0290753	5.81397e-12
0.0294814	6.21629e-12
0.0298932	6.64625e-12
0.0303108	7.10573e-12
0.0307342	7.59673e-12
0.0311635	8.12139e-12
0.0315988	8.68201e-12
0.0320401	9.28103e-12
0.0324877	9.92105e-12
0.0329415	1.06048e-11
0.0334016	1.13354e-11
0.0338682	1.21158e-11
0.0343413	1.29496e-11
0.034821	1.38402e-11
0.0353074	1.47916e-11
0.0358006	1.58077e-11
0.0363006	1.68931e-11
0.0368077	1.80524e-11
0.0373219	1.92905e-11
0.0378432	2.06127e-11
0.0383718	2.20247e-11
0.0389078	2.35325e-11
0.0394513	2.51426e-11
0.0400023	2.68619e-11
0.0405611	2.86975e-11
0.0411277	3.06574e-11
0.0417022	3.27498e-11
0.0422847	3.49835e-11
0.0428753	3.73681e-11
0.0434742	3.99136e-11
0.0440815	4.26306e-11
0.0446973	4.55307e-11
0.0453216	4.8626e-11
0.0459547	5.19295e-11
0.0465966	5.54549e-11
0.0472475	5.92171e-11
0.0479074	6.32317e-11
0.0485766	6.75154e-11
0.0492552	7.2086e-11
0.0499432	7.69624e-11
0.0506408	8.21649e-11
0.0513482	8.7715e-11
0.0520654	9.36355e-11
0.0527927	9.99509e-11
0.0535301	1.06687e-10
0.0542779	1.13872e-10
0.0550361	1.21534e-10
0.0558048	1.29705e-10
0.0565843	1.38419e-10
0.0573747	1.47711e-10
0.0581762	1.57619e-10
0.0589888	1.68182e-10
0.0598128	1.79444e-10
0.0606483	1.9145e-10
0.0614954	2.04248e-10
0.0623544	2.1789e-10
0.0632254	2.32431e-10
0.0641086	2.47928e-10
0.0650041	2.64444e-10
0.0659121	2.82045e-10
0.0668327	3.008e-10
0.0677663	3.20785e-10
0.0687129	3.42077e-10
0.0696727	3.64761e-10
0.0706459	3.88928e-10
0.0716327	4.1467e-10
0.0726333	4.42091e-10
0.0736479	4.71296e-10
0.0746766	5.02401e-10
0.0757197	5.35526e-10
0.0767774	5.708e-10
0.0778499	6.0836e-10
0.0789373	6.48351e-10
0.08004	6.90927e-10
0.081158	7.36253e-10
0.0822916	7.84502e-10
0.0834411	8.35859e-10
0.0846067	8.9052e-10
0.0857885	9.48695e-10
0.0869868	1.0106e-09
0.0882019	1.07648e-09
0.0894339	1.14657e-09
0.0906832	1.22115e-09
0.0919499	1.30049e-09
0.0932343	1.38488e-09
0.0945366	1.47466e-09
0.0958571	1.57014e-09
0.0971961	1.67169e-09
0.0985538	1.77968e-09
0.0999304	1.89452e-09
0.101326	2.01662e-09
0.102742	2.14644e-09
0.104177	2.28445e-09
0.105632	2.43115e-09
0.107108	2.58709e-09
0.108604	2.75283e-09
0.110121	2.92897e-09
0.111659	3.11615e-09
0.113219	3.31504e-09
0.1148	3.52636e-09
0.116404	3.75087e-09
0.11803	3.98937e-09
0.119678	4.24271e-09
0.12135	4.51179e-09
0.123045	4.79756e-09
0.124764	5.10104e-09
0.126507	5.42329e-09
0.128274	5.76545e-09
0.130065	6.12871e-09
0.131882	6.51435e-09
0.133724	6.92369e-09
0.135592	7.35818e-09
0.137486	7.8193e-09
0.139407	8.30865e-09
0.141354	8.82791e-09
0.143329	9.37886e-09
0.145331	9.96339e-09
0.147361	1.05835e-08
0.149419	1.12412e-08
0.151506	1.19389e-08
0.153623	1.26788e-08
0.155768	1.34634e-08
0.157944	1.42955e-08
0.160151	1.51776e-08
0.162388	1.61129e-08
0.164656	1.71044e-08
0.166956	1.81553e-08
0.169288	1.92692e-08
0.171653	2.04497e-08
0.17405	2.17007e-08
0.176482	2.30263e-08
0.178947	2.44308e-08
0.181446	2.59188e-08
0.183981	2.74951e-08
0.186551	2.91647e-08
0.189157	3.09331e-08
0.191799	3.2806e-08
0.194478	3.47893e-08
0.197195	3.68893e-08
0.199949	3.91128e-08
0.202742	4.14668e-08
0.205574	4.39587e-08
0.208446	4.65964e-08
0.211357	4.93882e-08
0.214309	5.23428e-08
0.217303	5.54695e-08
0.220338	5.87781e-08
0.223416	6.22787e-08
0.226537	6.59824e-08
0.229701	6.99004e-08
0.23291	7.40449e-08
0.236163	7.84286e-08
0.239462	8.30651e-08
0.242807	8.79684e-08
0.246199	9.31535e-08
0.249638	9.86362e-08
0.253125	1.04433e-07
0.25666	1.10562e-07
0.260246	1.17041e-07
0.263881	1.2389e-07
0.267567	1.3113e-07
0.271304	1.38781e-07
0.275094	1.46868e-07
0.278937	1.55415e-07
0.282833	1.64446e-07
0.286784	1.73988e-07
0.29079	1.84071e-07
0.294851	1.94724e-07
0.29897	2.05979e-07
0.303146	2.17868e-07
0.307381	2.30427e-07
0.311674	2.43693e-07
0.316028	2.57705e-07
0.320442	2.72505e-07
0.324918	2.88135e-07
0.329457	3.04642e-07
0.334059	3.22073e-07
0.338725	3.40481e-07
0.343457	3.59918e-07
0.348254	3.80442e-07
0.353119	4.02112e-07
0.358051	4.24992e-07
0.363053	4.49148e-07
0.368124	4.74651e-07
0.373266	5.01576e-07
0.37848	5.3e-07
0.383767	5.60006e-07
0.389127	5.91682e-07
0.394563	6.25121e-07
0.400074	6.60419e-07
0.405663	6.9768e-07
0.411329	7.37013e-07
0.417075	7.78531e-07
0.422901	8.22357e-07
0.428808	8.68619e-07
0.434798	9.17452e-07
0.440871	9.68999e-07
0.44703	1.02341e-06
0.453274	1.08085e-06
0.459605	1.14148e-06
0.466025	1.20548e-06
0.472535	1.27304e-06
0.479135	1.34436e-06
0.485828	1.41966e-06
0.492615	1.49914e-06
0.499496	1.58306e-06
0.506473	1.67165e-06
0.513547	1.76518e-06
0.520721	1.86393e-06
0.527994	1.96819e-06
0.53537	2.07828e-06
0.542848	2.19452e-06
0.550431	2.31727e-06
0.558119	2.44688e-06
0.565915	2.58376e-06
0.57382	2.7283e-06
0.581836	2.88096e-06
0.589963	3.04218e-06
0.598204	3.21246e-06
0.60656	3.39232e-06
0.615033	3.58229e-06
0.623624	3.78296e-06
0.632335	3.99493e-06
0.641167	4.21886e-06
0.650123	4.45543e-06
0.659205	4.70536e-06
0.668413	4.96942e-06
0.677749	5.24842e-06
0.687216	5.54321e-06
0.696816	5.8547e-06
0.706549	6.18386e-06
0.716419	6.53169e-06
0.726426	6.89928e-06
0.736573	7.28776e-06
0.746862	7.69833e-06
0.757294	8.13227e-06
0.767872	8.59093e-06
0.778598	9.07573e-06
0.789474	9.58818e-06
0.800502	1.01299e-05
0.811683	1.07025e-05
0.823021	1.13079e-05
0.834518	1.19479e-05
0.846175	1.26246e-05
0.857994	1.334e-05
0.869979	1.40964e-05
0.882131	1.48962e-05
0.894453	1.57419e-05
0.906947	1.66361e-05
0.919616	1.75818e-05
0.932462	1.85819e-05
0.945487	1.96394e-05
0.958694	2.0758e-05
0.972085	2.19409e-05
0.985664	2.31921e-05
0.999432	2.45154e-05
1.01339	2.59152e-05
1.02755	2.73958e-05
1.0419	2.8962e-05
1.05645	3.06189e-05
1.07121	3.23716e-05
1.08617	3.42259e-05
1.10135	3.61876e-05
1.11673	3.82631e-05
1.13233	4.0459e-05
1.14815	4.27825e-05
1.16418	4.52409e-05
1.18045	4.78423e-05
1.19694	5.05949e-05
1.21365	5.35078e-05
1.23061	5.65903e-05
1.2478	5.98524e-05
1.26523	6.33046e-05
1.2829	6.69582e-05
1.30082	7.08249e-05
1.31899	7.49174e-05
1.33741	7.9249e-05
1.3561	8.38336e-05
1.37504	8.86862e-05
1.39425	9.38226e-05
1.41372	9.92595e-05
1.43347	0.000105015
1.45349	0.000111107
1.4738	0.000117555
1.49438	0.000124382
1.51526	0.000131609
1.53642	0.000139259
1.55788	0.000147358
1.57964	0.000155932
1.60171	0.000165009
1.62408	0.000174619
1.64677	0.000184793
1.66977	0.000195565
1.6931	0.000206969
1.71675	0.000219043
1.74073	0.000231827
1.76504	0.000245363
1.7897	0.000259694
1.81469	0.000274868
1.84004	0.000290935
1.86575	0.000307947
1.89181	0.00032596
1.91823	0.000345034
1.94503	0.000365231
1.9722	0.000386617
1.99975	0.000409262
2.02768	0.000433241
2.056	0.000458633
2.08472	0.000485521
2.11384	0.000513994
2.14337	0.000544144
2.17331	0.000576071
2.20367	0.00060988
2.23445	0.000645682
2.26566	0.000683594
2.29731	0.00072374
2.3294	0.000766252
2.36193	0.000811269
2.39493	0.000858939
2.42838	0.000909417
2.4623	0.000962868
2.4967	0.00101947
2.53157	0.0010794
2.56693	0.00114285
2.60279	0.00121004
2.63914	0.00128118
2.67601	0.00135651
2.71339	0.00143625
2.75129	0.00152068
2.78972	0.00161007
2.82869	0.0017047
2.8682	0.00180487
2.90827	0.00191091
2.94889	0.00202315
2.99008	0.00214196
3.03185	0.0022677
3.0742	0.00240079
3.11714	0.00254163
3.16068	0.00269067
3.20483	0.00284839
3.2496	0.00301527
3.29499	0.00319183
3.34102	0.00337862
3.38768	0.00357623
3.43501	0.00378525
3.48299	0.00400634
3.53164	0.00424017
3.58097	0.00448744
3.63099	0.00474892
3.68171	0.00502538
3.73314	0.00531767
3.78528	0.00562665
3.83816	0.00595324
3.89177	0.00629841
3.94613	0.00666318
4.00125	0.00704862
4.05715	0.00745584
4.11382	0.00788603
4.17128	0.00834042
4.22955	0.00882031
4.28863	0.00932708
4.34853	0.00986214
4.40927	0.010427
4.47087	0.0110232
4.53332	0.0116525
4.59664	0.0123165
4.66085	0.013017
4.72595	0.013756
4.79197	0.0145355
4.8589	0.0153574
4.92677	0.016224
4.99559	0.0171375
5.06537	0.0181003
5.13613	0.0191149
5.20787	0.0201838
5.28062	0.0213096
5.35438	0.0224953
5.42917	0.0237437
5.50501	0.0250578
5.58191	0.0264408
5.65988	0.027896
5.73893	0.0294266
5.8191	0.0310364
5.90038	0.0327288
5.9828	0.0345076
6.06637	0.0363768
6.15111	0.0383404
6.23703	0.0404025
6.32415	0.0425675
6.41249	0.0448396
6.50206	0.0472234
6.59289	0.0497236
6.68498	0.0523448
6.77836	0.055092
6.87304	0.0579699
6.96905	0.0609838
7.06639	0.0641385
7.1651	0.0674393
7.26518	0.0708913
7.36667	0.0744998
7.46957	0.0782698
7.57391	0.0822066
7.6797	0.0863154
7.78697	0.0906011
7.89575	0.0950686
8.00604	0.0997228
8.11787	0.104568
8.23126	0.109609
8.34624	0.11485
8.46282	0.120294
8.58104	0.125944
8.7009	0.131804
8.82244	0.137876
8.94567	0.144161
9.07063	0.150661
9.19733	0.157375
9.32581	0.164303
9.45607	0.171444
9.58816	0.178793
9.72209	0.186348
9.85789	0.194103
9.99559	0.202051
10.1352	0.210184
10.2768	0.218491
10.4203	0.226961
10.5659	0.235579
10.7135	0.244329
10.8631	0.253192
11.0149	0.262146
11.1687	0.271169
11.3247	0.280232
11.4829	0.289307
11.6433	0.29836
11.806	0.307354
11.9709	0.31625
12.1381	0.325005
12.3076	0.333571
12.4796	0.341898
12.6539	0.34993
12.8306	0.35761
13.0099	0.364874
13.1916	0.371657
13.3759	0.377889
13.5627	0.383496
13.7521	0.388401
13.9442	0.392525
14.139	0.395785
14.3365	0.398096
14.5368	0.399371
14.7398	0.399523
14.9457	0.398464
15.1545	0.396105
15.3662	0.392361
15.5808	0.387147
15.7985	0.380383
16.0191	0.371994
16.2429	0.361909
16.4698	0.350069
16.6998	0.336421
16.9331	0.320924
17.1696	0.303552
17.4095	0.284292
17.6527	0.263149
17.8992	0.240148
18.1493	0.215333
18.4028	0.188774
18.6598	0.160564
18.9205	0.130824
19.1848	0.0997022
19.4528	0.067379
19.7245	0.0340643
