3.663e-05	5.98992e-05
7.32601e-05	0.000119786
0.00010989	0.000179659
0.00014652	0.000239519
0.00018315	0.000299366
0.00021978	0.0003592
0.00025641	0.00041902
0.00029304	0.000478828
0.00032967	0.000538622
0.0003663	0.000598404
0.00040293	0.000658172
0.00043956	0.000717926
0.00047619	0.000777668
0.000512821	0.000837397
0.000549451	0.000897112
0.000586081	0.000956815
0.000622711	0.0010165
0.000659341	0.00107618
0.000695971	0.00113584
0.000732601	0.00119549
0.000769231	0.00125513
0.000805861	0.00131475
0.000842491	0.00137436
0.000879121	0.00143396
0.000915751	0.00149355
0.000952381	0.00155312
0.000989011	0.00161267
0.00102564	0.00167222
0.00106227	0.00173175
0.0010989	0.00179127
0.00113553	0.00185077
0.00117216	0.00191027
0.00120879	0.00196975
0.00124542	0.00202921
0.00128205	0.00208867
0.00131868	0.00214811
0.00135531	0.00220753
0.00139194	0.00226695
0.00142857	0.00232635
0.0014652	0.00238574
0.00150183	0.00244511
0.00153846	0.00250447
0.00157509	0.00256382
0.00161172	0.00262316
0.00164835	0.00268248
0.00168498	0.00274179
0.00172161	0.00280108
0.00175824	0.00286037
0.00179487	0.00291964
0.0018315	0.00297889
0.00186813	0.00303814
0.00190476	0.00309737
0.00194139	0.00315658
0.00197802	0.00321579
0.00201465	0.00327498
0.00205128	0.00333416
0.00208791	0.00339332
0.00212454	0.00345248
0.00216117	0.00351162
0.0021978	0.00357074
0.00223443	0.00362986
0.00227106	0.00368896
0.00230769	0.00374804
0.00234432	0.00380712
0.00238095	0.00386618
0.00241758	0.00392523
0.00245421	0.00398426
0.00249084	0.00404328
0.00252747	0.00410229
0.0025641	0.00416129
0.00260073	0.00422027
0.00263736	0.00427924
0.00267399	0.0043382
0.00271062	0.00439714
0.00274725	0.00445607
0.00278388	0.00451499
0.00282051	0.00457389
0.00285714	0.00463279
0.00289377	0.00469167
0.0029304	0.00475053
0.00296703	0.00480938
0.00300366	0.00486822
0.00304029	0.00492705
0.00307692	0.00498586
0.00311355	0.00504466
0.00315018	0.00510345
0.00318681	0.00516223
0.00322344	0.00522099
0.00326007	0.00527974
0.0032967	0.00533847
0.00333333	0.0053972
0.00336978	0.00545561
0.00340662	0.00551465
0.00344387	0.00557432
0.00348152	0.00563463
0.00351959	0.00569559
0.00355807	0.0057572
0.00359698	0.00581947
0.0036363	0.0058824
0.00367606	0.00594601
0.00371626	0.00601029
0.00375689	0.00607527
0.00379797	0.00614093
0.00383949	0.0062073
0.00388147	0.00627438
0.00392391	0.00634218
0.00396681	0.00641069
0.00401019	0.00647994
0.00405403	0.00654993
0.00409836	0.00662066
0.00414317	0.00669215
0.00418847	0.0067644
0.00423426	0.00683742
0.00428056	0.00691122
0.00432736	0.0069858
0.00437468	0.00706118
0.00442251	0.00713736
0.00447086	0.00721435
0.00451975	0.00729216
0.00456916	0.00737079
0.00461912	0.00745027
0.00466963	0.00753058
0.00472068	0.00761175
0.0047723	0.00769379
0.00482448	0.00777669
0.00487723	0.00786047
0.00493055	0.00794514
0.00498446	0.00803071
0.00503896	0.00811719
0.00509405	0.00820458
0.00514975	0.0082929
0.00520606	0.00838216
0.00526298	0.00847235
0.00532052	0.00856351
0.0053787	0.00865563
0.00543751	0.00874872
0.00549696	0.0088428
0.00555706	0.00893787
0.00561782	0.00903394
0.00567924	0.00913103
0.00574134	0.00922915
0.00580411	0.00932829
0.00586757	0.00942849
0.00593173	0.00952974
0.00599658	0.00963206
0.00606215	0.00973546
0.00612843	0.00983994
0.00619544	0.00994553
0.00626318	0.0100522
0.00633166	0.01016
0.00640089	0.010269
0.00647087	0.0103791
0.00654162	0.0104903
0.00661315	0.0106028
0.00668545	0.0107164
0.00675855	0.0108311
0.00683245	0.0109471
0.00690715	0.0110643
0.00698267	0.0111828
0.00705902	0.0113025
0.0071362	0.0114234
0.00721422	0.0115456
0.0072931	0.011669
0.00737284	0.0117938
0.00745346	0.0119199
0.00753495	0.0120472
0.00761734	0.0121759
0.00770062	0.012306
0.00778482	0.0124374
0.00786994	0.0125702
0.00795598	0.0127043
0.00804297	0.0128399
0.00813091	0.0129768
0.00821981	0.0131152
0.00830969	0.013255
0.00840054	0.0133963
0.00849239	0.013539
0.00858525	0.0136832
0.00867911	0.0138289
0.00877401	0.0139761
0.00886994	0.0141249
0.00896692	0.0142752
0.00906497	0.014427
0.00916408	0.0145804
0.00926428	0.0147354
0.00936557	0.0148919
0.00946797	0.0150501
0.00957149	0.0152099
0.00967614	0.0153714
0.00978194	0.0155345
0.00988889	0.0156993
0.00999701	0.0158658
0.0101063	0.016034
0.0102168	0.0162039
0.0103285	0.0163756
0.0104415	0.016549
0.0105556	0.0167242
0.010671	0.0169012
0.0107877	0.01708
0.0109057	0.0172606
0.0110249	0.0174431
0.0111454	0.0176274
0.0112673	0.0178136
0.0113905	0.0180017
0.011515	0.0181917
0.0116409	0.0183837
0.0117682	0.0185775
0.0118969	0.0187734
0.012027	0.0189712
0.0121585	0.0191711
0.0122914	0.0193729
0.0124258	0.0195768
0.0125617	0.0197828
0.012699	0.0199908
0.0128378	0.0202009
0.0129782	0.0204132
0.0131201	0.0206276
0.0132636	0.0208441
0.0134086	0.0210628
0.0135552	0.0212837
0.0137034	0.0215068
0.0138532	0.0217322
0.0140047	0.0219598
0.0141578	0.0221896
0.0143126	0.0224218
0.0144691	0.0226563
0.0146273	0.0228931
0.0147872	0.0231322
0.0149489	0.0233738
0.0151124	0.0236177
0.0152776	0.0238641
0.0154446	0.0241128
0.0156135	0.0243641
0.0157842	0.0246178
0.0159568	0.024874
0.0161313	0.0251328
0.0163076	0.0253941
0.016486	0.025658
0.0166662	0.0259244
0.0168484	0.0261935
0.0170326	0.0264652
0.0172189	0.0267395
0.0174071	0.0270166
0.0175975	0.0272963
0.0177899	0.0275787
0.0179844	0.0278639
0.018181	0.0281519
0.0183798	0.0284427
0.0185808	0.0287362
0.0187839	0.0290326
0.0189893	0.0293319
0.0191969	0.0296341
0.0194068	0.0299391
0.019619	0.0302471
0.0198335	0.030558
0.0200504	0.030872
0.0202696	0.0311889
0.0204912	0.0315088
0.0207153	0.0318318
0.0209418	0.0321579
0.0211707	0.032487
0.0214022	0.0328193
0.0216362	0.0331547
0.0218728	0.0334933
0.0221119	0.0338351
0.0223537	0.0341801
0.0225981	0.0345284
0.0228452	0.0348799
0.023095	0.0352347
0.0233475	0.0355928
0.0236028	0.0359542
0.0238608	0.036319
0.0241217	0.0366872
0.0243855	0.0370588
0.0246521	0.0374339
0.0249216	0.0378124
0.0251941	0.0381944
0.0254696	0.0385799
0.025748	0.0389689
0.0260296	0.0393615
0.0263142	0.0397577
0.0266019	0.0401575
0.0268927	0.0405609
0.0271868	0.0409679
0.027484	0.0413787
0.0277845	0.0417932
0.0280883	0.0422113
0.0283954	0.0426333
0.0287059	0.043059
0.0290198	0.0434885
0.0293371	0.0439219
0.0296578	0.0443591
0.0299821	0.0448001
0.0303099	0.0452451
0.0306413	0.045694
0.0309763	0.0461468
0.031315	0.0466036
0.0316574	0.0470644
0.0320035	0.0475292
0.0323535	0.047998
0.0327072	0.0484709
0.0330648	0.0489479
0.0334263	0.049429
0.0337918	0.0499142
0.0341613	0.0504036
0.0345348	0.0508971
0.0349124	0.0513948
0.0352941	0.0518967
0.03568	0.0524029
0.0360701	0.0529133
0.0364645	0.053428
0.0368632	0.053947
0.0372663	0.0544703
0.0376737	0.0549979
0.0380856	0.0555299
0.038502	0.0560663
0.038923	0.0566071
0.0393486	0.0571522
0.0397788	0.0577018
0.0402137	0.0582559
0.0406534	0.0588144
0.0410979	0.0593774
0.0415473	0.0599449
0.0420015	0.0605169
0.0424608	0.0610934
0.042925	0.0616745
0.0433944	0.0622601
0.0438688	0.0628503
0.0443485	0.0634451
0.0448334	0.0640445
0.0453236	0.0646484
0.0458191	0.0652571
0.0463201	0.0658703
0.0468266	0.0664882
0.0473385	0.0671108
0.0478561	0.067738
0.0483794	0.0683698
0.0489083	0.0690064
0.0494431	0.0696477
0.0499837	0.0702936
0.0505302	0.0709443
0.0510827	0.0715996
0.0516412	0.0722597
0.0522058	0.0729245
0.0527766	0.0735939
0.0533537	0.0742682
0.053937	0.0749471
0.0545268	0.0756307
0.055123	0.0763191
0.0557257	0.0770122
0.0563349	0.07771
0.0569509	0.0784125
0.0575736	0.0791197
0.0582031	0.0798316
0.0588395	0.0805482
0.0594828	0.0812695
0.0601332	0.0819954
0.0607906	0.0827261
0.0614553	0.0834614
0.0621272	0.0842013
0.0628065	0.0849458
0.0634932	0.085695
0.0641875	0.0864487
0.0648893	0.0872071
0.0655987	0.08797
0.066316	0.0887374
0.0670411	0.0895093
0.0677741	0.0902858
0.0685151	0.0910667
0.0692642	0.091852
0.0700215	0.0926418
0.0707871	0.0934359
0.0715611	0.0942344
0.0723435	0.0950372
0.0731345	0.0958443
0.0739342	0.0966557
0.0747425	0.0974712
0.0755597	0.098291
0.0763859	0.0991148
0.0772211	0.0999428
0.0780654	0.100775
0.0789189	0.101611
0.0797818	0.102451
0.0806541	0.103295
0.081536	0.104142
0.0824275	0.104994
0.0833287	0.105849
0.0842398	0.106708
0.0851609	0.10757
0.086092	0.108436
0.0870333	0.109306
0.0879849	0.110179
0.0889469	0.111055
0.0899194	0.111934
0.0909026	0.112817
0.0918965	0.113703
0.0929013	0.114592
0.093917	0.115483
0.0949439	0.116378
0.095982	0.117275
0.0970314	0.118176
0.0980923	0.119078
0.0991648	0.119983
0.100249	0.120891
0.101345	0.121801
0.102453	0.122713
0.103573	0.123627
0.104706	0.124543
0.105851	0.125461
0.107008	0.126381
0.108178	0.127302
0.109361	0.128225
0.110557	0.129149
0.111765	0.130074
0.112987	0.131001
0.114223	0.131928
0.115472	0.132857
0.116734	0.133786
0.118011	0.134715
0.119301	0.135645
0.120605	0.136575
0.121924	0.137505
0.123257	0.138435
0.124605	0.139365
0.125967	0.140295
0.127344	0.141223
0.128737	0.142152
0.130144	0.143079
0.131567	0.144005
0.133006	0.144929
0.13446	0.145853
0.13593	0.146774
0.137416	0.147694
0.138919	0.148611
0.140438	0.149526
0.141973	0.150439
0.143526	0.151349
0.145095	0.152256
0.146681	0.153159
0.148285	0.15406
0.149906	0.154956
0.151545	0.155849
0.153202	0.156738
0.154877	0.157622
0.156571	0.158502
0.158283	0.159377
0.160013	0.160246
0.161763	0.16111
0.163532	0.161969
0.16532	0.162822
0.167127	0.163668
0.168954	0.164508
0.170802	0.165341
0.172669	0.166168
0.174557	0.166986
0.176466	0.167797
0.178395	0.168601
0.180346	0.169395
0.182317	0.170182
0.184311	0.170959
0.186326	0.171727
0.188363	0.172486
0.190423	0.173234
0.192505	0.173973
0.19461	0.174701
0.196737	0.175418
0.198889	0.176124
0.201063	0.176818
0.203262	0.1775
0.205484	0.17817
0.207731	0.178827
0.210002	0.179471
0.212298	0.180102
0.214619	0.180718
0.216966	0.181321
0.219338	0.181909
0.221736	0.182482
0.224161	0.183039
0.226612	0.183581
0.229089	0.184106
0.231594	0.184615
0.234126	0.185107
0.236686	0.185582
0.239274	0.186038
0.24189	0.186476
0.244535	0.186896
0.247209	0.187296
0.249912	0.187677
0.252644	0.188037
0.255406	0.188377
0.258199	0.188697
0.261022	0.188994
0.263876	0.18927
0.266761	0.189524
0.269678	0.189755
0.272626	0.189962
0.275607	0.190146
0.278621	0.190306
0.281667	0.190441
0.284747	0.190551
0.28786	0.190635
0.291007	0.190694
0.294189	0.190725
0.297406	0.19073
0.300657	0.190707
0.303945	0.190656
0.307268	0.190577
0.310628	0.190468
0.314024	0.19033
0.317457	0.190162
0.320928	0.189964
0.324437	0.189734
0.327985	0.189473
0.331571	0.18918
0.335196	0.188855
0.338861	0.188497
0.342566	0.188105
0.346312	0.187679
0.350098	0.187219
0.353926	0.186723
0.357796	0.186192
0.361708	0.185626
0.365662	0.185023
0.369661	0.184382
0.373702	0.183705
0.377788	0.182989
0.381919	0.182235
0.386095	0.181443
0.390316	0.180611
0.394584	0.179738
0.398898	0.178826
0.40326	0.177873
0.407669	0.176878
0.412126	0.175842
0.416632	0.174764
0.421187	0.173643
0.425793	0.172479
0.430448	0.171271
0.435154	0.170019
0.439912	0.168723
0.444722	0.167382
0.449585	0.165996
0.4545	0.164564
0.45947	0.163085
0.464493	0.161561
0.469572	0.159989
0.474706	0.15837
0.479897	0.156703
0.485144	0.154989
0.490448	0.153225
0.49581	0.151414
0.501232	0.149552
0.506712	0.147642
0.512252	0.145681
0.517853	0.143671
0.523515	0.14161
0.529239	0.139498
0.535026	0.137336
0.540875	0.135122
0.546789	0.132856
0.552768	0.130539
0.558811	0.128169
0.564921	0.125748
0.571098	0.123274
0.577342	0.120747
0.583655	0.118167
0.590036	0.115535
0.596488	0.112849
0.603009	0.11011
0.609603	0.107317
0.616268	0.104471
0.623006	0.101572
0.629818	0.0986186
0.636704	0.0956116
0.643666	0.0925508
0.650703	0.0894363
0.657818	0.0862679
0.66501	0.0830458
0.672281	0.07977
0.679632	0.0764405
0.687063	0.0730574
0.694575	0.0696208
0.702169	0.0661308
0.709847	0.0625876
0.717608	0.0589913
0.725454	0.0553421
0.733386	0.0516403
0.741404	0.0478859
0.749511	0.0440794
0.757706	0.0402209
0.76599	0.0363107
0.774365	0.0323493
0.782832	0.0283368
0.791391	0.0242737
0.800044	0.0201604
0.808792	0.0159973
0.817635	0.0117848
0.826575	0.00752336
0.835612	0.00321352
0.844749	-0.00114423
0.853985	-0.00554934
0.863322	-0.0100012
0.872761	-0.0144994
0.882304	-0.0190431
0.891951	-0.0236317
0.901703	-0.0282647
0.911562	-0.0329412
0.921529	-0.0376606
0.931605	-0.042422
0.941791	-0.0472249
0.952088	-0.0520682
0.962498	-0.0569513
0.973021	-0.0618732
0.98366	-0.0668331
0.994415	-0.0718301
1.00529	-0.0768632
1.01628	-0.0819316
1.02739	-0.0870341
1.03862	-0.0921698
1.04998	-0.0973378
1.06146	-0.102537
1.07307	-0.107766
1.0848	-0.113024
1.09666	-0.11831
1.10865	-0.123622
1.12077	-0.12896
1.13303	-0.134323
1.14541	-0.139708
1.15794	-0.145116
1.1706	-0.150543
1.1834	-0.155991
1.19634	-0.161456
1.20942	-0.166938
1.22264	-0.172435
1.23601	-0.177947
1.24952	-0.183471
1.26319	-0.189006
1.277	-0.194551
1.29096	-0.200104
1.30507	-0.205665
1.31934	-0.21123
1.33377	-0.2168
1.34835	-0.222373
1.36309	-0.227946
1.378	-0.233519
1.39306	-0.23909
1.4083	-0.244657
1.42369	-0.250219
1.43926	-0.255774
1.455	-0.26132
1.4709	-0.266857
1.48699	-0.272382
1.50325	-0.277893
1.51968	-0.28339
1.5363	-0.288869
1.5531	-0.294331
1.57008	-0.299772
1.58724	-0.305191
1.6046	-0.310586
1.62214	-0.315956
1.63988	-0.321298
1.65781	-0.326611
1.67593	-0.331893
1.69426	-0.337143
1.71278	-0.342357
1.73151	-0.347534
1.75044	-0.352673
1.76958	-0.357771
1.78893	-0.362827
1.80849	-0.367837
1.82826	-0.372801
1.84825	-0.377716
1.86846	-0.38258
1.88889	-0.387391
1.90954	-0.392147
1.93042	-0.396846
1.95153	-0.401485
1.97286	-0.406062
1.99444	-0.410576
2.01624	-0.415024
2.03829	-0.419403
2.06057	-0.423712
2.0831	-0.427948
2.10588	-0.432109
2.1289	-0.436193
2.15218	-0.440198
2.17571	-0.44412
2.1995	-0.447959
2.22355	-0.451711
2.24786	-0.455375
2.27244	-0.458949
2.29728	-0.462429
2.3224	-0.465814
2.3478	-0.469102
2.37347	-0.47229
2.39942	-0.475376
2.42565	-0.478359
2.45217	-0.481236
2.47898	-0.484004
2.50609	-0.486663
2.53349	-0.489209
2.56119	-0.491641
2.58919	-0.493958
2.6175	-0.496156
2.64612	-0.498235
2.67505	-0.500192
2.7043	-0.502026
2.73387	-0.503735
2.76376	-0.505317
2.79398	-0.506771
2.82453	-0.508095
2.85541	-0.509288
2.88663	-0.510349
2.91819	-0.511275
2.9501	-0.512067
2.98236	-0.512722
3.01496	-0.51324
3.04793	-0.513619
3.08125	-0.513859
3.11494	-0.513959
3.149	-0.513918
3.18343	-0.513736
3.21824	-0.513411
3.25343	-0.512944
3.289	-0.512334
3.32496	-0.51158
3.36131	-0.510683
3.39806	-0.509642
3.43522	-0.508458
3.47278	-0.507131
3.51075	-0.50566
3.54913	-0.504046
3.58794	-0.50229
3.62717	-0.500393
3.66683	-0.498354
3.70692	-0.496174
3.74745	-0.493856
3.78842	-0.491398
3.82985	-0.488804
3.87172	-0.486073
3.91405	-0.483207
3.95685	-0.480208
4.00011	-0.477078
4.04385	-0.473817
4.08806	-0.470428
4.13276	-0.466913
4.17795	-0.463274
4.22363	-0.459512
4.26981	-0.45563
4.31649	-0.451631
4.36369	-0.447517
4.4114	-0.443291
4.45963	-0.438954
4.50839	-0.43451
4.55768	-0.429963
4.60752	-0.425314
4.65789	-0.420567
4.70882	-0.415725
4.76031	-0.410791
4.81236	-0.40577
4.86497	-0.400663
4.91817	-0.395475
4.97194	-0.390209
5.0263	-0.384868
5.08126	-0.379458
5.13681	-0.373981
5.19298	-0.368441
5.24976	-0.362842
5.30716	-0.357188
5.36518	-0.351484
5.42385	-0.345733
5.48315	-0.339939
5.5431	-0.334106
5.60371	-0.328239
5.66498	-0.322342
5.72692	-0.316418
5.78953	-0.310473
5.85283	-0.30451
5.91683	-0.298534
5.98152	-0.292548
6.04692	-0.286558
6.11304	-0.280566
6.17987	-0.274578
6.24744	-0.268597
6.31575	-0.262628
6.38481	-0.256674
6.45461	-0.25074
6.52519	-0.244829
6.59653	-0.238945
6.66866	-0.233093
6.74157	-0.227275
6.81528	-0.221497
6.8898	-0.21576
6.96513	-0.210069
7.04128	-0.204427
7.11827	-0.198837
7.1961	-0.193304
7.27478	-0.187829
7.35432	-0.182415
7.43473	-0.177067
7.51602	-0.171786
7.5982	-0.166575
7.68128	-0.161436
7.76526	-0.156373
7.85016	-0.151387
7.936	-0.146481
8.02277	-0.141656
8.11048	-0.136915
8.19916	-0.132259
8.28881	-0.127689
8.37944	-0.123208
8.47106	-0.118816
8.56368	-0.114516
8.65731	-0.110306
8.75197	-0.10619
8.84766	-0.102167
8.9444	-0.0982387
9.04219	-0.0944046
9.14106	-0.0906656
9.241	-0.0870219
9.34204	-0.0834734
9.44418	-0.0800203
9.54744	-0.0766624
9.65183	-0.0733994
9.75736	-0.070231
9.86405	-0.0671566
9.9719	-0.0641755
10.0809	-0.0612872
10.1912	-0.0584908
10.3026	-0.0557853
10.4152	-0.0531698
10.5291	-0.0506431
10.6442	-0.0482041
10.7606	-0.0458514
10.8783	-0.0435838
10.9972	-0.0413999
11.1174	-0.039298
11.239	-0.0372768
11.3619	-0.0353345
11.4861	-0.0334697
11.6117	-0.0316804
11.7387	-0.0299651
11.867	-0.028322
11.9968	-0.0267492
12.1279	-0.025245
12.2605	-0.0238074
12.3946	-0.0224347
12.5301	-0.0211248
12.6671	-0.0198761
12.8056	-0.0186864
12.9456	-0.017554
13.0872	-0.016477
13.2302	-0.0154535
13.3749	-0.0144815
13.5211	-0.0135593
13.669	-0.012685
13.8184	-0.0118567
13.9695	-0.0110727
14.1223	-0.0103312
14.2767	-0.00963038
14.4328	-0.00896857
14.5906	-0.00834405
14.7501	-0.00775516
14.9114	-0.00720027
15.0744	-0.00667777
15.2392	-0.00618611
15.4058	-0.00572375
15.5743	-0.00528919
15.7446	-0.00488099
15.9167	-0.00449772
16.0907	-0.00413799
16.2667	-0.00380045
16.4445	-0.00348379
16.6243	-0.00318671
16.8061	-0.00290798
16.9899	-0.00264635
17.1756	-0.00240065
17.3634	-0.0021697
17.5533	-0.00195235
17.7452	-0.00174747
17.9392	-0.00155395
18.1353	-0.0013707
18.3336	-0.00119661
18.5341	-0.0010306
18.7367	-0.000871572
18.9416	-0.000718411
19.1487	-0.000569995
19.3581	-0.000425166
19.5697	-0.00028273
19.7837	-0.000141444
